26716.00 26247.00 27242.00 
26795.00 26369.00 27199.00 
26887.00 26036.00 27327.00 
26887.00 26152.00 27285.00 
26929.00 26339.00 27105.00 
26964.00 26193.00 27157.00 
26996.00 26481.00 27005.00 
27007.00 26052.00 27260.00 
27021.00 25964.00 27336.00 
27080.00 26246.00 27049.00 
27082.00 26149.00 27245.00 
27120.00 26383.00 27039.00 
27134.00 26015.00 27290.00 
27139.00 25628.00 27498.00 
27144.00 25892.00 27412.00 
27145.00 26660.00 26898.00 
27149.00 26546.00 26763.00 
27150.00 26522.00 26910.00 
27156.00 26183.00 27147.00 
27182.00 26674.00 26752.00 
27204.00 26807.00 26659.00 
27220.00 25752.00 27382.00 
27242.00 26227.00 27095.00 
27246.00 25861.00 27323.00 
27255.00 26104.00 27209.00 
27267.00 26053.00 27064.00 
27268.00 26322.00 27015.00 
27276.00 26605.00 26713.00 
27277.00 25918.00 27226.00 
27290.00 26442.00 26858.00 
27293.00 25696.00 27225.00 
27297.00 26292.00 26848.00 
27362.00 26117.00 27042.00 
27364.00 26525.00 26721.00 
27376.00 26291.00 26923.00 
27379.00 26035.00 27170.00 
27392.00 25632.00 27323.00 
27404.00 25811.00 27186.00 
27405.00 26667.00 26664.00 
27407.00 25919.00 27119.00 
27421.00 26000.00 27028.00 
27429.00 25686.00 27207.00 
27430.00 26237.00 26803.00 
27440.00 26186.00 27015.00 
27467.00 26681.00 26501.00 
27480.00 26045.00 26913.00 
27492.00 25788.00 27117.00 
27494.00 26484.00 26719.00 
27507.00 26319.00 26774.00 
27514.00 26347.00 26610.00 
27554.00 26614.00 26594.00 
27555.00 25685.00 27184.00 
27581.00 25586.00 27127.00 
27593.00 25983.00 26963.00 
27594.00 26456.00 26600.00 
27603.00 25848.00 27103.00 
27603.00 26123.00 26896.00 
27610.00 26661.00 26399.00 
27616.00 26054.00 26756.00 
27617.00 26218.00 26755.00 
27618.00 26580.00 26501.00 
27628.00 26567.00 26313.00 
27634.00 26198.00 26595.00 
27646.00 25697.00 27108.00 
27669.00 25860.00 26979.00 
27714.00 25586.00 26988.00 
27717.00 26293.00 26561.00 
27717.00 26390.00 26441.00 
27719.00 26573.00 26179.00 
27727.00 25936.00 26840.00 
27736.00 26152.00 26644.00 
27742.00 26194.00 26512.00 
27744.00 26004.00 26657.00 
27772.00 25822.00 26886.00 
27775.00 26499.00 26305.00 
27787.00 25704.00 26893.00 
27806.00 26447.00 26395.00 
27855.00 26231.00 26484.00 
27860.00 25620.00 26881.00 
27872.00 26047.00 26571.00 
27877.00 25937.00 26729.00 
27878.00 26322.00 26385.00 
27879.00 25937.00 26612.00 
27881.00 25802.00 26862.00 
27905.00 26368.00 26217.00 
27911.00 26106.00 26410.00 
27927.00 26206.00 26287.00 
27928.00 25731.00 26756.00 
27937.00 25625.00 26731.00 
27962.00 25831.00 26692.00 
27965.00 26045.00 26509.00 
27970.00 25885.00 26598.00 
27975.00 25821.00 26453.00 
28023.00 25556.00 26535.00 
28042.00 26131.00 26386.00 
28043.00 26302.00 26270.00 
28055.00 25969.00 26396.00 
28083.00 25758.00 26402.00 
28089.00 25940.00 26304.00 
28151.00 25704.00 26292.00 
27412.00 26675.00 26456.00 
27442.00 26406.00 26639.00 
27458.00 26648.00 26570.00 
27461.00 26539.00 26574.00 
27503.00 26542.00 26557.00 
27505.00 26778.00 26423.00 
27515.00 26673.00 26540.00 
27517.00 26512.00 26595.00 
27523.00 26768.00 26406.00 
27525.00 26727.00 26394.00 
27532.00 26556.00 26554.00 
27540.00 26416.00 26608.00 
27556.00 26642.00 26520.00 
27566.00 26666.00 26431.00 
27568.00 26456.00 26584.00 
27569.00 26358.00 26717.00 
27573.00 26592.00 26520.00 
27577.00 26367.00 26661.00 
27581.00 26402.00 26655.00 
27585.00 26706.00 26389.00 
27588.00 26387.00 26600.00 
27593.00 26553.00 26512.00 
27596.00 26858.00 26260.00 
27597.00 26833.00 26283.00 
27610.00 26293.00 26610.00 
27616.00 26666.00 26416.00 
27616.00 26908.00 26176.00 
27617.00 26360.00 26604.00 
27623.00 26952.00 26135.00 
27626.00 26691.00 26408.00 
27629.00 26804.00 26370.00 
27635.00 26628.00 26414.00 
27642.00 26545.00 26550.00 
27646.00 26844.00 26218.00 
27650.00 26467.00 26564.00 
27661.00 26811.00 26276.00 
27670.00 26700.00 26399.00 
27672.00 26894.00 26192.00 
27679.00 26276.00 26667.00 
27687.00 26627.00 26508.00 
27696.00 26764.00 26373.00 
27697.00 26907.00 26172.00 
27699.00 26594.00 26394.00 
27713.00 26926.00 26156.00 
27714.00 26879.00 26041.00 
27716.00 26453.00 26570.00 
27717.00 26725.00 26345.00 
27727.00 26609.00 26335.00 
27732.00 26805.00 26167.00 
27733.00 26418.00 26549.00 
27740.00 26902.00 25987.00 
27752.00 26722.00 26325.00 
27770.00 26860.00 26100.00 
27770.00 26878.00 25963.00 
27772.00 26405.00 26591.00 
27777.00 26587.00 26461.00 
27777.00 26835.00 26017.00 
27779.00 26749.00 26264.00 
27784.00 26756.00 26175.00 
27785.00 26549.00 26546.00 
27785.00 26779.00 26155.00 
27787.00 26822.00 26006.00 
27793.00 26759.00 26033.00 
27797.00 26379.00 26489.00 
27798.00 26695.00 26203.00 
27799.00 26158.00 26594.00 
27799.00 26687.00 26279.00 
27801.00 26592.00 26304.00 
27802.00 26728.00 26113.00 
27810.00 26821.00 25889.00 
27812.00 26815.00 25909.00 
27817.00 26552.00 26415.00 
27817.00 26694.00 26218.00 
27823.00 26460.00 26381.00 
27824.00 26675.00 26191.00 
27827.00 26410.00 26371.00 
27830.00 26725.00 26184.00 
27831.00 26321.00 26539.00 
27831.00 26743.00 26045.00 
27839.00 26347.00 26455.00 
27840.00 26210.00 26473.00 
27843.00 26478.00 26368.00 
27857.00 26154.00 26523.00 
27866.00 26447.00 26361.00 
27866.00 26812.00 25969.00 
27869.00 26749.00 25853.00 
27872.00 26699.00 26093.00 
27879.00 26743.00 26010.00 
27886.00 26489.00 26302.00 
27892.00 26499.00 26298.00 
27895.00 26400.00 26337.00 
27898.00 26697.00 26090.00 
27905.00 26677.00 25797.00 
27922.00 26623.00 26290.00 
27923.00 26619.00 26206.00 
27942.00 26590.00 25937.00 
27972.00 26333.00 26383.00 
27980.00 26545.00 26266.00 
26881.00 26549.00 27104.00 
26904.00 26867.00 26739.00 
26911.00 26665.00 26998.00 
26959.00 26787.00 26885.00 
27002.00 26332.00 27095.00 
27016.00 27008.00 26405.00 
27043.00 26140.00 27142.00 
27045.00 26918.00 26650.00 
27050.00 26776.00 26987.00 
27060.00 26702.00 26894.00 
27080.00 26555.00 27008.00 
27140.00 26433.00 27064.00 
27141.00 27022.00 26320.00 
27171.00 26590.00 26975.00 
27177.00 26744.00 26757.00 
27186.00 26929.00 26525.00 
27203.00 26321.00 27088.00 
27205.00 26988.00 26158.00 
27217.00 26677.00 26849.00 
27218.00 26822.00 26621.00 
27264.00 26528.00 26879.00 
27266.00 26021.00 27172.00 
27268.00 26214.00 27062.00 
27285.00 26387.00 26990.00 
27300.00 26679.00 26686.00 
27314.00 26912.00 26399.00 
27338.00 26864.00 26540.00 
27348.00 26520.00 26720.00 
27351.00 26910.00 26250.00 
27383.00 26964.00 26115.00 
27395.00 26768.00 26667.00 
27397.00 26486.00 26877.00 
27403.00 26645.00 26717.00 
27414.00 26266.00 26977.00 
27436.00 26374.00 26952.00 
27436.00 26869.00 26392.00 
27440.00 26662.00 26600.00 
27457.00 26796.00 26293.00 
27472.00 25979.00 27162.00 
27477.00 26193.00 27010.00 
27502.00 26294.00 26934.00 
27520.00 26739.00 26547.00 
27523.00 26443.00 26829.00 
27524.00 26360.00 26735.00 
27527.00 26527.00 26703.00 
27547.00 26913.00 26126.00 
27571.00 26775.00 26365.00 
27587.00 26172.00 26903.00 
27589.00 26674.00 26412.00 
27592.00 25937.00 27087.00 
27596.00 26802.00 26258.00 
27619.00 26141.00 27063.00 
27631.00 26302.00 26828.00 
27662.00 26644.00 26555.00 
27663.00 26367.00 26730.00 
27679.00 26534.00 26593.00 
27705.00 26660.00 26345.00 
27715.00 26473.00 26728.00 
27717.00 25804.00 26991.00 
27717.00 26122.00 26928.00 
27719.00 25950.00 26918.00 
27737.00 26829.00 26232.00 
27749.00 26313.00 26645.00 
27779.00 26427.00 26575.00 
27784.00 26669.00 26166.00 
27789.00 26191.00 26798.00 
27793.00 25817.00 26900.00 
27800.00 26521.00 26443.00 
27833.00 26664.00 26317.00 
27838.00 25923.00 26780.00 
27867.00 26252.00 26645.00 
27885.00 26333.00 26537.00 
27895.00 26589.00 26093.00 
27897.00 26012.00 26591.00 
27897.00 26173.00 26513.00 
27898.00 25736.00 26751.00 
27906.00 26520.00 26327.00 
27967.00 25964.00 26713.00 
27980.00 26514.00 26179.00 
27985.00 25936.00 26600.00 
27987.00 26440.00 26461.00 
28004.00 26275.00 26481.00 
28005.00 26134.00 26583.00 
28006.00 25849.00 26643.00 
28022.00 26466.00 26314.00 
28023.00 25933.00 26483.00 
28035.00 25813.00 26448.00 
28046.00 26352.00 26369.00 
28047.00 25745.00 26560.00 
28057.00 26082.00 26439.00 
28087.00 26381.00 26215.00 
28112.00 26192.00 26373.00 
28136.00 25966.00 26443.00 
28144.00 26056.00 26338.00 
28148.00 25921.00 26323.00 
28158.00 26277.00 26245.00 
28164.00 26150.00 26178.00 
28227.00 25852.00 26346.00 
28227.00 25985.00 26227.00 
28243.00 25964.00 26090.00 
26909.00 26775.00 26987.00 
26923.00 26989.00 26766.00 
26926.00 26849.00 26885.00 
26992.00 27013.00 26658.00 
26999.00 26771.00 26834.00 
27017.00 26871.00 26705.00 
27033.00 26696.00 27068.00 
27037.00 26760.00 26911.00 
27043.00 26609.00 26998.00 
27045.00 26552.00 27143.00 
27071.00 26846.00 26807.00 
27103.00 27090.00 26595.00 
27104.00 26761.00 26832.00 
27135.00 26689.00 26974.00 
27161.00 26897.00 26699.00 
27182.00 26720.00 26841.00 
27197.00 26613.00 26901.00 
27207.00 26495.00 27109.00 
27214.00 26806.00 26780.00 
27223.00 26815.00 26675.00 
27264.00 26985.00 26642.00 
27265.00 26603.00 26998.00 
27277.00 26280.00 27228.00 
27311.00 26529.00 26924.00 
27316.00 27041.00 26497.00 
27322.00 26169.00 27298.00 
27322.00 26433.00 27209.00 
27323.00 26961.00 26406.00 
27325.00 26703.00 26734.00 
27339.00 26478.00 27024.00 
27343.00 26946.00 26555.00 
27351.00 26968.00 26286.00 
27357.00 26818.00 26623.00 
27360.00 26218.00 27185.00 
27362.00 26336.00 27092.00 
27362.00 26625.00 26847.00 
27378.00 26378.00 27009.00 
27379.00 26252.00 27080.00 
27385.00 26890.00 26429.00 
27386.00 26523.00 26974.00 
27396.00 26424.00 26918.00 
27401.00 26588.00 26910.00 
27401.00 26851.00 26525.00 
27414.00 26519.00 26836.00 
27425.00 26612.00 26786.00 
27443.00 26705.00 26566.00 
27447.00 26278.00 26980.00 
27450.00 26694.00 26760.00 
27463.00 26349.00 26947.00 
27469.00 26228.00 27100.00 
27469.00 26616.00 26663.00 
27470.00 26331.00 26862.00 
27479.00 26155.00 27233.00 
27487.00 26047.00 27257.00 
27490.00 26949.00 26420.00 
27493.00 26882.00 26489.00 
27496.00 26847.00 26398.00 
27511.00 26718.00 26512.00 
27527.00 26497.00 26848.00 
27533.00 26243.00 26918.00 
27547.00 26354.00 26822.00 
27554.00 26566.00 26757.00 
27565.00 26123.00 27130.00 
27587.00 26226.00 27076.00 
27596.00 26279.00 26812.00 
27602.00 26658.00 26655.00 
27611.00 26108.00 27027.00 
27615.00 26264.00 26882.00 
27629.00 26165.00 26822.00 
27635.00 25981.00 27122.00 
27650.00 26800.00 26497.00 
27662.00 26672.00 26518.00 
27663.00 26488.00 26786.00 
27670.00 26487.00 26542.00 
27682.00 26417.00 26574.00 
27694.00 26405.00 26794.00 
27698.00 26761.00 26369.00 
27700.00 26380.00 26642.00 
27705.00 26266.00 26786.00 
27711.00 26600.00 26443.00 
27730.00 26112.00 26897.00 
27742.00 26674.00 26366.00 
27745.00 26602.00 26353.00 
27770.00 26335.00 26774.00 
27782.00 26520.00 26462.00 
27784.00 26586.00 26260.00 
27824.00 26386.00 26632.00 
27834.00 26186.00 26795.00 
27841.00 25983.00 26959.00 
27846.00 26481.00 26354.00 
27869.00 25968.00 26768.00 
27939.00 26477.00 26568.00 
27942.00 26308.00 26704.00 
27947.00 26500.00 26245.00 
27948.00 26351.00 26394.00 
27966.00 26255.00 26635.00 
28003.00 26191.00 26503.00 
28003.00 26489.00 26344.00 
28015.00 26132.00 26245.00 
28092.00 26091.00 26461.00 
27260.00 26611.00 27136.00 
27261.00 26269.00 27527.00 
27354.00 26558.00 27279.00 
27367.00 26245.00 27536.00 
27370.00 26319.00 27491.00 
27393.00 26452.00 27326.00 
27410.00 26437.00 27386.00 
27411.00 26388.00 27464.00 
27413.00 26055.00 27506.00 
27439.00 26199.00 27415.00 
27488.00 26821.00 27031.00 
27496.00 26655.00 27127.00 
27512.00 26391.00 27366.00 
27514.00 26133.00 27498.00 
27529.00 26492.00 27286.00 
27558.00 26304.00 27389.00 
27570.00 26162.00 27372.00 
27582.00 26746.00 27063.00 
27583.00 26420.00 27275.00 
27594.00 26661.00 27016.00 
27600.00 26108.00 27431.00 
27610.00 26603.00 27263.00 
27616.00 26387.00 27231.00 
27616.00 26544.00 27161.00 
27617.00 26544.00 27052.00 
27623.00 26420.00 27144.00 
27639.00 26251.00 27248.00 
27647.00 26192.00 27284.00 
27657.00 26125.00 27321.00 
27677.00 26351.00 27188.00 
27678.00 26793.00 26827.00 
27685.00 26489.00 27078.00 
27687.00 26588.00 27019.00 
27697.00 26774.00 26919.00 
27700.00 26068.00 27473.00 
27701.00 26408.00 27159.00 
27716.00 25967.00 27396.00 
27717.00 26301.00 27220.00 
27718.00 26409.00 27091.00 
27723.00 26470.00 27020.00 
27742.00 26085.00 27336.00 
27744.00 26205.00 27280.00 
27754.00 26530.00 26954.00 
27761.00 25907.00 27330.00 
27761.00 26218.00 27128.00 
27764.00 25889.00 27399.00 
27770.00 26724.00 26869.00 
27771.00 26324.00 27127.00 
27772.00 26395.00 27007.00 
27785.00 26391.00 27097.00 
27804.00 26076.00 27215.00 
27807.00 26003.00 27301.00 
27820.00 25870.00 27342.00 
27822.00 26686.00 26898.00 
27823.00 26173.00 27206.00 
27830.00 26222.00 27104.00 
27832.00 26625.00 26934.00 
27845.00 25914.00 27289.00 
27851.00 25808.00 27243.00 
27852.00 26414.00 26974.00 
27853.00 26580.00 26739.00 
27870.00 26450.00 26918.00 
27874.00 26564.00 26820.00 
27889.00 26326.00 26993.00 
27893.00 26074.00 27161.00 
27893.00 26304.00 27060.00 
27901.00 25991.00 27213.00 
27901.00 26496.00 26833.00 
27902.00 26223.00 26963.00 
27912.00 26423.00 26772.00 
27925.00 26378.00 26878.00 
27942.00 26190.00 27100.00 
27947.00 26315.00 26955.00 
27962.00 26622.00 26738.00 
27966.00 26389.00 26810.00 
27969.00 26109.00 27131.00 
27973.00 26017.00 27181.00 
27974.00 26441.00 26711.00 
27979.00 26222.00 26923.00 
27981.00 26125.00 27036.00 
27982.00 25889.00 27241.00 
27985.00 25952.00 27131.00 
27989.00 26183.00 27004.00 
27997.00 25815.00 27215.00 
28011.00 26140.00 26877.00 
28012.00 26113.00 26935.00 
28024.00 26004.00 26996.00 
28034.00 26212.00 26875.00 
28035.00 26413.00 26692.00 
28039.00 26369.00 26788.00 
28041.00 26309.00 26709.00 
28042.00 26453.00 26633.00 
28047.00 25909.00 27019.00 
28047.00 26284.00 26846.00 
28051.00 25828.00 27026.00 
28053.00 25904.00 26927.00 
28072.00 26057.00 26894.00 
28116.00 26448.00 26674.00 
28132.00 25887.00 26879.00 
28145.00 26274.00 26853.00 
26969.00 26477.00 27251.00 
27001.00 26557.00 27248.00 
27028.00 26598.00 27148.00 
27035.00 26423.00 27413.00 
27056.00 25833.00 27585.00 
27059.00 26672.00 27057.00 
27068.00 26819.00 26695.00 
27115.00 26281.00 27400.00 
27122.00 26505.00 27180.00 
27148.00 26239.00 27491.00 
27159.00 26791.00 26862.00 
27170.00 26471.00 27304.00 
27172.00 26680.00 26925.00 
27196.00 26810.00 26660.00 
27207.00 26617.00 27057.00 
27209.00 26159.00 27520.00 
27228.00 26749.00 26899.00 
27230.00 26404.00 27228.00 
27234.00 26524.00 27077.00 
27248.00 26246.00 27410.00 
27256.00 26605.00 26949.00 
27266.00 26369.00 27393.00 
27270.00 26325.00 27299.00 
27279.00 26199.00 27473.00 
27287.00 26887.00 26627.00 
27290.00 26089.00 27532.00 
27299.00 26746.00 26676.00 
27316.00 26124.00 27408.00 
27340.00 26447.00 27187.00 
27342.00 26805.00 26572.00 
27343.00 26578.00 26945.00 
27366.00 26271.00 27333.00 
27375.00 26740.00 26912.00 
27376.00 26349.00 27222.00 
27378.00 26006.00 27519.00 
27381.00 26704.00 26725.00 
27385.00 26492.00 27070.00 
27399.00 26788.00 26460.00 
27417.00 26240.00 27404.00 
27426.00 26567.00 26944.00 
27430.00 26702.00 26553.00 
27437.00 26096.00 27318.00 
27452.00 26697.00 26441.00 
27455.00 26051.00 27442.00 
27470.00 26675.00 26840.00 
27500.00 26283.00 27257.00 
27508.00 25977.00 27527.00 
27509.00 26362.00 27109.00 
27509.00 26797.00 26376.00 
27510.00 26486.00 27081.00 
27517.00 26442.00 26829.00 
27520.00 26641.00 26574.00 
27524.00 26750.00 26285.00 
27532.00 26042.00 27412.00 
27532.00 26110.00 27315.00 
27547.00 26681.00 26391.00 
27564.00 26355.00 27180.00 
27564.00 26394.00 26987.00 
27586.00 26637.00 26654.00 
27601.00 26672.00 26263.00 
27608.00 26296.00 26977.00 
27622.00 26283.00 27060.00 
27627.00 26587.00 26458.00 
27633.00 25994.00 27324.00 
27638.00 26349.00 26907.00 
27652.00 26205.00 27162.00 
27668.00 26664.00 26431.00 
27683.00 26595.00 26361.00 
27691.00 26572.00 26597.00 
27704.00 26622.00 26270.00 
27723.00 26233.00 26913.00 
27724.00 26014.00 27277.00 
27724.00 26099.00 27258.00 
27757.00 25993.00 27172.00 
27772.00 26535.00 26446.00 
27775.00 26595.00 26360.00 
27792.00 26479.00 26823.00 
27794.00 26350.00 26880.00 
27798.00 26548.00 26081.00 
27811.00 26227.00 26823.00 
27841.00 26499.00 26311.00 
27851.00 26159.00 27060.00 
27855.00 25911.00 27028.00 
27860.00 26447.00 26666.00 
27875.00 26413.00 26490.00 
27877.00 26293.00 26609.00 
27878.00 26201.00 26693.00 
27881.00 26430.00 26395.00 
27897.00 26068.00 26944.00 
27915.00 26296.00 26451.00 
27953.00 26317.00 26310.00 
27956.00 26121.00 26887.00 
27962.00 26042.00 26775.00 
27982.00 26205.00 26535.00 
27994.00 26272.00 26198.00 
28020.00 26149.00 26639.00 
28036.00 26106.00 26427.00 
28037.00 26228.00 26328.00 
28054.00 26060.00 26649.00 
28066.00 26062.00 26564.00 
26638.00 26805.00 26800.00 
26723.00 26595.00 26950.00 
26742.00 26932.00 26590.00 
26779.00 26712.00 26937.00 
26818.00 26291.00 27197.00 
26857.00 26543.00 27043.00 
26866.00 26079.00 27215.00 
26866.00 27138.00 26399.00 
26894.00 26725.00 26822.00 
26895.00 26444.00 26944.00 
26920.00 26204.00 27102.00 
26927.00 26409.00 27096.00 
26971.00 26984.00 26524.00 
27020.00 26804.00 26737.00 
27021.00 26923.00 26673.00 
27039.00 26001.00 27295.00 
27039.00 27188.00 26224.00 
27041.00 27071.00 26336.00 
27048.00 26136.00 27152.00 
27058.00 27121.00 26043.00 
27072.00 26688.00 26736.00 
27073.00 26420.00 26978.00 
27089.00 26579.00 26891.00 
27098.00 26311.00 27072.00 
27122.00 25775.00 27335.00 
27125.00 26463.00 26840.00 
27147.00 26983.00 26466.00 
27155.00 27117.00 26267.00 
27184.00 26666.00 26796.00 
27192.00 26224.00 27032.00 
27209.00 26899.00 26616.00 
27213.00 26082.00 27124.00 
27231.00 25806.00 27265.00 
27231.00 26916.00 26372.00 
27235.00 26572.00 26710.00 
27243.00 26733.00 26676.00 
27247.00 27054.00 26366.00 
27251.00 27108.00 25950.00 
27272.00 27051.00 26099.00 
27274.00 26695.00 26535.00 
27277.00 26413.00 26739.00 
27327.00 26068.00 27074.00 
27336.00 27004.00 26196.00 
27342.00 26222.00 27001.00 
27367.00 27037.00 25993.00 
27372.00 26024.00 27224.00 
27381.00 26618.00 26667.00 
27385.00 26896.00 26427.00 
27386.00 25758.00 27171.00 
27392.00 26401.00 26851.00 
27417.00 26597.00 26525.00 
27425.00 27020.00 25850.00 
27426.00 26870.00 26266.00 
27445.00 26425.00 26705.00 
27470.00 26918.00 26005.00 
27471.00 26033.00 27046.00 
27478.00 26268.00 26988.00 
27498.00 26378.00 26924.00 
27518.00 26549.00 26641.00 
27524.00 26521.00 26505.00 
27535.00 25818.00 27085.00 
27545.00 26651.00 26475.00 
27568.00 26221.00 26863.00 
27569.00 26398.00 26816.00 
27573.00 26811.00 26315.00 
27636.00 26087.00 26810.00 
27647.00 26942.00 25956.00 
27657.00 26801.00 26223.00 
27664.00 26510.00 26571.00 
27682.00 25960.00 26954.00 
27682.00 26849.00 26077.00 
27684.00 26502.00 26437.00 
27685.00 26378.00 26583.00 
27722.00 26245.00 26782.00 
27725.00 26632.00 26266.00 
27749.00 26788.00 25965.00 
27753.00 26742.00 26137.00 
27763.00 26254.00 26588.00 
27771.00 25931.00 26810.00 
27786.00 26444.00 26359.00 
27790.00 26098.00 26593.00 
27802.00 26078.00 26732.00 
27812.00 26614.00 26001.00 
27821.00 25939.00 26683.00 
27888.00 26222.00 26509.00 
27904.00 26413.00 26488.00 
27912.00 26604.00 26301.00 
27919.00 26627.00 25928.00 
27925.00 26383.00 26348.00 
27944.00 26014.00 26681.00 
27971.00 26494.00 26240.00 
27978.00 26180.00 26592.00 
28001.00 26444.00 25979.00 
28024.00 26279.00 26399.00 
28025.00 26083.00 26481.00 
28040.00 26355.00 26269.00 
28045.00 25988.00 26603.00 
28078.00 26270.00 26136.00 
28089.00 26173.00 26337.00 
28180.00 26088.00 26394.00 
26886.00 27138.00 26748.00 
26888.00 26944.00 27081.00 
26896.00 26995.00 26999.00 
26916.00 26768.00 27258.00 
26944.00 27108.00 26823.00 
26958.00 27033.00 26899.00 
26995.00 26924.00 27077.00 
26998.00 26744.00 27274.00 
27006.00 26909.00 27212.00 
27012.00 26795.00 27151.00 
27014.00 26997.00 26991.00 
27051.00 27006.00 26921.00 
27058.00 26763.00 27232.00 
27069.00 26675.00 27310.00 
27077.00 26623.00 27371.00 
27089.00 26971.00 27064.00 
27097.00 26861.00 27035.00 
27101.00 27050.00 26811.00 
27108.00 26838.00 27127.00 
27108.00 27093.00 26685.00 
27137.00 26495.00 27382.00 
27142.00 26927.00 26996.00 
27165.00 26730.00 27241.00 
27184.00 26604.00 27300.00 
27188.00 26346.00 27335.00 
27199.00 27013.00 26782.00 
27202.00 26993.00 26924.00 
27205.00 26994.00 26665.00 
27209.00 26809.00 27147.00 
27217.00 26790.00 27017.00 
27229.00 27111.00 26619.00 
27233.00 26564.00 27249.00 
27243.00 26927.00 26976.00 
27259.00 26942.00 26854.00 
27266.00 26336.00 27341.00 
27277.00 26841.00 26948.00 
27281.00 26715.00 27216.00 
27290.00 27040.00 26495.00 
27297.00 26759.00 27068.00 
27299.00 26627.00 27198.00 
27303.00 26506.00 27318.00 
27313.00 26629.00 27033.00 
27317.00 26969.00 26632.00 
27322.00 26906.00 26800.00 
27331.00 26737.00 26974.00 
27341.00 26561.00 27267.00 
27362.00 26445.00 27241.00 
27366.00 26593.00 27128.00 
27374.00 26344.00 27236.00 
27378.00 26869.00 26909.00 
27389.00 26951.00 26461.00 
27414.00 26640.00 27004.00 
27414.00 26761.00 26920.00 
27424.00 26891.00 26799.00 
27432.00 26466.00 27155.00 
27441.00 26621.00 27089.00 
27443.00 26946.00 26692.00 
27469.00 26339.00 27262.00 
27473.00 26830.00 26887.00 
27499.00 26539.00 27119.00 
27506.00 26838.00 26622.00 
27507.00 26652.00 26983.00 
27520.00 26782.00 26770.00 
27523.00 26474.00 27147.00 
27524.00 26423.00 27224.00 
27526.00 26763.00 26846.00 
27528.00 26506.00 27051.00 
27534.00 26735.00 26934.00 
27541.00 26599.00 26907.00 
27551.00 26266.00 27165.00 
27557.00 26577.00 27021.00 
27561.00 26438.00 27068.00 
27586.00 26787.00 26659.00 
27594.00 26366.00 27021.00 
27615.00 26190.00 27097.00 
27623.00 26557.00 26919.00 
27625.00 26658.00 26862.00 
27627.00 26507.00 27008.00 
27635.00 26792.00 26551.00 
27641.00 26736.00 26798.00 
27648.00 26308.00 27013.00 
27661.00 26702.00 26700.00 
27662.00 26172.00 26991.00 
27675.00 26447.00 26927.00 
27679.00 26257.00 26915.00 
27689.00 26775.00 26690.00 
27692.00 26690.00 26598.00 
27719.00 26575.00 26904.00 
27731.00 26731.00 26550.00 
27757.00 26683.00 26811.00 
27768.00 26193.00 26871.00 
27770.00 26525.00 26796.00 
27770.00 26604.00 26780.00 
27785.00 26338.00 26859.00 
27806.00 26646.00 26591.00 
27812.00 26445.00 26796.00 
27815.00 26312.00 26671.00 
27815.00 26524.00 26653.00 
27849.00 26500.00 26570.00 
27894.00 26401.00 26660.00 
26776.00 26842.00 26842.00 
26820.00 26761.00 26914.00 
26829.00 26646.00 27134.00 
26829.00 26785.00 26774.00 
26859.00 26730.00 27033.00 
26897.00 26781.00 26862.00 
26919.00 26567.00 27160.00 
26928.00 26704.00 26914.00 
26943.00 26701.00 27014.00 
26960.00 26877.00 26629.00 
26961.00 26912.00 26465.00 
26962.00 26481.00 27137.00 
26980.00 26629.00 27124.00 
26993.00 26373.00 27182.00 
26994.00 26459.00 27073.00 
27021.00 26661.00 27002.00 
27027.00 26687.00 26929.00 
27039.00 26866.00 26740.00 
27049.00 26589.00 27019.00 
27071.00 26365.00 27185.00 
27087.00 26834.00 26629.00 
27091.00 26669.00 26874.00 
27095.00 26758.00 26808.00 
27110.00 26374.00 27117.00 
27120.00 26424.00 27084.00 
27140.00 26652.00 27007.00 
27173.00 26306.00 27105.00 
27174.00 26586.00 26908.00 
27186.00 26512.00 27060.00 
27198.00 26547.00 26961.00 
27201.00 26727.00 26793.00 
27202.00 26843.00 26561.00 
27206.00 26945.00 26424.00 
27210.00 26469.00 26952.00 
27246.00 26811.00 26760.00 
27251.00 26734.00 26715.00 
27278.00 26221.00 27107.00 
27280.00 26341.00 27097.00 
27285.00 26919.00 26450.00 
27286.00 26818.00 26492.00 
27287.00 26687.00 26749.00 
27300.00 26755.00 26607.00 
27321.00 26590.00 26788.00 
27328.00 26458.00 27073.00 
27328.00 26916.00 26168.00 
27348.00 26282.00 26981.00 
27368.00 26583.00 26690.00 
27377.00 26747.00 26525.00 
27384.00 26677.00 26589.00 
27387.00 26908.00 26376.00 
27394.00 26568.00 26948.00 
27413.00 26868.00 26476.00 
27416.00 26364.00 26929.00 
27416.00 26683.00 26528.00 
27431.00 26891.00 26242.00 
27434.00 26526.00 26856.00 
27447.00 26466.00 26797.00 
27451.00 26353.00 26843.00 
27453.00 26825.00 26358.00 
27454.00 26749.00 26482.00 
27468.00 26213.00 26970.00 
27475.00 26291.00 26926.00 
27479.00 26222.00 26888.00 
27495.00 26786.00 26426.00 
27504.00 26209.00 26826.00 
27506.00 26814.00 26277.00 
27508.00 26882.00 26145.00 
27516.00 26671.00 26685.00 
27551.00 26431.00 26799.00 
27565.00 26810.00 26396.00 
27581.00 26733.00 26427.00 
27584.00 26569.00 26641.00 
27591.00 26632.00 26610.00 
27603.00 26329.00 26817.00 
27605.00 26262.00 26803.00 
27608.00 26576.00 26524.00 
27617.00 26676.00 26514.00 
27630.00 26590.00 26417.00 
27635.00 26530.00 26738.00 
27644.00 26369.00 26742.00 
27651.00 26487.00 26571.00 
27652.00 26341.00 26667.00 
27654.00 26420.00 26612.00 
27679.00 26785.00 26413.00 
27703.00 26241.00 26724.00 
27703.00 26446.00 26534.00 
27750.00 26383.00 26519.00 
27757.00 26348.00 26601.00 
27772.00 26560.00 26485.00 
27778.00 26295.00 26653.00 
27778.00 26715.00 26195.00 
27784.00 26532.00 26408.00 
27795.00 26490.00 26463.00 
27832.00 26380.00 26535.00 
27845.00 26705.00 26399.00 
27862.00 26667.00 26307.00 
27876.00 26569.00 26360.00 
27928.00 26451.00 26498.00 
27941.00 26536.00 26290.00 
27980.00 26614.00 26240.00 
26499.00 26372.00 27278.00 
26579.00 26598.00 26994.00 
26595.00 26513.00 27150.00 
26627.00 26166.00 27392.00 
26658.00 26513.00 27035.00 
26684.00 26665.00 26832.00 
26706.00 26155.00 27492.00 
26711.00 26293.00 27330.00 
26714.00 26705.00 26759.00 
26715.00 26453.00 27161.00 
26747.00 26381.00 27268.00 
26756.00 25905.00 27607.00 
26758.00 26634.00 26986.00 
26761.00 26466.00 27067.00 
26766.00 25730.00 27699.00 
26800.00 25966.00 27502.00 
26811.00 26297.00 27270.00 
26826.00 26121.00 27392.00 
26833.00 26434.00 27155.00 
26853.00 26680.00 26782.00 
26884.00 26548.00 26993.00 
26914.00 25812.00 27682.00 
26920.00 25769.00 27536.00 
26927.00 26072.00 27460.00 
26939.00 26230.00 27385.00 
26966.00 25929.00 27532.00 
26972.00 26416.00 27140.00 
26982.00 26675.00 26792.00 
26996.00 26748.00 26709.00 
27012.00 26370.00 27230.00 
27014.00 25726.00 27645.00 
27017.00 26654.00 26919.00 
27020.00 26546.00 26985.00 
27027.00 26087.00 27413.00 
27035.00 25761.00 27521.00 
27047.00 26569.00 26753.00 
27056.00 25884.00 27408.00 
27078.00 26272.00 27241.00 
27083.00 26333.00 27092.00 
27140.00 26028.00 27339.00 
27150.00 26556.00 26909.00 
27174.00 25781.00 27487.00 
27185.00 26687.00 26748.00 
27189.00 26292.00 27128.00 
27203.00 26450.00 27088.00 
27205.00 26535.00 26799.00 
27214.00 26186.00 27168.00 
27219.00 26718.00 26608.00 
27224.00 26161.00 27286.00 
27229.00 26470.00 26942.00 
27247.00 25876.00 27447.00 
27253.00 26253.00 27078.00 
27259.00 26007.00 27250.00 
27281.00 26317.00 27022.00 
27292.00 26764.00 26513.00 
27295.00 26650.00 26655.00 
27304.00 25734.00 27391.00 
27325.00 25944.00 27325.00 
27340.00 26232.00 27044.00 
27343.00 26486.00 26735.00 
27349.00 26422.00 26994.00 
27372.00 26577.00 26681.00 
27395.00 25822.00 27288.00 
27418.00 26521.00 26680.00 
27446.00 26536.00 26533.00 
27447.00 26625.00 26413.00 
27459.00 26177.00 27219.00 
27509.00 26493.00 26651.00 
27517.00 26478.00 26456.00 
27537.00 26429.00 26967.00 
27539.00 26391.00 26713.00 
27544.00 26267.00 26707.00 
27545.00 25875.00 27245.00 
27559.00 26018.00 27230.00 
27573.00 26527.00 26361.00 
27591.00 26261.00 26797.00 
27606.00 26111.00 27151.00 
27608.00 26389.00 26676.00 
27622.00 26272.00 26670.00 
27628.00 26522.00 26408.00 
27631.00 26072.00 26964.00 
27635.00 26381.00 26514.00 
27642.00 26393.00 26370.00 
27657.00 26159.00 26848.00 
27663.00 25990.00 27068.00 
27684.00 26317.00 26659.00 
27733.00 25863.00 27141.00 
27754.00 26017.00 26926.00 
27763.00 26377.00 26644.00 
27774.00 26204.00 26811.00 
27805.00 26116.00 26866.00 
27810.00 26214.00 26594.00 
27832.00 25909.00 27049.00 
27840.00 25702.00 26994.00 
27872.00 26146.00 26728.00 
27876.00 25962.00 26861.00 
27876.00 26066.00 26661.00 
27924.00 26008.00 26748.00 
27950.00 25961.00 26958.00 
28024.00 25978.00 26771.00 
27153.00 27054.00 26711.00 
27178.00 26978.00 26790.00 
27180.00 26567.00 27212.00 
27182.00 27029.00 26573.00 
27187.00 27002.00 26640.00 
27205.00 26794.00 27095.00 
27215.00 26869.00 27042.00 
27229.00 27068.00 26555.00 
27232.00 26922.00 26996.00 
27236.00 26986.00 26593.00 
27259.00 26778.00 27008.00 
27265.00 27052.00 26454.00 
27269.00 26732.00 27104.00 
27301.00 26760.00 27009.00 
27301.00 26930.00 26787.00 
27307.00 26889.00 26975.00 
27323.00 26871.00 26865.00 
27336.00 26799.00 26937.00 
27360.00 26570.00 27209.00 
27366.00 26919.00 26811.00 
27370.00 26983.00 26766.00 
27372.00 26658.00 27139.00 
27374.00 26569.00 27165.00 
27374.00 27001.00 26484.00 
27377.00 26601.00 27083.00 
27383.00 26948.00 26725.00 
27385.00 26998.00 26585.00 
27401.00 26779.00 26992.00 
27407.00 26560.00 27134.00 
27412.00 26925.00 26667.00 
27418.00 26533.00 27102.00 
27429.00 26885.00 26739.00 
27429.00 26929.00 26579.00 
27439.00 26529.00 27164.00 
27444.00 26829.00 26886.00 
27445.00 26484.00 27133.00 
27447.00 26756.00 27014.00 
27462.00 26978.00 26563.00 
27465.00 26759.00 26868.00 
27470.00 26813.00 26703.00 
27471.00 26890.00 26661.00 
27475.00 26942.00 26318.00 
27481.00 26551.00 27087.00 
27495.00 26851.00 26544.00 
27498.00 26627.00 27071.00 
27498.00 26839.00 26615.00 
27498.00 26933.00 26473.00 
27511.00 26433.00 27103.00 
27517.00 26884.00 26512.00 
27528.00 26748.00 26959.00 
27530.00 26726.00 27064.00 
27545.00 26729.00 26855.00 
27564.00 26808.00 26625.00 
27565.00 26797.00 26812.00 
27566.00 26883.00 26432.00 
27567.00 26560.00 27043.00 
27567.00 26773.00 26686.00 
27567.00 26818.00 26533.00 
27571.00 26851.00 26473.00 
27572.00 26734.00 26719.00 
27580.00 26577.00 26991.00 
27584.00 26630.00 26919.00 
27594.00 26709.00 26887.00 
27611.00 26574.00 26807.00 
27615.00 26557.00 26880.00 
27618.00 26771.00 26703.00 
27620.00 26712.00 26727.00 
27634.00 26659.00 26796.00 
27648.00 26721.00 26561.00 
27651.00 26786.00 26540.00 
27669.00 26556.00 26794.00 
27674.00 26548.00 27085.00 
27678.00 26682.00 26762.00 
27679.00 26530.00 26862.00 
27681.00 26476.00 26942.00 
27687.00 26715.00 26644.00 
27688.00 26482.00 26819.00 
27699.00 26353.00 26903.00 
27700.00 26298.00 26918.00 
27707.00 26396.00 26869.00 
27719.00 26745.00 26543.00 
27736.00 26509.00 26800.00 
27741.00 26690.00 26682.00 
27744.00 26452.00 26847.00 
27752.00 26301.00 26882.00 
27763.00 26398.00 26857.00 
27768.00 26672.00 26486.00 
27775.00 26645.00 26753.00 
27782.00 26493.00 26792.00 
27788.00 26239.00 26868.00 
27796.00 26363.00 26833.00 
27796.00 26456.00 26732.00 
27796.00 26489.00 26639.00 
27797.00 26499.00 26592.00 
27824.00 26455.00 26594.00 
27827.00 26385.00 26738.00 
27846.00 26319.00 26835.00 
27871.00 26355.00 26800.00 
27876.00 26418.00 26706.00 
27924.00 26356.00 26572.00 
27207.00 26658.00 26893.00 
27229.00 26771.00 26671.00 
27263.00 26738.00 26784.00 
27298.00 26589.00 26938.00 
27304.00 26733.00 26731.00 
27321.00 26880.00 26647.00 
27341.00 26707.00 26843.00 
27363.00 26702.00 26774.00 
27368.00 26462.00 26960.00 
27372.00 27014.00 26462.00 
27374.00 26954.00 26505.00 
27391.00 27062.00 26275.00 
27394.00 26798.00 26639.00 
27397.00 26850.00 26535.00 
27399.00 26634.00 26889.00 
27402.00 26728.00 26606.00 
27412.00 26712.00 26713.00 
27435.00 26926.00 26438.00 
27445.00 26985.00 26379.00 
27477.00 26833.00 26572.00 
27483.00 26994.00 26319.00 
27492.00 26695.00 26873.00 
27493.00 26462.00 26930.00 
27504.00 27012.00 26232.00 
27517.00 26754.00 26565.00 
27526.00 26909.00 26404.00 
27531.00 26710.00 26768.00 
27540.00 26592.00 26915.00 
27543.00 26632.00 26743.00 
27555.00 26888.00 26524.00 
27560.00 26997.00 26296.00 
27577.00 26683.00 26642.00 
27579.00 26820.00 26526.00 
27580.00 26539.00 26874.00 
27594.00 26792.00 26456.00 
27624.00 26613.00 26721.00 
27627.00 26907.00 26339.00 
27637.00 26927.00 26244.00 
27641.00 26398.00 26890.00 
27647.00 26712.00 26554.00 
27668.00 26949.00 26183.00 
27670.00 26666.00 26663.00 
27674.00 26359.00 26968.00 
27675.00 26498.00 26852.00 
27676.00 26847.00 26433.00 
27679.00 26773.00 26460.00 
27695.00 26909.00 26292.00 
27707.00 26505.00 26778.00 
27709.00 26686.00 26583.00 
27719.00 26585.00 26721.00 
27736.00 26790.00 26380.00 
27742.00 26654.00 26677.00 
27744.00 26857.00 26339.00 
27746.00 26743.00 26527.00 
27748.00 26462.00 26835.00 
27752.00 26393.00 26915.00 
27756.00 26267.00 26867.00 
27763.00 26395.00 26794.00 
27799.00 26897.00 26276.00 
27805.00 26761.00 26418.00 
27811.00 26675.00 26470.00 
27824.00 26583.00 26759.00 
27835.00 26215.00 26868.00 
27847.00 26659.00 26658.00 
27849.00 26834.00 26214.00 
27851.00 26831.00 26333.00 
27853.00 26645.00 26572.00 
27861.00 26457.00 26766.00 
27862.00 26770.00 26242.00 
27868.00 26497.00 26623.00 
27899.00 26678.00 26450.00 
27907.00 26780.00 26151.00 
27911.00 26878.00 26150.00 
27918.00 26770.00 26022.00 
27919.00 26451.00 26678.00 
27920.00 26374.00 26821.00 
27932.00 26769.00 26245.00 
27933.00 26581.00 26572.00 
27950.00 26715.00 26307.00 
27952.00 26715.00 26184.00 
27956.00 26572.00 26480.00 
27959.00 26698.00 26372.00 
27962.00 26338.00 26678.00 
27973.00 26426.00 26602.00 
27980.00 26307.00 26588.00 
27981.00 26229.00 26724.00 
27981.00 26640.00 26304.00 
27988.00 26598.00 26418.00 
28008.00 26760.00 26092.00 
28020.00 26435.00 26519.00 
28028.00 26680.00 26155.00 
28031.00 26599.00 26206.00 
28039.00 26541.00 26516.00 
28041.00 26529.00 26417.00 
28076.00 26282.00 26555.00 
28080.00 26425.00 26471.00 
28112.00 26588.00 26329.00 
28113.00 26363.00 26545.00 
28131.00 26285.00 26413.00 
28132.00 26536.00 26412.00 
27046.00 26634.00 27058.00 
27070.00 26526.00 27158.00 
27102.00 26381.00 27271.00 
27114.00 26658.00 27004.00 
27147.00 26761.00 26843.00 
27169.00 26724.00 26979.00 
27187.00 26528.00 27102.00 
27205.00 26442.00 27115.00 
27210.00 26203.00 27276.00 
27211.00 26283.00 27254.00 
27220.00 26362.00 27175.00 
27222.00 26680.00 26890.00 
27240.00 26838.00 26823.00 
27244.00 26606.00 27049.00 
27279.00 26886.00 26686.00 
27285.00 26809.00 26761.00 
27307.00 26729.00 26768.00 
27308.00 26411.00 27162.00 
27315.00 26916.00 26371.00 
27322.00 26571.00 26977.00 
27342.00 26320.00 27231.00 
27349.00 26810.00 26683.00 
27373.00 26208.00 27268.00 
27388.00 26377.00 27063.00 
27392.00 26509.00 27006.00 
27395.00 26570.00 26922.00 
27400.00 26670.00 26831.00 
27404.00 26949.00 26348.00 
27406.00 26803.00 26743.00 
27426.00 26870.00 26629.00 
27442.00 26766.00 26630.00 
27447.00 26902.00 26522.00 
27449.00 26132.00 27165.00 
27472.00 26816.00 26492.00 
27480.00 26325.00 27009.00 
27493.00 26197.00 27137.00 
27501.00 26425.00 26958.00 
27501.00 26618.00 26780.00 
27511.00 26589.00 26893.00 
27519.00 26888.00 26461.00 
27535.00 26265.00 27078.00 
27545.00 26741.00 26692.00 
27548.00 26115.00 27184.00 
27558.00 26521.00 26848.00 
27589.00 26787.00 26523.00 
27592.00 26744.00 26602.00 
27593.00 26820.00 26381.00 
27594.00 26650.00 26625.00 
27612.00 26092.00 27077.00 
27614.00 26652.00 26492.00 
27617.00 25969.00 27100.00 
27628.00 26406.00 26856.00 
27629.00 26557.00 26746.00 
27632.00 26193.00 27036.00 
27632.00 26809.00 26256.00 
27635.00 26447.00 26755.00 
27642.00 26509.00 26674.00 
27645.00 26605.00 26673.00 
27659.00 26651.00 26563.00 
27659.00 26731.00 26471.00 
27670.00 26273.00 27014.00 
27705.00 26397.00 26974.00 
27711.00 26349.00 26910.00 
27712.00 25853.00 27049.00 
27715.00 26116.00 27011.00 
27715.00 26409.00 26782.00 
27717.00 26522.00 26619.00 
27723.00 26596.00 26517.00 
27726.00 26774.00 26411.00 
27728.00 26409.00 26617.00 
27752.00 26734.00 26294.00 
27763.00 26186.00 26884.00 
27763.00 26303.00 26858.00 
27796.00 26705.00 26465.00 
27798.00 26490.00 26571.00 
27801.00 26611.00 26364.00 
27807.00 26326.00 26765.00 
27835.00 26091.00 27043.00 
27842.00 26421.00 26593.00 
27853.00 26572.00 26537.00 
27856.00 26233.00 26777.00 
27885.00 26350.00 26678.00 
27886.00 26589.00 26413.00 
27888.00 26463.00 26524.00 
27902.00 26016.00 26858.00 
27919.00 25933.00 27004.00 
27922.00 26267.00 26719.00 
27931.00 26468.00 26360.00 
27934.00 26584.00 26336.00 
27942.00 26503.00 26253.00 
27960.00 26280.00 26543.00 
27962.00 26095.00 26851.00 
27978.00 26139.00 26611.00 
27989.00 25926.00 26855.00 
27990.00 26372.00 26276.00 
27992.00 26351.00 26443.00 
28029.00 26192.00 26409.00 
28040.00 26480.00 26262.00 
28097.00 26147.00 26479.00 
28108.00 26272.00 26406.00 
26830.00 26346.00 27257.00 
26908.00 26633.00 27129.00 
26986.00 26355.00 27210.00 
27001.00 26327.00 27341.00 
27010.00 26244.00 27222.00 
27043.00 26704.00 27069.00 
27070.00 26229.00 27321.00 
27078.00 26870.00 26885.00 
27088.00 26951.00 26749.00 
27090.00 26366.00 27181.00 
27097.00 27004.00 26654.00 
27105.00 26817.00 26992.00 
27119.00 26598.00 27157.00 
27131.00 26731.00 26890.00 
27139.00 27049.00 26547.00 
27149.00 26235.00 27265.00 
27151.00 26157.00 27213.00 
27161.00 26701.00 27015.00 
27175.00 26295.00 27203.00 
27199.00 26474.00 27122.00 
27226.00 26640.00 26945.00 
27229.00 26371.00 27146.00 
27230.00 26762.00 26828.00 
27270.00 26263.00 27176.00 
27276.00 27029.00 26523.00 
27288.00 27130.00 26407.00 
27304.00 26876.00 26797.00 
27309.00 26971.00 26668.00 
27320.00 26788.00 26781.00 
27324.00 26868.00 26677.00 
27359.00 26745.00 26874.00 
27364.00 26634.00 27092.00 
27368.00 26498.00 27112.00 
27377.00 26439.00 26983.00 
27379.00 26590.00 26973.00 
27387.00 26377.00 27066.00 
27404.00 26657.00 26813.00 
27407.00 26985.00 26539.00 
27416.00 26559.00 26866.00 
27440.00 26813.00 26677.00 
27442.00 27064.00 26403.00 
27447.00 26349.00 27143.00 
27454.00 26893.00 26579.00 
27460.00 26225.00 27092.00 
27475.00 26314.00 26973.00 
27504.00 26999.00 26470.00 
27518.00 26769.00 26780.00 
27527.00 26474.00 26921.00 
27527.00 26858.00 26495.00 
27558.00 26719.00 26675.00 
27566.00 26636.00 26827.00 
27572.00 26801.00 26572.00 
27574.00 26305.00 27038.00 
27584.00 26350.00 26896.00 
27601.00 26093.00 27037.00 
27625.00 26935.00 26433.00 
27629.00 26894.00 26341.00 
27634.00 26601.00 26744.00 
27635.00 26118.00 26955.00 
27638.00 26500.00 26855.00 
27642.00 26788.00 26457.00 
27643.00 26253.00 26942.00 
27667.00 26352.00 26835.00 
27675.00 26785.00 26566.00 
27700.00 26595.00 26640.00 
27705.00 26811.00 26323.00 
27729.00 26283.00 26903.00 
27731.00 26430.00 26784.00 
27739.00 26717.00 26606.00 
27745.00 26790.00 26456.00 
27747.00 26636.00 26521.00 
27754.00 26507.00 26672.00 
27781.00 26277.00 26831.00 
27781.00 26742.00 26348.00 
27793.00 26630.00 26439.00 
27810.00 26231.00 26937.00 
27818.00 26244.00 26752.00 
27818.00 26528.00 26596.00 
27842.00 26416.00 26748.00 
27869.00 26407.00 26582.00 
27879.00 26722.00 26283.00 
27880.00 26465.00 26514.00 
27881.00 26134.00 26799.00 
27918.00 26315.00 26664.00 
27927.00 26706.00 26433.00 
27928.00 26605.00 26374.00 
27933.00 26441.00 26443.00 
27997.00 26184.00 26655.00 
27998.00 26060.00 26685.00 
28000.00 26430.00 26567.00 
28002.00 26575.00 26337.00 
28025.00 26447.00 26383.00 
28042.00 26340.00 26459.00 
28050.00 26336.00 26342.00 
28053.00 26591.00 26260.00 
28084.00 26510.00 26294.00 
28085.00 26222.00 26547.00 
28087.00 26170.00 26427.00 
28111.00 26388.00 26257.00 
28137.00 26063.00 26577.00 
27586.00 26303.00 27073.00 
27586.00 26371.00 26971.00 
27674.00 26356.00 26983.00 
27712.00 26284.00 27085.00 
27719.00 26698.00 26584.00 
27736.00 26137.00 27137.00 
27777.00 26229.00 27122.00 
27788.00 26643.00 26779.00 
27799.00 26329.00 27022.00 
27802.00 26217.00 27087.00 
27811.00 26574.00 26791.00 
27827.00 26277.00 26945.00 
27842.00 26408.00 26937.00 
27846.00 26487.00 26831.00 
27878.00 26673.00 26658.00 
27881.00 26048.00 27124.00 
27883.00 26324.00 26934.00 
27883.00 26616.00 26707.00 
27884.00 26254.00 26991.00 
27896.00 26088.00 27100.00 
27917.00 26816.00 26528.00 
27963.00 25912.00 27121.00 
27970.00 26238.00 26950.00 
27971.00 26783.00 26538.00 
27977.00 26603.00 26744.00 
27995.00 26710.00 26492.00 
28003.00 26446.00 26880.00 
28059.00 26648.00 26587.00 
28068.00 26580.00 26721.00 
28069.00 26590.00 26507.00 
28072.00 26214.00 27053.00 
28091.00 26547.00 26822.00 
28094.00 26239.00 26940.00 
28103.00 26601.00 26380.00 
28128.00 26598.00 26285.00 
28140.00 26570.00 26586.00 
28141.00 26493.00 26815.00 
28142.00 26086.00 26973.00 
28155.00 26399.00 26730.00 
28167.00 26042.00 27090.00 
28169.00 26354.00 26928.00 
28180.00 26290.00 26830.00 
28199.00 26587.00 26454.00 
28205.00 26002.00 26963.00 
28236.00 26299.00 26695.00 
28238.00 26116.00 26910.00 
28255.00 26500.00 26660.00 
28257.00 25945.00 26924.00 
28265.00 26161.00 26821.00 
28272.00 26382.00 26664.00 
28287.00 26415.00 26544.00 
28290.00 26330.00 26583.00 
28291.00 26025.00 26789.00 
28296.00 25995.00 26856.00 
28298.00 26341.00 26479.00 
28301.00 26484.00 26475.00 
28305.00 25920.00 26990.00 
28318.00 26325.00 26406.00 
28320.00 26100.00 26788.00 
28333.00 25933.00 26887.00 
28339.00 26523.00 26398.00 
28342.00 26261.00 26724.00 
28344.00 25714.00 26855.00 
28345.00 26369.00 26353.00 
28351.00 26299.00 26516.00 
28355.00 26191.00 26782.00 
28363.00 26080.00 26730.00 
28374.00 26233.00 26530.00 
28377.00 26210.00 26457.00 
28393.00 26463.00 26347.00 
28398.00 26356.00 26268.00 
28404.00 26190.00 26648.00 
28410.00 26045.00 26778.00 
28410.00 26323.00 26401.00 
28412.00 25863.00 26835.00 
28421.00 26204.00 26571.00 
28438.00 26371.00 26235.00 
28442.00 26267.00 26344.00 
28453.00 26134.00 26666.00 
28464.00 25924.00 26777.00 
28477.00 26219.00 26365.00 
28486.00 25865.00 26772.00 
28488.00 25910.00 26720.00 
28497.00 25803.00 26786.00 
28498.00 26074.00 26657.00 
28500.00 25993.00 26686.00 
28513.00 26124.00 26599.00 
28530.00 26218.00 26438.00 
28532.00 25865.00 26683.00 
28536.00 26196.00 26586.00 
28551.00 25998.00 26593.00 
28553.00 26138.00 26334.00 
28562.00 25727.00 26754.00 
28573.00 26084.00 26536.00 
28604.00 26019.00 26527.00 
28608.00 25833.00 26626.00 
28615.00 25950.00 26276.00 
28643.00 25916.00 26586.00 
28655.00 25799.00 26555.00 
28680.00 25854.00 26437.00 
26902.00 26764.00 27068.00 
26939.00 26694.00 27143.00 
26952.00 26608.00 27298.00 
27014.00 26738.00 27057.00 
27042.00 26854.00 27004.00 
27067.00 26959.00 26857.00 
27089.00 26666.00 27156.00 
27107.00 26594.00 27365.00 
27115.00 26940.00 26947.00 
27120.00 26544.00 27293.00 
27122.00 26725.00 27074.00 
27132.00 26441.00 27400.00 
27145.00 26957.00 26836.00 
27150.00 27018.00 26745.00 
27168.00 26643.00 27190.00 
27169.00 26714.00 27114.00 
27170.00 26847.00 26917.00 
27172.00 26597.00 27261.00 
27179.00 26816.00 27036.00 
27182.00 26508.00 27392.00 
27183.00 26420.00 27328.00 
27196.00 27038.00 26638.00 
27227.00 26543.00 27152.00 
27238.00 26951.00 26744.00 
27239.00 26525.00 27266.00 
27239.00 26704.00 27096.00 
27243.00 26811.00 26987.00 
27245.00 27067.00 26505.00 
27249.00 26415.00 27435.00 
27257.00 26286.00 27384.00 
27277.00 26348.00 27316.00 
27277.00 26646.00 27123.00 
27285.00 27051.00 26442.00 
27316.00 27017.00 26596.00 
27317.00 26504.00 27288.00 
27317.00 26660.00 27006.00 
27317.00 26867.00 26905.00 
27325.00 26913.00 26730.00 
27326.00 26532.00 27123.00 
27369.00 26839.00 26823.00 
27371.00 26809.00 26937.00 
27375.00 27016.00 26716.00 
27378.00 26466.00 27181.00 
27382.00 26738.00 26984.00 
27387.00 26771.00 26824.00 
27390.00 26315.00 27376.00 
27394.00 26335.00 27226.00 
27397.00 27012.00 26578.00 
27412.00 26659.00 27051.00 
27419.00 26544.00 27032.00 
27448.00 26936.00 26724.00 
27451.00 27023.00 26516.00 
27453.00 26358.00 27103.00 
27459.00 26816.00 26775.00 
27460.00 26480.00 27093.00 
27484.00 26629.00 26991.00 
27490.00 26207.00 27220.00 
27494.00 26745.00 26862.00 
27494.00 26789.00 26619.00 
27498.00 26671.00 26780.00 
27505.00 26916.00 26610.00 
27519.00 26279.00 27215.00 
27522.00 26519.00 27035.00 
27529.00 26328.00 27159.00 
27560.00 26815.00 26579.00 
27563.00 26990.00 26480.00 
27571.00 26929.00 26336.00 
27585.00 26635.00 26926.00 
27590.00 26315.00 27118.00 
27603.00 26732.00 26765.00 
27606.00 26440.00 27086.00 
27606.00 26668.00 26804.00 
27626.00 26627.00 26726.00 
27627.00 26359.00 27027.00 
27653.00 26805.00 26594.00 
27654.00 26889.00 26566.00 
27661.00 26561.00 26778.00 
27662.00 26233.00 27104.00 
27667.00 26601.00 26662.00 
27668.00 26500.00 26999.00 
27679.00 26726.00 26377.00 
27687.00 26202.00 26967.00 
27699.00 26124.00 26958.00 
27699.00 26390.00 26897.00 
27725.00 26725.00 26626.00 
27734.00 26635.00 26579.00 
27750.00 26535.00 26786.00 
27760.00 26465.00 26760.00 
27771.00 26320.00 26905.00 
27797.00 26575.00 26737.00 
27808.00 26723.00 26474.00 
27809.00 26454.00 26843.00 
27816.00 26591.00 26453.00 
27821.00 26491.00 26645.00 
27827.00 26477.00 26749.00 
27838.00 26290.00 26854.00 
27869.00 26263.00 26949.00 
27877.00 26485.00 26574.00 
27897.00 26437.00 26767.00 
27931.00 26411.00 26662.00 
26771.00 26989.00 26804.00 
26786.00 26281.00 27065.00 
26810.00 26738.00 26944.00 
26877.00 27005.00 26713.00 
26885.00 27028.00 26568.00 
26889.00 26941.00 26896.00 
26896.00 27104.00 26476.00 
26906.00 26873.00 26761.00 
26958.00 26672.00 26930.00 
26979.00 26980.00 26599.00 
26981.00 26753.00 26845.00 
26981.00 27163.00 26385.00 
26982.00 26644.00 27062.00 
27008.00 26991.00 26419.00 
27031.00 26860.00 26727.00 
27033.00 26585.00 26877.00 
27056.00 27039.00 26260.00 
27091.00 26876.00 26595.00 
27095.00 26212.00 27121.00 
27096.00 27178.00 26240.00 
27116.00 26684.00 26774.00 
27138.00 26508.00 26834.00 
27141.00 26939.00 26520.00 
27143.00 26368.00 26971.00 
27145.00 26754.00 26687.00 
27189.00 27031.00 26265.00 
27200.00 26958.00 26396.00 
27202.00 25959.00 27074.00 
27206.00 27119.00 26146.00 
27207.00 26842.00 26472.00 
27210.00 26574.00 26717.00 
27213.00 26125.00 27008.00 
27222.00 26271.00 26894.00 
27226.00 26710.00 26597.00 
27230.00 27000.00 26082.00 
27245.00 26860.00 26245.00 
27271.00 27085.00 26025.00 
27290.00 26992.00 26186.00 
27306.00 26416.00 26888.00 
27310.00 26624.00 26685.00 
27311.00 26506.00 26715.00 
27319.00 26207.00 26943.00 
27330.00 26757.00 26515.00 
27344.00 26772.00 26366.00 
27349.00 27052.00 25911.00 
27379.00 26053.00 26999.00 
27385.00 26817.00 26249.00 
27392.00 27034.00 26037.00 
27396.00 26948.00 25761.00 
27407.00 25834.00 26998.00 
27415.00 26936.00 26159.00 
27424.00 26280.00 26743.00 
27426.00 26672.00 26425.00 
27440.00 26134.00 26750.00 
27454.00 26370.00 26627.00 
27463.00 26561.00 26572.00 
27472.00 25585.00 27021.00 
27485.00 26769.00 26135.00 
27507.00 26701.00 26290.00 
27509.00 25963.00 26864.00 
27532.00 26248.00 26603.00 
27548.00 26935.00 26019.00 
27572.00 26452.00 26600.00 
27620.00 26118.00 26812.00 
27623.00 25856.00 26972.00 
27628.00 26826.00 26107.00 
27632.00 26584.00 26511.00 
27635.00 26745.00 26204.00 
27640.00 25763.00 26865.00 
27644.00 26014.00 26698.00 
27646.00 26636.00 26253.00 
27646.00 26868.00 25784.00 
27648.00 26139.00 26688.00 
27654.00 26318.00 26602.00 
27663.00 26626.00 26066.00 
27664.00 26741.00 26011.00 
27665.00 26087.00 26570.00 
27680.00 26762.00 25890.00 
27717.00 26257.00 26512.00 
27730.00 26588.00 26171.00 
27735.00 26402.00 26448.00 
27761.00 26535.00 26411.00 
27770.00 26631.00 25930.00 
27782.00 26049.00 26538.00 
27806.00 26542.00 25769.00 
27812.00 26530.00 26096.00 
27835.00 26007.00 26675.00 
27838.00 26535.00 25897.00 
27853.00 25792.00 26678.00 
27891.00 26386.00 26233.00 
27917.00 26203.00 26457.00 
27924.00 26483.00 26133.00 
27939.00 26444.00 25993.00 
27967.00 26364.00 26386.00 
27972.00 26291.00 26034.00 
27975.00 26342.00 25843.00 
27977.00 26049.00 26390.00 
27986.00 26184.00 26292.00 
28044.00 26207.00 26043.00 
28060.00 26207.00 25903.00 
27081.00 26126.00 27636.00 
27160.00 26109.00 27622.00 
27183.00 26169.00 27535.00 
27184.00 26015.00 27729.00 
27228.00 26225.00 27520.00 
27234.00 26034.00 27716.00 
27241.00 26166.00 27502.00 
27266.00 26006.00 27676.00 
27270.00 26081.00 27625.00 
27270.00 26315.00 27423.00 
27278.00 26314.00 27494.00 
27283.00 26426.00 27294.00 
27295.00 26118.00 27539.00 
27327.00 25952.00 27650.00 
27335.00 26339.00 27399.00 
27341.00 26385.00 27329.00 
27367.00 26212.00 27494.00 
27367.00 26443.00 27186.00 
27368.00 26294.00 27467.00 
27375.00 26074.00 27595.00 
27380.00 26082.00 27501.00 
27397.00 26235.00 27429.00 
27417.00 25866.00 27638.00 
27426.00 26132.00 27466.00 
27437.00 26514.00 27182.00 
27440.00 26341.00 27364.00 
27451.00 26058.00 27558.00 
27454.00 26250.00 27397.00 
27458.00 26414.00 27311.00 
27469.00 26324.00 27301.00 
27475.00 26187.00 27456.00 
27483.00 26065.00 27435.00 
27484.00 26549.00 27128.00 
27498.00 25983.00 27617.00 
27498.00 26182.00 27349.00 
27505.00 26374.00 27222.00 
27516.00 26443.00 27154.00 
27517.00 26274.00 27321.00 
27533.00 26339.00 27267.00 
27541.00 26148.00 27420.00 
27559.00 25934.00 27551.00 
27564.00 26494.00 27058.00 
27568.00 26402.00 27164.00 
27569.00 26047.00 27494.00 
27569.00 26306.00 27193.00 
27571.00 26298.00 27301.00 
27577.00 26255.00 27254.00 
27581.00 26584.00 26841.00 
27583.00 26157.00 27312.00 
27587.00 26081.00 27366.00 
27591.00 26486.00 27153.00 
27612.00 25900.00 27522.00 
27614.00 26566.00 27029.00 
27625.00 26351.00 27171.00 
27630.00 26583.00 26762.00 
27638.00 26272.00 27194.00 
27641.00 26211.00 27231.00 
27642.00 26045.00 27324.00 
27643.00 26430.00 26963.00 
27650.00 26519.00 26904.00 
27660.00 26426.00 27037.00 
27661.00 25820.00 27455.00 
27676.00 25908.00 27451.00 
27686.00 26378.00 26972.00 
27694.00 26009.00 27402.00 
27701.00 26366.00 27155.00 
27713.00 26288.00 27176.00 
27713.00 26310.00 27009.00 
27718.00 26307.00 27079.00 
27723.00 26164.00 27208.00 
27730.00 26058.00 27322.00 
27733.00 26545.00 26852.00 
27734.00 26486.00 26925.00 
27742.00 26130.00 27285.00 
27765.00 25992.00 27361.00 
27766.00 26232.00 27120.00 
27770.00 26407.00 26962.00 
27770.00 26528.00 26780.00 
27779.00 26462.00 26876.00 
27786.00 26204.00 27199.00 
27788.00 26341.00 26988.00 
27792.00 26237.00 27012.00 
27798.00 26154.00 27137.00 
27822.00 26106.00 27250.00 
27837.00 26435.00 26928.00 
27844.00 26460.00 26763.00 
27855.00 26002.00 27331.00 
27861.00 26470.00 26690.00 
27862.00 26364.00 26908.00 
27874.00 26253.00 26939.00 
27876.00 26213.00 27012.00 
27913.00 26360.00 26833.00 
27918.00 26299.00 26916.00 
27920.00 26234.00 26853.00 
27934.00 26122.00 27110.00 
27944.00 26305.00 26695.00 
27952.00 26237.00 26778.00 
27964.00 26198.00 27079.00 
28025.00 26112.00 26909.00 
28055.00 26264.00 26696.00 
27182.00 26365.00 27534.00 
27251.00 26232.00 27620.00 
27282.00 26678.00 27293.00 
27301.00 26869.00 27204.00 
27306.00 26402.00 27484.00 
27310.00 26286.00 27580.00 
27314.00 26180.00 27710.00 
27320.00 26755.00 27228.00 
27322.00 26362.00 27487.00 
27324.00 26078.00 27674.00 
27335.00 25979.00 27676.00 
27357.00 26634.00 27372.00 
27396.00 26573.00 27466.00 
27401.00 26852.00 27056.00 
27412.00 26686.00 27188.00 
27414.00 26205.00 27617.00 
27414.00 26466.00 27380.00 
27451.00 26650.00 27322.00 
27458.00 26105.00 27635.00 
27464.00 26765.00 27156.00 
27476.00 26320.00 27453.00 
27480.00 26550.00 27287.00 
27488.00 26435.00 27442.00 
27490.00 25968.00 27721.00 
27491.00 26896.00 26972.00 
27502.00 26714.00 27063.00 
27517.00 26685.00 27211.00 
27523.00 26545.00 27373.00 
27529.00 26269.00 27583.00 
27542.00 26221.00 27490.00 
27549.00 26635.00 27093.00 
27559.00 26830.00 27011.00 
27582.00 26445.00 27277.00 
27590.00 26557.00 27266.00 
27597.00 26989.00 26822.00 
27602.00 26584.00 27181.00 
27607.00 26304.00 27440.00 
27607.00 26483.00 27274.00 
27616.00 26873.00 26845.00 
27631.00 26373.00 27332.00 
27633.00 26854.00 26928.00 
27636.00 26742.00 27055.00 
27637.00 26085.00 27636.00 
27640.00 26170.00 27542.00 
27641.00 25815.00 27582.00 
27654.00 26687.00 26916.00 
27668.00 25907.00 27506.00 
27697.00 26307.00 27370.00 
27716.00 26227.00 27475.00 
27717.00 26644.00 27030.00 
27739.00 26111.00 27495.00 
27742.00 26316.00 27260.00 
27743.00 25739.00 27527.00 
27747.00 26028.00 27437.00 
27761.00 26242.00 27356.00 
27766.00 26421.00 27212.00 
27772.00 26166.00 27434.00 
27802.00 26885.00 26810.00 
27806.00 26824.00 26905.00 
27817.00 26832.00 26436.00 
27819.00 26614.00 27173.00 
27829.00 26606.00 26931.00 
27832.00 26722.00 26817.00 
27848.00 25868.00 27493.00 
27857.00 26786.00 26640.00 
27860.00 26275.00 27302.00 
27868.00 26411.00 27086.00 
27870.00 26382.00 27224.00 
27871.00 26308.00 27066.00 
27876.00 25912.00 27382.00 
27879.00 26523.00 27006.00 
27891.00 26713.00 26690.00 
27905.00 26119.00 27316.00 
27909.00 26675.00 26861.00 
27913.00 25884.00 27276.00 
27918.00 26277.00 27210.00 
27928.00 26738.00 26526.00 
27930.00 26225.00 27045.00 
27932.00 26568.00 26805.00 
27941.00 26316.00 26995.00 
27959.00 26646.00 26566.00 
27962.00 26557.00 26891.00 
27963.00 26135.00 27186.00 
27975.00 25833.00 27405.00 
27977.00 25766.00 27342.00 
27989.00 26598.00 26720.00 
27993.00 26406.00 26971.00 
28002.00 25942.00 27240.00 
28003.00 25822.00 27222.00 
28016.00 26089.00 27122.00 
28033.00 26173.00 27041.00 
28050.00 26485.00 26705.00 
28067.00 26224.00 26928.00 
28071.00 25986.00 27174.00 
28074.00 26428.00 26918.00 
28116.00 26271.00 26724.00 
28149.00 26150.00 26998.00 
28151.00 26049.00 27079.00 
28162.00 26256.00 26916.00 
28192.00 25964.00 26767.00 
27376.00 26522.00 27296.00 
27424.00 26578.00 27219.00 
27494.00 26501.00 27241.00 
27501.00 26464.00 27298.00 
27505.00 26556.00 27221.00 
27514.00 26418.00 27353.00 
27530.00 26365.00 27278.00 
27533.00 26944.00 26902.00 
27546.00 26644.00 27180.00 
27547.00 26432.00 27243.00 
27572.00 26485.00 27201.00 
27576.00 26903.00 26749.00 
27591.00 26826.00 27119.00 
27597.00 26740.00 27044.00 
27601.00 26300.00 27336.00 
27611.00 26371.00 27272.00 
27627.00 26611.00 27188.00 
27628.00 26724.00 27107.00 
27662.00 26232.00 27319.00 
27679.00 26464.00 27216.00 
27683.00 26288.00 27266.00 
27686.00 26636.00 27150.00 
27687.00 26899.00 26971.00 
27688.00 26687.00 27032.00 
27690.00 26431.00 27126.00 
27694.00 26761.00 26838.00 
27696.00 26188.00 27279.00 
27705.00 26390.00 27233.00 
27709.00 26235.00 27235.00 
27720.00 26040.00 27279.00 
27734.00 26742.00 26994.00 
27746.00 26648.00 26968.00 
27748.00 26541.00 27108.00 
27750.00 26704.00 26883.00 
27754.00 26947.00 26642.00 
27758.00 26800.00 26774.00 
27761.00 26585.00 27028.00 
27765.00 26877.00 26691.00 
27786.00 26110.00 27228.00 
27795.00 26175.00 27216.00 
27796.00 26411.00 27157.00 
27799.00 26468.00 27069.00 
27805.00 26650.00 26929.00 
27808.00 26398.00 27058.00 
27813.00 26879.00 26566.00 
27814.00 26512.00 27010.00 
27818.00 26812.00 26693.00 
27824.00 26330.00 27137.00 
27849.00 26698.00 26861.00 
27854.00 26265.00 27213.00 
27859.00 26543.00 26909.00 
27862.00 26798.00 26778.00 
27865.00 26214.00 27102.00 
27867.00 26703.00 26785.00 
27876.00 26748.00 26691.00 
27878.00 26151.00 27197.00 
27883.00 26386.00 27088.00 
27890.00 26682.00 26681.00 
27893.00 26850.00 26582.00 
27900.00 26606.00 26892.00 
27904.00 26429.00 27020.00 
27913.00 26655.00 26820.00 
27914.00 26051.00 27170.00 
27922.00 26629.00 26743.00 
27924.00 26371.00 27043.00 
27928.00 26482.00 26798.00 
27933.00 26133.00 27112.00 
27934.00 26262.00 27048.00 
27939.00 26791.00 26482.00 
27947.00 26742.00 26597.00 
27957.00 26480.00 26921.00 
27959.00 26365.00 26944.00 
27960.00 26718.00 26671.00 
27971.00 26556.00 26783.00 
27985.00 26190.00 27074.00 
28006.00 26351.00 27008.00 
28011.00 26690.00 26633.00 
28017.00 26617.00 26689.00 
28029.00 26477.00 26808.00 
28043.00 26160.00 26988.00 
28044.00 26633.00 26595.00 
28048.00 26416.00 26920.00 
28049.00 26132.00 27102.00 
28058.00 26272.00 26870.00 
28064.00 26173.00 26903.00 
28073.00 26308.00 26807.00 
28086.00 26581.00 26698.00 
28090.00 26438.00 26788.00 
28091.00 26557.00 26773.00 
28098.00 26252.00 26787.00 
28098.00 26431.00 26702.00 
28103.00 26706.00 26594.00 
28118.00 26095.00 26977.00 
28136.00 26595.00 26607.00 
28151.00 26163.00 26827.00 
28157.00 26410.00 26784.00 
28160.00 26235.00 26776.00 
28160.00 26525.00 26685.00 
28174.00 26352.00 26701.00 
28189.00 26251.00 26685.00 
