27499.00 27627.00 
27520.00 27626.00 
27522.00 27625.00 
27538.00 27620.00 
27576.00 27596.00 
27598.00 27595.00 
27616.00 27554.00 
27659.00 27542.00 
27686.00 27504.00 
27712.00 27486.00 
27729.00 27473.00 
27731.00 27444.00 
27739.00 27439.00 
27742.00 27430.00 
27772.00 27429.00 
27790.00 27425.00 
27830.00 27350.00 
27886.00 27178.00 
27893.00 26967.00 
27905.00 26955.00 
27907.00 26923.00 
27926.00 26874.00 
26945.00 28236.00 
26958.00 28235.00 
26961.00 28226.00 
26965.00 28223.00 
26989.00 28218.00 
27023.00 28209.00 
27032.00 28201.00 
27052.00 28194.00 
27057.00 28176.00 
27081.00 28173.00 
27086.00 28157.00 
27087.00 28148.00 
27110.00 28129.00 
27112.00 28123.00 
27162.00 28116.00 
27167.00 28091.00 
27198.00 28079.00 
27200.00 28076.00 
27229.00 28069.00 
27234.00 28051.00 
27249.00 28041.00 
27264.00 28023.00 
27281.00 28017.00 
27291.00 28004.00 
27315.00 27984.00 
27320.00 27952.00 
27330.00 27940.00 
27370.00 27935.00 
27374.00 27915.00 
27384.00 27902.00 
27386.00 27863.00 
27388.00 27854.00 
27408.00 27852.00 
27422.00 27849.00 
27462.00 27823.00 
27464.00 27754.00 
27465.00 27753.00 
27494.00 27748.00 
27498.00 27723.00 
27507.00 27701.00 
27518.00 27699.00 
27538.00 27698.00 
27597.00 27657.00 
27614.00 27625.00 
27616.00 27537.00 
27622.00 27535.00 
27652.00 27521.00 
27663.00 27489.00 
27677.00 27474.00 
27704.00 27453.00 
27730.00 27375.00 
27394.00 27685.00 
27397.00 27670.00 
27417.00 27661.00 
27423.00 27653.00 
27426.00 27652.00 
27471.00 27649.00 
27474.00 27647.00 
27505.00 27611.00 
27510.00 27591.00 
27516.00 27581.00 
27536.00 27579.00 
27549.00 27574.00 
27569.00 27549.00 
27587.00 27537.00 
27605.00 27534.00 
27625.00 27522.00 
27691.00 27491.00 
27709.00 27413.00 
27734.00 27366.00 
27751.00 27279.00 
27753.00 27256.00 
27760.00 27228.00 
27763.00 27212.00 
27776.00 27208.00 
27778.00 27199.00 
27789.00 27178.00 
27837.00 27125.00 
27863.00 26978.00 
27665.00 27510.00 
27670.00 27508.00 
27683.00 27502.00 
27689.00 27494.00 
27696.00 27458.00 
27698.00 27451.00 
27719.00 27448.00 
27737.00 27440.00 
27738.00 27402.00 
27743.00 27398.00 
27767.00 27396.00 
27784.00 27376.00 
27818.00 27369.00 
27832.00 27322.00 
27844.00 27304.00 
27850.00 27297.00 
27861.00 27288.00 
27872.00 27287.00 
27876.00 27232.00 
27893.00 27216.00 
27939.00 27194.00 
27051.00 28201.00 
27071.00 28167.00 
27091.00 28157.00 
27094.00 28128.00 
27123.00 28115.00 
27128.00 28110.00 
27138.00 28097.00 
27171.00 28081.00 
27179.00 28069.00 
27192.00 28063.00 
27212.00 28023.00 
27247.00 28014.00 
27258.00 27963.00 
27262.00 27960.00 
27263.00 27956.00 
27297.00 27954.00 
27305.00 27931.00 
27307.00 27924.00 
27324.00 27913.00 
27346.00 27886.00 
27366.00 27868.00 
27383.00 27845.00 
27385.00 27826.00 
27389.00 27825.00 
27397.00 27824.00 
27399.00 27805.00 
27419.00 27788.00 
27424.00 27766.00 
27432.00 27755.00 
27468.00 27748.00 
27480.00 27718.00 
27487.00 27698.00 
27489.00 27664.00 
27502.00 27663.00 
27509.00 27640.00 
27512.00 27614.00 
27513.00 27612.00 
27514.00 27581.00 
27531.00 27580.00 
27543.00 27565.00 
27580.00 27503.00 
27341.00 27219.00 
27396.00 27182.00 
27405.00 27174.00 
27420.00 27161.00 
27429.00 27153.00 
27431.00 27142.00 
27433.00 27119.00 
27492.00 27109.00 
27497.00 27105.00 
27504.00 27056.00 
27506.00 27050.00 
27542.00 27048.00 
27543.00 27024.00 
27576.00 27023.00 
27594.00 26979.00 
27625.00 26972.00 
27634.00 26917.00 
27650.00 26908.00 
27656.00 26877.00 
27675.00 26850.00 
27686.00 26843.00 
27690.00 26794.00 
27695.00 26776.00 
27697.00 26759.00 
27704.00 26752.00 
27715.00 26738.00 
27720.00 26721.00 
27725.00 26695.00 
27738.00 26677.00 
27748.00 26603.00 
27202.00 27961.00 
27227.00 27948.00 
27257.00 27939.00 
27305.00 27932.00 
27314.00 27929.00 
27400.00 27922.00 
27406.00 27875.00 
27439.00 27860.00 
27449.00 27837.00 
27455.00 27833.00 
27459.00 27832.00 
27479.00 27821.00 
27497.00 27818.00 
27505.00 27815.00 
27535.00 27806.00 
27541.00 27795.00 
27547.00 27783.00 
27550.00 27779.00 
27600.00 27758.00 
27608.00 27722.00 
27621.00 27716.00 
27635.00 27696.00 
27648.00 27690.00 
27657.00 27684.00 
27672.00 27660.00 
27675.00 27635.00 
27683.00 27628.00 
27688.00 27620.00 
27693.00 27583.00 
27739.00 27577.00 
27778.00 27564.00 
27784.00 27553.00 
27800.00 27441.00 
27826.00 27395.00 
27098.00 27964.00 
27138.00 27948.00 
27168.00 27944.00 
27170.00 27867.00 
27321.00 27861.00 
27322.00 27812.00 
27364.00 27802.00 
27397.00 27789.00 
27406.00 27743.00 
27421.00 27723.00 
27427.00 27693.00 
27439.00 27683.00 
27452.00 27682.00 
27454.00 27674.00 
27486.00 27643.00 
27505.00 27623.00 
27511.00 27593.00 
27529.00 27573.00 
27537.00 27562.00 
27585.00 27547.00 
27182.00 27833.00 
27245.00 27811.00 
27260.00 27793.00 
27262.00 27773.00 
27296.00 27766.00 
27311.00 27749.00 
27348.00 27740.00 
27357.00 27699.00 
27379.00 27688.00 
27400.00 27655.00 
27436.00 27651.00 
27463.00 27607.00 
27470.00 27554.00 
27494.00 27537.00 
27539.00 27502.00 
27074.00 28098.00 
27118.00 28074.00 
27126.00 28072.00 
27144.00 28065.00 
27146.00 28059.00 
27156.00 28058.00 
27200.00 28056.00 
27202.00 28047.00 
27215.00 28037.00 
27236.00 28036.00 
27259.00 28028.00 
27267.00 28011.00 
27298.00 27999.00 
27330.00 27959.00 
27357.00 27951.00 
27364.00 27921.00 
27368.00 27895.00 
27371.00 27887.00 
27386.00 27883.00 
27390.00 27874.00 
27470.00 27869.00 
27486.00 27830.00 
27494.00 27818.00 
27499.00 27799.00 
27530.00 27782.00 
27545.00 27775.00 
27560.00 27726.00 
27563.00 27716.00 
27565.00 27705.00 
27566.00 27698.00 
27569.00 27696.00 
27592.00 27692.00 
27601.00 27666.00 
27621.00 27653.00 
27638.00 27623.00 
27675.00 27544.00 
27188.00 28126.00 
27203.00 28112.00 
27211.00 28111.00 
27237.00 28105.00 
27260.00 28100.00 
27280.00 28070.00 
27281.00 28044.00 
27410.00 28043.00 
27432.00 27997.00 
27439.00 27995.00 
27465.00 27989.00 
27474.00 27957.00 
27490.00 27955.00 
27520.00 27949.00 
27560.00 27938.00 
27581.00 27892.00 
27589.00 27890.00 
27593.00 27876.00 
27605.00 27854.00 
27624.00 27833.00 
27664.00 27820.00 
27666.00 27797.00 
27693.00 27772.00 
27698.00 27768.00 
27723.00 27757.00 
27734.00 27651.00 
27738.00 27627.00 
27752.00 27606.00 
27306.00 27583.00 
27346.00 27580.00 
27348.00 27553.00 
27360.00 27530.00 
27367.00 27528.00 
27384.00 27527.00 
27391.00 27510.00 
27409.00 27500.00 
27415.00 27445.00 
27439.00 27427.00 
27440.00 27399.00 
27460.00 27342.00 
27557.00 27334.00 
26972.00 28075.00 
27070.00 28072.00 
27219.00 28008.00 
27256.00 27968.00 
27276.00 27956.00 
27277.00 27942.00 
27304.00 27933.00 
27333.00 27929.00 
27384.00 27888.00 
27393.00 27859.00 
27395.00 27857.00 
27398.00 27855.00 
27399.00 27828.00 
27406.00 27827.00 
27411.00 27809.00 
27422.00 27808.00 
27454.00 27798.00 
27465.00 27797.00 
27467.00 27766.00 
27475.00 27751.00 
27489.00 27750.00 
27494.00 27746.00 
27499.00 27741.00 
27508.00 27723.00 
27523.00 27721.00 
27527.00 27696.00 
27570.00 27687.00 
26888.00 28032.00 
26994.00 28011.00 
27012.00 27990.00 
27013.00 27983.00 
27014.00 27963.00 
27029.00 27950.00 
27050.00 27946.00 
27051.00 27928.00 
27076.00 27926.00 
27081.00 27899.00 
27091.00 27897.00 
27178.00 27874.00 
27189.00 27831.00 
27237.00 27816.00 
27246.00 27737.00 
27251.00 27716.00 
27281.00 27705.00 
27297.00 27688.00 
27318.00 27653.00 
27319.00 27638.00 
27399.00 27635.00 
27378.00 27989.00 
27403.00 27986.00 
27413.00 27955.00 
27452.00 27954.00 
27453.00 27953.00 
27461.00 27932.00 
27500.00 27925.00 
27525.00 27922.00 
27556.00 27882.00 
27561.00 27869.00 
27562.00 27865.00 
27567.00 27861.00 
27579.00 27852.00 
27594.00 27842.00 
27618.00 27822.00 
27623.00 27810.00 
27641.00 27795.00 
27663.00 27777.00 
27673.00 27760.00 
27685.00 27758.00 
27705.00 27754.00 
27735.00 27699.00 
27740.00 27696.00 
27751.00 27676.00 
27753.00 27675.00 
27756.00 27652.00 
27765.00 27623.00 
27794.00 27622.00 
27797.00 27596.00 
27805.00 27546.00 
27836.00 27544.00 
27842.00 27542.00 
27843.00 27503.00 
26746.00 28096.00 
26858.00 28083.00 
26876.00 28080.00 
26949.00 28050.00 
26958.00 28025.00 
26976.00 28010.00 
26980.00 28006.00 
27018.00 27981.00 
27058.00 27955.00 
27082.00 27933.00 
27088.00 27920.00 
27113.00 27913.00 
27123.00 27898.00 
27126.00 27895.00 
27130.00 27893.00 
27159.00 27865.00 
27180.00 27857.00 
27181.00 27842.00 
27185.00 27840.00 
27192.00 27831.00 
27214.00 27811.00 
27232.00 27807.00 
27241.00 27784.00 
27258.00 27755.00 
27265.00 27754.00 
27274.00 27744.00 
27275.00 27738.00 
27289.00 27716.00 
27292.00 27709.00 
27334.00 27668.00 
27344.00 27581.00 
27350.00 27141.00 
27361.00 27038.00 
27398.00 27572.00 
27457.00 27567.00 
27491.00 27537.00 
27512.00 27535.00 
27517.00 27531.00 
27524.00 27503.00 
27526.00 27502.00 
27570.00 27500.00 
27583.00 27486.00 
27598.00 27463.00 
27636.00 27455.00 
27650.00 27422.00 
27652.00 27408.00 
27659.00 27407.00 
27713.00 27398.00 
27716.00 27367.00 
27738.00 27362.00 
27747.00 27360.00 
27769.00 27355.00 
27780.00 27346.00 
27782.00 27336.00 
27786.00 27326.00 
27817.00 27319.00 
27828.00 27272.00 
27830.00 27257.00 
27845.00 27250.00 
27873.00 27196.00 
27879.00 27089.00 
27895.00 27060.00 
27008.00 28091.00 
27056.00 28087.00 
27102.00 28074.00 
27117.00 28072.00 
27130.00 28033.00 
27165.00 28019.00 
27169.00 28011.00 
27183.00 27991.00 
27187.00 27989.00 
27199.00 27983.00 
27203.00 27981.00 
27211.00 27966.00 
27242.00 27959.00 
27246.00 27926.00 
27261.00 27922.00 
27264.00 27906.00 
27274.00 27905.00 
27297.00 27904.00 
27320.00 27882.00 
27321.00 27865.00 
27351.00 27859.00 
27364.00 27842.00 
27369.00 27786.00 
27414.00 27768.00 
27435.00 27717.00 
27478.00 26696.00 
27480.00 26619.00 
27535.00 26595.00 
27542.00 26433.00 
27581.00 26425.00 
27594.00 26360.00 
27596.00 26337.00 
27626.00 26316.00 
27343.00 28059.00 
27358.00 28035.00 
27371.00 28015.00 
27393.00 28011.00 
27415.00 27994.00 
27437.00 27990.00 
27479.00 27976.00 
27503.00 27945.00 
27506.00 27933.00 
27519.00 27913.00 
27524.00 27911.00 
27527.00 27899.00 
27561.00 27887.00 
27581.00 27876.00 
27584.00 27864.00 
27594.00 27856.00 
27597.00 27844.00 
27598.00 27833.00 
27613.00 27826.00 
27629.00 27823.00 
27632.00 27814.00 
27642.00 27806.00 
27650.00 27783.00 
27653.00 27771.00 
27660.00 27769.00 
27672.00 27757.00 
27677.00 27755.00 
27686.00 27737.00 
27710.00 27728.00 
27719.00 27692.00 
27727.00 27685.00 
27742.00 27678.00 
27777.00 27659.00 
27799.00 27618.00 
27802.00 27589.00 
27810.00 27584.00 
27861.00 27572.00 
27430.00 27830.00 
27473.00 27825.00 
27508.00 27810.00 
27605.00 27809.00 
27634.00 27795.00 
27640.00 27739.00 
27651.00 27733.00 
27680.00 27721.00 
27681.00 27719.00 
27708.00 27718.00 
27739.00 27689.00 
27746.00 27655.00 
27754.00 27635.00 
27759.00 27630.00 
27769.00 27629.00 
27786.00 27624.00 
27790.00 27604.00 
27800.00 27601.00 
27814.00 27587.00 
27818.00 27577.00 
27821.00 27573.00 
27853.00 27562.00 
27881.00 27555.00 
27883.00 27492.00 
27899.00 27476.00 
27906.00 27473.00 
27930.00 27459.00 
27941.00 27414.00 
27979.00 27409.00 
27981.00 27375.00 
27996.00 27347.00 
