18534.00 19218.00 
18564.00 19207.00 
18600.00 19201.00 
18623.00 19187.00 
18659.00 19172.00 
18668.00 19166.00 
18686.00 19153.00 
18687.00 19136.00 
18690.00 19134.00 
18704.00 19127.00 
18712.00 19113.00 
18716.00 19102.00 
18732.00 19099.00 
18743.00 19093.00 
18749.00 19087.00 
18752.00 19078.00 
18753.00 19075.00 
18760.00 19064.00 
18783.00 19061.00 
18797.00 19044.00 
18805.00 19028.00 
18806.00 19015.00 
18850.00 19008.00 
18853.00 18979.00 
18854.00 18976.00 
18861.00 18967.00 
18878.00 18960.00 
18883.00 18938.00 
18889.00 18914.00 
18911.00 18890.00 
18914.00 18861.00 
18931.00 18831.00 
18599.00 19166.00 
18627.00 19140.00 
18668.00 19122.00 
18730.00 19105.00 
18734.00 19094.00 
18758.00 19079.00 
18761.00 19061.00 
18786.00 19054.00 
18790.00 19046.00 
18806.00 19044.00 
18811.00 19008.00 
18836.00 19003.00 
18872.00 18985.00 
18880.00 18938.00 
18883.00 18936.00 
18890.00 18898.00 
18893.00 18893.00 
18919.00 18888.00 
18921.00 18863.00 
18945.00 18854.00 
18958.00 18820.00 
18971.00 18811.00 
18972.00 18766.00 
19005.00 18753.00 
18658.00 19057.00 
18683.00 19046.00 
18706.00 19029.00 
18731.00 19019.00 
18738.00 19010.00 
18825.00 19000.00 
18840.00 18959.00 
18877.00 18907.00 
18881.00 18888.00 
18919.00 18877.00 
18955.00 18831.00 
18971.00 18799.00 
18974.00 18717.00 
18978.00 18690.00 
19013.00 18688.00 
18376.00 19351.00 
18449.00 19341.00 
18455.00 19338.00 
18484.00 19320.00 
18490.00 19300.00 
18505.00 19291.00 
18508.00 19275.00 
18523.00 19274.00 
18560.00 19236.00 
18561.00 19220.00 
18572.00 19212.00 
18582.00 19204.00 
18596.00 19199.00 
18609.00 19177.00 
18628.00 19167.00 
18663.00 19146.00 
18665.00 19118.00 
18683.00 19106.00 
18734.00 19081.00 
18753.00 18979.00 
18794.00 18906.00 
18372.00 19393.00 
18435.00 19379.00 
18443.00 19375.00 
18456.00 19357.00 
18472.00 19354.00 
18517.00 19348.00 
18535.00 19334.00 
18542.00 19319.00 
18599.00 19313.00 
18607.00 19280.00 
18643.00 19270.00 
18645.00 19253.00 
18658.00 19242.00 
18663.00 19239.00 
18684.00 19233.00 
18692.00 19216.00 
18697.00 19207.00 
18699.00 19206.00 
18708.00 19205.00 
18714.00 19192.00 
18743.00 19191.00 
18752.00 19176.00 
18757.00 19173.00 
18790.00 19146.00 
18794.00 19133.00 
18799.00 19120.00 
18805.00 19119.00 
18816.00 19118.00 
18826.00 19097.00 
18828.00 19082.00 
18834.00 19081.00 
18836.00 19074.00 
18851.00 19071.00 
18853.00 19035.00 
18868.00 19020.00 
18891.00 19008.00 
18436.00 19208.00 
18494.00 19204.00 
18531.00 19192.00 
18538.00 19173.00 
18545.00 19170.00 
18550.00 19165.00 
18568.00 19164.00 
18578.00 19146.00 
18621.00 19141.00 
18625.00 19117.00 
18632.00 19114.00 
18645.00 19108.00 
18666.00 19091.00 
18683.00 19087.00 
18692.00 19054.00 
18708.00 19043.00 
18715.00 19035.00 
18757.00 19008.00 
18764.00 19001.00 
18851.00 18990.00 
18885.00 18970.00 
18893.00 18953.00 
18904.00 18909.00 
18915.00 18874.00 
18923.00 18866.00 
18935.00 18840.00 
18939.00 18817.00 
18943.00 18809.00 
18964.00 18801.00 
18966.00 18782.00 
18979.00 18774.00 
18993.00 18759.00 
19022.00 18720.00 
18600.00 19287.00 
18607.00 19281.00 
18612.00 19269.00 
18623.00 19259.00 
18637.00 19249.00 
18680.00 19247.00 
18698.00 19242.00 
18703.00 19226.00 
18725.00 19220.00 
18726.00 19198.00 
18763.00 19191.00 
18786.00 19170.00 
18807.00 19148.00 
18814.00 19113.00 
18819.00 19089.00 
18824.00 19087.00 
18830.00 19055.00 
18843.00 19054.00 
18849.00 19034.00 
18896.00 19029.00 
18925.00 18949.00 
18935.00 18872.00 
18939.00 18868.00 
18948.00 18854.00 
18979.00 18822.00 
18990.00 18800.00 
18487.00 19353.00 
18493.00 19329.00 
18507.00 19320.00 
18558.00 19316.00 
18564.00 19292.00 
18571.00 19286.00 
18585.00 19265.00 
18619.00 19257.00 
18630.00 19245.00 
18652.00 19221.00 
18688.00 19206.00 
18700.00 19178.00 
18717.00 19164.00 
18722.00 19154.00 
18726.00 19149.00 
18745.00 19142.00 
18766.00 19133.00 
18770.00 19119.00 
18780.00 19092.00 
18797.00 19080.00 
18811.00 19063.00 
18820.00 19050.00 
18873.00 19030.00 
18899.00 18970.00 
18712.00 19018.00 
18758.00 19015.00 
18777.00 19000.00 
18783.00 18990.00 
18803.00 18981.00 
18807.00 18964.00 
18843.00 18959.00 
18865.00 18943.00 
18872.00 18928.00 
18887.00 18910.00 
18902.00 18900.00 
18908.00 18873.00 
18911.00 18862.00 
18917.00 18861.00 
18919.00 18855.00 
18920.00 18850.00 
18928.00 18848.00 
18939.00 18845.00 
18943.00 18838.00 
18949.00 18830.00 
18952.00 18828.00 
18960.00 18819.00 
18982.00 18812.00 
18994.00 18790.00 
18997.00 18782.00 
19008.00 18754.00 
19010.00 18733.00 
19016.00 18731.00 
19018.00 18673.00 
19041.00 18654.00 
18530.00 19248.00 
18549.00 19199.00 
18633.00 19198.00 
18642.00 19192.00 
18670.00 19188.00 
18692.00 19184.00 
18725.00 19148.00 
18734.00 19142.00 
18742.00 19123.00 
18744.00 19120.00 
18754.00 19100.00 
18764.00 19090.00 
18777.00 19084.00 
18799.00 19071.00 
18804.00 19059.00 
18837.00 19042.00 
18850.00 19024.00 
18861.00 19006.00 
18871.00 18976.00 
18887.00 18970.00 
18888.00 18969.00 
18894.00 18953.00 
18949.00 18949.00 
18956.00 18886.00 
18970.00 18875.00 
19003.00 18852.00 
19005.00 18800.00 
19022.00 18785.00 
19026.00 18742.00 
19028.00 18738.00 
19059.00 18720.00 
19060.00 18704.00 
19069.00 18668.00 
19074.00 18626.00 
19087.00 18607.00 
19088.00 18599.00 
19089.00 18588.00 
18141.00 19581.00 
18158.00 19576.00 
18226.00 19557.00 
18227.00 19544.00 
18246.00 19536.00 
18263.00 19531.00 
18284.00 19528.00 
18287.00 19527.00 
18332.00 19499.00 
18372.00 19468.00 
18381.00 19460.00 
18443.00 19427.00 
18464.00 19405.00 
18491.00 19351.00 
18514.00 19350.00 
18561.00 19313.00 
18567.00 19276.00 
18569.00 19275.00 
18593.00 19254.00 
18621.00 19217.00 
18622.00 19172.00 
18666.00 19158.00 
18681.00 19091.00 
18564.00 19163.00 
18615.00 19156.00 
18620.00 19144.00 
18631.00 19132.00 
18652.00 19124.00 
18663.00 19123.00 
18668.00 19112.00 
18695.00 19103.00 
18723.00 19099.00 
18766.00 19078.00 
18771.00 19067.00 
18783.00 19056.00 
18821.00 19029.00 
18830.00 19023.00 
18835.00 19012.00 
18881.00 18992.00 
18882.00 18968.00 
18883.00 18958.00 
18912.00 18945.00 
18929.00 18938.00 
18951.00 18916.00 
18963.00 18876.00 
18977.00 18855.00 
18980.00 18846.00 
18988.00 18818.00 
19012.00 18784.00 
18239.00 19486.00 
18243.00 19471.00 
18274.00 19467.00 
18322.00 19455.00 
18369.00 19448.00 
18392.00 19413.00 
18393.00 19409.00 
18399.00 19408.00 
18401.00 19399.00 
18407.00 19398.00 
18447.00 19392.00 
18501.00 19375.00 
18502.00 19339.00 
18531.00 19327.00 
18546.00 19305.00 
18579.00 19299.00 
18606.00 19274.00 
18607.00 19247.00 
18612.00 19232.00 
18643.00 19205.00 
18653.00 19199.00 
18660.00 19198.00 
18670.00 19192.00 
18674.00 19188.00 
18704.00 19184.00 
18749.00 19143.00 
18760.00 19114.00 
18998.00 18818.00 
19034.00 18805.00 
19038.00 18789.00 
19048.00 18772.00 
19065.00 18771.00 
19087.00 18747.00 
19091.00 18740.00 
19094.00 18737.00 
19097.00 18721.00 
19103.00 18716.00 
19110.00 18706.00 
19121.00 18697.00 
19127.00 18696.00 
19128.00 18687.00 
19138.00 18683.00 
19143.00 18677.00 
19145.00 18673.00 
19166.00 18671.00 
19173.00 18661.00 
19185.00 18633.00 
19192.00 18623.00 
19202.00 18607.00 
19207.00 18570.00 
19224.00 18569.00 
19230.00 18568.00 
19232.00 18553.00 
19236.00 18545.00 
19241.00 18544.00 
19245.00 18536.00 
19255.00 18507.00 
19259.00 18504.00 
19260.00 18500.00 
19275.00 18487.00 
19281.00 18448.00 
19293.00 18398.00 
19317.00 18382.00 
19322.00 18288.00 
18653.00 19095.00 
18688.00 19052.00 
18749.00 19046.00 
18830.00 19017.00 
18846.00 19000.00 
18847.00 18999.00 
18853.00 18992.00 
18885.00 18985.00 
18893.00 18941.00 
18899.00 18930.00 
18905.00 18928.00 
18938.00 18913.00 
18944.00 18891.00 
18949.00 18887.00 
18971.00 18870.00 
18974.00 18851.00 
18984.00 18837.00 
18993.00 18836.00 
19016.00 18826.00 
19024.00 18797.00 
19041.00 18777.00 
19047.00 18773.00 
19053.00 18729.00 
19057.00 18724.00 
19061.00 18723.00 
19064.00 18718.00 
19073.00 18704.00 
19092.00 18696.00 
19096.00 18645.00 
19137.00 18640.00 
19151.00 18590.00 
18472.00 19399.00 
18516.00 19392.00 
18549.00 19385.00 
18559.00 19359.00 
18578.00 19344.00 
18587.00 19343.00 
18602.00 19341.00 
18629.00 19334.00 
18632.00 19319.00 
18649.00 19314.00 
18660.00 19286.00 
18714.00 19282.00 
18726.00 19233.00 
18728.00 19232.00 
18742.00 19224.00 
18748.00 19223.00 
18751.00 19220.00 
18757.00 19208.00 
18758.00 19187.00 
18764.00 19186.00 
18767.00 19183.00 
18771.00 19172.00 
18773.00 19171.00 
18799.00 19164.00 
18804.00 19149.00 
18820.00 19137.00 
18828.00 19094.00 
18832.00 19070.00 
18737.00 18999.00 
18765.00 18973.00 
18813.00 18968.00 
18819.00 18959.00 
18833.00 18954.00 
18836.00 18936.00 
18837.00 18934.00 
18850.00 18928.00 
18859.00 18918.00 
18866.00 18916.00 
18871.00 18910.00 
18903.00 18908.00 
18907.00 18877.00 
18916.00 18866.00 
18928.00 18864.00 
18929.00 18852.00 
18931.00 18842.00 
18940.00 18838.00 
18944.00 18836.00 
18953.00 18825.00 
18976.00 18818.00 
18991.00 18784.00 
19015.00 18761.00 
19028.00 18710.00 
19032.00 18696.00 
19036.00 18681.00 
19037.00 18680.00 
19044.00 18679.00 
19045.00 18672.00 
19049.00 18670.00 
19059.00 18643.00 
19066.00 18616.00 
19068.00 18609.00 
19081.00 18602.00 
18373.00 19338.00 
18406.00 19325.00 
18411.00 19304.00 
18431.00 19302.00 
18439.00 19301.00 
18453.00 19297.00 
18473.00 19295.00 
18492.00 19285.00 
18506.00 19276.00 
18533.00 19248.00 
18570.00 19241.00 
18612.00 19234.00 
18615.00 19213.00 
18710.00 19170.00 
18712.00 19093.00 
18720.00 19074.00 
18730.00 19062.00 
18735.00 19059.00 
18756.00 19055.00 
18771.00 19027.00 
18773.00 18999.00 
18805.00 18988.00 
18809.00 18980.00 
18530.00 19199.00 
18547.00 19167.00 
18567.00 19163.00 
18585.00 19156.00 
18616.00 19149.00 
18649.00 19136.00 
18657.00 19131.00 
18704.00 19104.00 
18730.00 19085.00 
18734.00 19083.00 
18805.00 19029.00 
18829.00 18989.00 
18847.00 18986.00 
18852.00 18980.00 
18871.00 18947.00 
18886.00 18943.00 
18926.00 18875.00 
18932.00 18814.00 
18955.00 18813.00 
18961.00 18771.00 
18977.00 18755.00 
18437.00 19440.00 
18468.00 19422.00 
18490.00 19415.00 
18530.00 19393.00 
18551.00 19374.00 
18559.00 19357.00 
18578.00 19341.00 
18580.00 19335.00 
18612.00 19332.00 
18617.00 19321.00 
18622.00 19312.00 
18627.00 19305.00 
18637.00 19304.00 
18674.00 19294.00 
18682.00 19283.00 
18699.00 19266.00 
18707.00 19255.00 
18709.00 19237.00 
18715.00 19229.00 
18717.00 19226.00 
18732.00 19216.00 
18734.00 19209.00 
18737.00 19205.00 
18742.00 19198.00 
18754.00 19189.00 
18768.00 19185.00 
18776.00 19174.00 
18807.00 19162.00 
18824.00 19130.00 
18833.00 19095.00 
18840.00 19071.00 
18858.00 19067.00 
18868.00 19038.00 
