16958.00 18110.00 17753.00 
16991.00 17719.00 18158.00 
16999.00 17658.00 18316.00 
17011.00 17570.00 18291.00 
17017.00 18121.00 17689.00 
17021.00 17973.00 18044.00 
17041.00 18014.00 17921.00 
17064.00 17969.00 18102.00 
17072.00 18185.00 17664.00 
17077.00 18100.00 17810.00 
17094.00 18095.00 17740.00 
17106.00 18027.00 17871.00 
17115.00 17903.00 18100.00 
17116.00 17701.00 18251.00 
17123.00 17973.00 18028.00 
17152.00 18089.00 17778.00 
17156.00 18193.00 17578.00 
17158.00 18170.00 17680.00 
17180.00 17906.00 18010.00 
17201.00 17502.00 18280.00 
17213.00 17978.00 17925.00 
17218.00 17788.00 18148.00 
17218.00 17876.00 18106.00 
17233.00 18142.00 17601.00 
17235.00 18066.00 17840.00 
17261.00 17910.00 17986.00 
17265.00 18032.00 17710.00 
17269.00 17797.00 18061.00 
17272.00 17734.00 18121.00 
17274.00 17704.00 18194.00 
17276.00 18186.00 17550.00 
17286.00 17915.00 17910.00 
17314.00 17632.00 18260.00 
17331.00 18205.00 17415.00 
17349.00 18150.00 17548.00 
17351.00 17994.00 17837.00 
17362.00 17657.00 18182.00 
17377.00 17766.00 18079.00 
17391.00 17802.00 17963.00 
17393.00 17875.00 17945.00 
17395.00 18024.00 17753.00 
17397.00 18172.00 17467.00 
17404.00 17543.00 18245.00 
17404.00 17696.00 18102.00 
17404.00 18223.00 17228.00 
17438.00 17874.00 17894.00 
17443.00 18128.00 17684.00 
17445.00 17636.00 18091.00 
17454.00 17762.00 17997.00 
17457.00 18158.00 17344.00 
17468.00 17716.00 18085.00 
17482.00 18095.00 17520.00 
17484.00 17983.00 17893.00 
17492.00 18058.00 17141.00 
17494.00 17803.00 17929.00 
17502.00 18038.00 17633.00 
17511.00 17923.00 17696.00 
17520.00 17919.00 17818.00 
17521.00 17601.00 18117.00 
17522.00 17662.00 18007.00 
17523.00 17998.00 17524.00 
17524.00 18036.00 17263.00 
17528.00 17522.00 18054.00 
17542.00 17860.00 17839.00 
17550.00 17733.00 18006.00 
17564.00 17843.00 17910.00 
17569.00 17691.00 17822.00 
17572.00 17673.00 17926.00 
17574.00 17473.00 18187.00 
17580.00 17886.00 17743.00 
17581.00 17977.00 17562.00 
17597.00 17498.00 18119.00 
17597.00 17974.00 17473.00 
17599.00 18013.00 17411.00 
17603.00 17828.00 17787.00 
17610.00 17653.00 18021.00 
17617.00 17568.00 17947.00 
17623.00 17977.00 17332.00 
17654.00 17954.00 17547.00 
17665.00 17673.00 17875.00 
17673.00 17833.00 17688.00 
17674.00 17520.00 17995.00 
17681.00 17953.00 17681.00 
17686.00 17827.00 17770.00 
17698.00 17591.00 17901.00 
17727.00 17876.00 17573.00 
17729.00 17743.00 17809.00 
17739.00 17791.00 17750.00 
17740.00 17903.00 17473.00 
17762.00 17688.00 17758.00 
17777.00 17672.00 17898.00 
17797.00 17821.00 17717.00 
17802.00 17810.00 17615.00 
17808.00 17596.00 17845.00 
17823.00 17475.00 17815.00 
17825.00 17743.00 17728.00 
17843.00 17678.00 17746.00 
17861.00 17706.00 17624.00 
17875.00 17459.00 17749.00 
17904.00 17636.00 17717.00 
16868.00 18254.00 18060.00 
16903.00 18354.00 17896.00 
16940.00 17789.00 18389.00 
16955.00 18159.00 18214.00 
16968.00 18348.00 18029.00 
16974.00 18471.00 17793.00 
16977.00 17930.00 18357.00 
16981.00 18111.00 18155.00 
17000.00 18228.00 18033.00 
17011.00 18212.00 18154.00 
17022.00 18303.00 17932.00 
17031.00 18058.00 18237.00 
17037.00 18063.00 18145.00 
17040.00 17943.00 18270.00 
17088.00 18186.00 18035.00 
17096.00 18281.00 18012.00 
17104.00 18357.00 17851.00 
17108.00 17999.00 18205.00 
17109.00 18404.00 17655.00 
17116.00 18262.00 17923.00 
17132.00 17891.00 18382.00 
17142.00 17924.00 18303.00 
17146.00 17815.00 18388.00 
17149.00 18125.00 18135.00 
17154.00 18028.00 18146.00 
17164.00 17981.00 18036.00 
17179.00 18125.00 18031.00 
17180.00 18318.00 17790.00 
17188.00 18191.00 17973.00 
17190.00 18294.00 17865.00 
17196.00 18377.00 17710.00 
17206.00 17875.00 18257.00 
17210.00 18231.00 17896.00 
17226.00 18339.00 17608.00 
17239.00 17868.00 18352.00 
17248.00 17955.00 18186.00 
17261.00 17823.00 18288.00 
17271.00 18236.00 17818.00 
17288.00 17674.00 18380.00 
17290.00 18076.00 18022.00 
17304.00 18162.00 17960.00 
17316.00 17963.00 18077.00 
17320.00 18083.00 17930.00 
17325.00 17759.00 18333.00 
17331.00 18309.00 17670.00 
17336.00 18260.00 17783.00 
17343.00 18198.00 17866.00 
17362.00 17944.00 18161.00 
17364.00 17844.00 18256.00 
17375.00 17706.00 18247.00 
17377.00 17931.00 18050.00 
17384.00 17812.00 18135.00 
17385.00 18006.00 17985.00 
17391.00 18098.00 17901.00 
17409.00 17763.00 18193.00 
17409.00 18227.00 17743.00 
17423.00 17749.00 18121.00 
17433.00 17624.00 18383.00 
17439.00 17888.00 18058.00 
17439.00 18147.00 17792.00 
17443.00 18045.00 17772.00 
17450.00 17675.00 18244.00 
17452.00 17958.00 17961.00 
17476.00 17446.00 18333.00 
17477.00 17558.00 18261.00 
17477.00 17993.00 17821.00 
17484.00 17316.00 18326.00 
17487.00 18177.00 17686.00 
17488.00 17840.00 18114.00 
17500.00 18083.00 17695.00 
17516.00 17716.00 18239.00 
17517.00 17887.00 17986.00 
17520.00 17388.00 18278.00 
17523.00 17990.00 17934.00 
17532.00 17702.00 18164.00 
17536.00 17834.00 18048.00 
17545.00 17724.00 18057.00 
17553.00 18021.00 17574.00 
17555.00 17559.00 18230.00 
17556.00 18017.00 17663.00 
17571.00 17916.00 17906.00 
17572.00 17460.00 18232.00 
17573.00 17978.00 17844.00 
17586.00 17626.00 18193.00 
17593.00 17975.00 17764.00 
17596.00 17656.00 18099.00 
17605.00 17856.00 17962.00 
17621.00 17802.00 18015.00 
17626.00 17690.00 17987.00 
17632.00 17591.00 18097.00 
17643.00 17782.00 17879.00 
17664.00 17647.00 18061.00 
17678.00 17545.00 18052.00 
17698.00 17683.00 17955.00 
17701.00 17887.00 17853.00 
17706.00 17567.00 17972.00 
17710.00 17760.00 17803.00 
17724.00 17765.00 17622.00 
17741.00 17443.00 18034.00 
17770.00 17632.00 17867.00 
16955.00 18057.00 18095.00 
16975.00 18139.00 18019.00 
16980.00 17955.00 18232.00 
16995.00 18142.00 17942.00 
17015.00 17721.00 18465.00 
17037.00 18040.00 18138.00 
17041.00 17834.00 18345.00 
17057.00 17914.00 18208.00 
17075.00 17618.00 18477.00 
17083.00 17694.00 18413.00 
17091.00 18106.00 17942.00 
17092.00 18036.00 18044.00 
17108.00 17998.00 18160.00 
17120.00 17745.00 18353.00 
17122.00 17798.00 18295.00 
17138.00 17876.00 18249.00 
17143.00 17936.00 18129.00 
17161.00 17870.00 18169.00 
17197.00 18083.00 18031.00 
17200.00 17966.00 18093.00 
17206.00 17709.00 18299.00 
17206.00 18033.00 17938.00 
17213.00 17842.00 18236.00 
17219.00 17699.00 18378.00 
17220.00 18131.00 17914.00 
17241.00 17622.00 18460.00 
17249.00 18064.00 17852.00 
17250.00 17789.00 18280.00 
17253.00 17932.00 18150.00 
17275.00 18132.00 17764.00 
17283.00 17572.00 18424.00 
17289.00 17718.00 18237.00 
17304.00 17483.00 18422.00 
17307.00 17864.00 18195.00 
17313.00 17777.00 18184.00 
17319.00 17836.00 18102.00 
17331.00 18009.00 18011.00 
17338.00 18103.00 17848.00 
17348.00 17558.00 18383.00 
17349.00 17648.00 18241.00 
17368.00 17644.00 18379.00 
17373.00 17895.00 18023.00 
17386.00 18105.00 17756.00 
17406.00 17929.00 17915.00 
17412.00 17824.00 18144.00 
17419.00 17767.00 18199.00 
17429.00 17599.00 18273.00 
17454.00 17989.00 17911.00 
17455.00 17982.00 17802.00 
17458.00 17869.00 18058.00 
17469.00 17679.00 18190.00 
17472.00 17541.00 18334.00 
17475.00 18098.00 17730.00 
17486.00 17823.00 17996.00 
17488.00 17522.00 18262.00 
17507.00 17801.00 18094.00 
17508.00 17465.00 18403.00 
17529.00 17734.00 18126.00 
17531.00 17719.00 18040.00 
17537.00 17637.00 18201.00 
17541.00 17973.00 17800.00 
17545.00 18051.00 17703.00 
17551.00 17914.00 17869.00 
17552.00 17960.00 17672.00 
17559.00 17571.00 18129.00 
17572.00 17882.00 17941.00 
17587.00 17381.00 18274.00 
17589.00 17765.00 18011.00 
17599.00 17536.00 18256.00 
17600.00 17945.00 17732.00 
17601.00 17902.00 17815.00 
17611.00 17680.00 18071.00 
17625.00 17439.00 18233.00 
17632.00 17497.00 18113.00 
17639.00 17892.00 17646.00 
17640.00 17822.00 17846.00 
17650.00 17689.00 17976.00 
17661.00 17842.00 17703.00 
17672.00 17760.00 17954.00 
17677.00 17703.00 17866.00 
17678.00 17634.00 18079.00 
17683.00 17597.00 17953.00 
17716.00 17773.00 17714.00 
17718.00 17664.00 17926.00 
17719.00 17552.00 18061.00 
17730.00 17407.00 18149.00 
17734.00 17740.00 17821.00 
17745.00 17541.00 17892.00 
17756.00 17518.00 17982.00 
17757.00 17389.00 17910.00 
17778.00 17774.00 17610.00 
17779.00 17737.00 17733.00 
17782.00 17665.00 17733.00 
17788.00 17552.00 17827.00 
17795.00 17629.00 17798.00 
17812.00 17651.00 17664.00 
17812.00 17730.00 17662.00 
17840.00 17549.00 17743.00 
17844.00 17493.00 17811.00 
17925.00 17617.00 17699.00 
16630.00 17803.00 18387.00 
16771.00 17768.00 18420.00 
16791.00 17807.00 18360.00 
16824.00 17952.00 18323.00 
16877.00 18101.00 18208.00 
16896.00 18040.00 18249.00 
16909.00 18143.00 18156.00 
16932.00 17996.00 18254.00 
16934.00 18168.00 18069.00 
16938.00 18246.00 18014.00 
16943.00 17913.00 18342.00 
16951.00 18157.00 18136.00 
16979.00 18003.00 18243.00 
16980.00 17947.00 18274.00 
16980.00 18077.00 18203.00 
16989.00 17903.00 18271.00 
16992.00 17855.00 18345.00 
16992.00 18118.00 18157.00 
16996.00 17783.00 18387.00 
16996.00 17788.00 18334.00 
17005.00 18193.00 18065.00 
17011.00 17992.00 18264.00 
17020.00 17730.00 18413.00 
17035.00 17893.00 18317.00 
17038.00 17776.00 18350.00 
17045.00 17936.00 18262.00 
17048.00 17817.00 18312.00 
17049.00 18223.00 18032.00 
17059.00 18284.00 17914.00 
17067.00 17732.00 18404.00 
17075.00 18081.00 18142.00 
17096.00 17977.00 18233.00 
17103.00 18200.00 17909.00 
17104.00 17738.00 18351.00 
17104.00 17915.00 18242.00 
17104.00 18191.00 17990.00 
17107.00 17813.00 18313.00 
17109.00 18240.00 17893.00 
17111.00 17661.00 18392.00 
17127.00 18244.00 17842.00 
17140.00 18158.00 18134.00 
17150.00 17921.00 18239.00 
17150.00 18074.00 18228.00 
17159.00 17869.00 18241.00 
17160.00 17846.00 18308.00 
17161.00 17935.00 18181.00 
17166.00 17743.00 18337.00 
17169.00 18187.00 17944.00 
17170.00 17790.00 18284.00 
17175.00 18209.00 17801.00 
17183.00 18124.00 18004.00 
17202.00 18015.00 18074.00 
17204.00 18014.00 18161.00 
17207.00 17876.00 18204.00 
17216.00 18146.00 17921.00 
17220.00 17757.00 18306.00 
17220.00 17926.00 18148.00 
17224.00 18068.00 18067.00 
17240.00 17920.00 18197.00 
17241.00 17764.00 18260.00 
17244.00 17978.00 18106.00 
17248.00 17852.00 18253.00 
17253.00 18064.00 18016.00 
17255.00 17932.00 18130.00 
17258.00 17995.00 18017.00 
17263.00 17871.00 18211.00 
17286.00 17835.00 18236.00 
17287.00 18164.00 17818.00 
17290.00 17902.00 18157.00 
17290.00 18139.00 17969.00 
17291.00 18059.00 17986.00 
17297.00 18092.00 17928.00 
17298.00 17994.00 18059.00 
17301.00 18129.00 17706.00 
17304.00 17923.00 18043.00 
17306.00 17824.00 18151.00 
17309.00 17967.00 17982.00 
17317.00 18072.00 17894.00 
17321.00 17902.00 18111.00 
17326.00 18030.00 17952.00 
17334.00 17959.00 18030.00 
17347.00 17935.00 17987.00 
17348.00 17855.00 18085.00 
17351.00 17991.00 17884.00 
17352.00 17799.00 18153.00 
17360.00 17704.00 18177.00 
17361.00 17907.00 18052.00 
17376.00 18123.00 17827.00 
17377.00 17765.00 18113.00 
17385.00 17713.00 18126.00 
17392.00 18091.00 17782.00 
17395.00 17928.00 18014.00 
17405.00 17771.00 18000.00 
17409.00 18084.00 17871.00 
17415.00 18016.00 17776.00 
17416.00 17986.00 17821.00 
17417.00 17912.00 17955.00 
17424.00 17757.00 18054.00 
17481.00 17963.00 17942.00 
17504.00 17708.00 18016.00 
16838.00 17445.00 18269.00 
16858.00 17443.00 18327.00 
16876.00 17566.00 18173.00 
16913.00 17460.00 18245.00 
16926.00 17412.00 18300.00 
16971.00 17684.00 18096.00 
17005.00 17473.00 18228.00 
17035.00 17664.00 18170.00 
17047.00 17759.00 18063.00 
17069.00 17328.00 18382.00 
17070.00 17552.00 18154.00 
17076.00 17708.00 18091.00 
17094.00 17479.00 18225.00 
17094.00 17626.00 18100.00 
17100.00 17538.00 18215.00 
17111.00 17205.00 18350.00 
17117.00 17442.00 18267.00 
17119.00 17784.00 18016.00 
17126.00 17347.00 18221.00 
17132.00 17683.00 18011.00 
17144.00 17680.00 18073.00 
17156.00 17321.00 18327.00 
17161.00 17494.00 18188.00 
17182.00 17265.00 18332.00 
17194.00 17668.00 18008.00 
17195.00 17623.00 18134.00 
17199.00 17207.00 18326.00 
17204.00 17346.00 18221.00 
17205.00 17301.00 18248.00 
17206.00 17238.00 18257.00 
17218.00 17841.00 17996.00 
17236.00 17637.00 18043.00 
17241.00 17833.00 17909.00 
17262.00 17442.00 18202.00 
17281.00 17303.00 18201.00 
17283.00 17237.00 18299.00 
17338.00 17430.00 18129.00 
17344.00 17321.00 18181.00 
17344.00 17928.00 17887.00 
17350.00 17781.00 17979.00 
17357.00 17908.00 17742.00 
17360.00 17845.00 17854.00 
17364.00 17616.00 18054.00 
17372.00 17541.00 18126.00 
17380.00 17538.00 18052.00 
17400.00 17896.00 17809.00 
17406.00 17840.00 17758.00 
17415.00 17679.00 17973.00 
17425.00 17219.00 18250.00 
17440.00 17410.00 18153.00 
17448.00 17295.00 18117.00 
17449.00 17559.00 18008.00 
17470.00 17674.00 17893.00 
17474.00 17898.00 17722.00 
17477.00 17220.00 18131.00 
17499.00 17653.00 17953.00 
17529.00 17498.00 17948.00 
17536.00 17814.00 17869.00 
17544.00 17612.00 17915.00 
17556.00 17447.00 17971.00 
17562.00 17878.00 17631.00 
17564.00 17707.00 17787.00 
17577.00 17446.00 18115.00 
17603.00 17352.00 18032.00 
17604.00 17840.00 17710.00 
17609.00 17194.00 18057.00 
17611.00 17567.00 17901.00 
17617.00 17812.00 17606.00 
17619.00 17443.00 17897.00 
17622.00 17834.00 17524.00 
17624.00 17636.00 17886.00 
17630.00 17620.00 17819.00 
17633.00 17552.00 17804.00 
17642.00 17794.00 17673.00 
17644.00 17416.00 18005.00 
17676.00 17501.00 17815.00 
17678.00 17403.00 17832.00 
17684.00 17845.00 17480.00 
17700.00 17786.00 17743.00 
17705.00 17334.00 17943.00 
17717.00 17770.00 17600.00 
17719.00 17696.00 17671.00 
17724.00 17704.00 17571.00 
17732.00 17627.00 17742.00 
17759.00 17354.00 17883.00 
17761.00 17481.00 17822.00 
17763.00 17682.00 17718.00 
17767.00 17520.00 17778.00 
17773.00 17669.00 17569.00 
17779.00 17388.00 17825.00 
17793.00 17409.00 17707.00 
17826.00 17659.00 17701.00 
17830.00 17784.00 17536.00 
17833.00 17686.00 17478.00 
17840.00 17552.00 17631.00 
17848.00 17638.00 17615.00 
17878.00 17663.00 17429.00 
17887.00 17477.00 17698.00 
17892.00 17643.00 17534.00 
17907.00 17449.00 17575.00 
16878.00 17464.00 18337.00 
16886.00 17311.00 18386.00 
16905.00 17379.00 18341.00 
16934.00 17205.00 18388.00 
16960.00 17251.00 18321.00 
16973.00 17165.00 18315.00 
16995.00 18254.00 17813.00 
17008.00 18145.00 17976.00 
17053.00 18227.00 17941.00 
17065.00 18091.00 18033.00 
17077.00 17164.00 18348.00 
17102.00 18310.00 17726.00 
17106.00 18220.00 17796.00 
17112.00 18295.00 17580.00 
17142.00 18194.00 17903.00 
17145.00 18278.00 17653.00 
17147.00 18087.00 18071.00 
17151.00 18045.00 17992.00 
17154.00 18182.00 17834.00 
17160.00 17999.00 18234.00 
17163.00 18197.00 17746.00 
17181.00 18042.00 18120.00 
17182.00 18203.00 17667.00 
17193.00 17911.00 18259.00 
17193.00 18159.00 17967.00 
17221.00 17966.00 18146.00 
17226.00 17717.00 18288.00 
17227.00 18009.00 18053.00 
17229.00 18113.00 17830.00 
17241.00 17882.00 18184.00 
17251.00 18070.00 17974.00 
17253.00 18264.00 17614.00 
17263.00 17907.00 18084.00 
17264.00 18092.00 17904.00 
17273.00 17743.00 18235.00 
17281.00 18278.00 17536.00 
17299.00 17900.00 18018.00 
17300.00 18185.00 17644.00 
17301.00 18192.00 17572.00 
17304.00 17988.00 17949.00 
17312.00 17806.00 18216.00 
17319.00 17826.00 18143.00 
17322.00 17634.00 18289.00 
17341.00 18026.00 17809.00 
17356.00 18180.00 17788.00 
17373.00 18153.00 17571.00 
17376.00 17983.00 17857.00 
17377.00 17962.00 17967.00 
17382.00 17726.00 18145.00 
17390.00 17912.00 17907.00 
17400.00 17875.00 17988.00 
17410.00 17674.00 18279.00 
17420.00 17814.00 18094.00 
17448.00 18085.00 17602.00 
17458.00 17737.00 18080.00 
17466.00 17791.00 17973.00 
17473.00 17934.00 17893.00 
17475.00 18236.00 17512.00 
17477.00 18054.00 17778.00 
17485.00 17724.00 18005.00 
17494.00 18006.00 17561.00 
17504.00 17714.00 18225.00 
17505.00 17500.00 18215.00 
17506.00 17997.00 17652.00 
17511.00 17873.00 17913.00 
17523.00 17975.00 17779.00 
17527.00 17901.00 17831.00 
17530.00 18082.00 17541.00 
17539.00 17718.00 18076.00 
17556.00 17792.00 17888.00 
17569.00 17897.00 17761.00 
17573.00 18105.00 17451.00 
17580.00 17751.00 18001.00 
17589.00 17643.00 18091.00 
17589.00 17870.00 17879.00 
17596.00 17489.00 18132.00 
17596.00 18039.00 17553.00 
17613.00 18017.00 17438.00 
17615.00 17731.00 17827.00 
17621.00 17671.00 17917.00 
17627.00 17977.00 17692.00 
17635.00 17906.00 17634.00 
17645.00 17543.00 18058.00 
17653.00 17880.00 17523.00 
17663.00 17624.00 17968.00 
17663.00 17988.00 17340.00 
17679.00 17925.00 17437.00 
17685.00 17517.00 17908.00 
17692.00 17866.00 17791.00 
17702.00 17676.00 17871.00 
17709.00 17808.00 17637.00 
17719.00 17607.00 17835.00 
17727.00 17748.00 17810.00 
17731.00 17825.00 17563.00 
17735.00 17807.00 17431.00 
17750.00 17690.00 17664.00 
17781.00 17798.00 17628.00 
17789.00 17649.00 17727.00 
17840.00 17760.00 17620.00 
17877.00 17620.00 17552.00 
16914.00 17658.00 18193.00 
16994.00 18098.00 17966.00 
17013.00 17530.00 18206.00 
17032.00 18159.00 17964.00 
17045.00 17964.00 18143.00 
17094.00 18052.00 18088.00 
17101.00 17434.00 18218.00 
17109.00 17841.00 18153.00 
17115.00 17926.00 18075.00 
17157.00 17725.00 18170.00 
17189.00 17585.00 18180.00 
17194.00 18247.00 17865.00 
17210.00 18116.00 17792.00 
17212.00 17987.00 18054.00 
17221.00 17866.00 18116.00 
17223.00 17396.00 18217.00 
17232.00 17461.00 18182.00 
17255.00 18095.00 17926.00 
17261.00 17704.00 18176.00 
17283.00 18184.00 17721.00 
17291.00 17909.00 18042.00 
17298.00 18085.00 17978.00 
17300.00 17630.00 18167.00 
17306.00 17532.00 18151.00 
17337.00 17907.00 17945.00 
17341.00 17765.00 18080.00 
17342.00 18253.00 17575.00 
17347.00 18127.00 17771.00 
17351.00 17448.00 18179.00 
17368.00 17858.00 18036.00 
17374.00 18223.00 17625.00 
17387.00 18040.00 17871.00 
17402.00 18191.00 17543.00 
17414.00 17749.00 18145.00 
17417.00 18057.00 17712.00 
17418.00 17823.00 17916.00 
17427.00 17696.00 18069.00 
17443.00 17789.00 18003.00 
17450.00 17705.00 17964.00 
17455.00 17947.00 17801.00 
17460.00 18127.00 17684.00 
17461.00 18147.00 17620.00 
17464.00 17882.00 17871.00 
17475.00 17584.00 18106.00 
17477.00 18210.00 17498.00 
17509.00 18051.00 17774.00 
17511.00 18054.00 17656.00 
17513.00 17798.00 17904.00 
17521.00 17695.00 18047.00 
17521.00 17940.00 17847.00 
17532.00 18119.00 17651.00 
17538.00 18182.00 17384.00 
17540.00 18184.00 17308.00 
17560.00 17932.00 17721.00 
17565.00 18168.00 17594.00 
17570.00 17593.00 18066.00 
17571.00 18117.00 17535.00 
17572.00 17659.00 17975.00 
17580.00 17461.00 18056.00 
17585.00 17956.00 17583.00 
17598.00 18134.00 17425.00 
17619.00 17772.00 17920.00 
17624.00 18080.00 17500.00 
17630.00 17904.00 17790.00 
17643.00 17809.00 17858.00 
17644.00 17730.00 17790.00 
17645.00 17880.00 17713.00 
17653.00 18109.00 17394.00 
17661.00 17992.00 17574.00 
17665.00 17824.00 17775.00 
17675.00 17624.00 18022.00 
17683.00 17372.00 17995.00 
17708.00 18083.00 17458.00 
17714.00 17879.00 17739.00 
17715.00 17912.00 17587.00 
17715.00 18152.00 17352.00 
17716.00 17475.00 17990.00 
17729.00 18026.00 17506.00 
17743.00 17309.00 18014.00 
17743.00 18042.00 17387.00 
17758.00 17722.00 17909.00 
17765.00 17648.00 17812.00 
17773.00 17988.00 17546.00 
17778.00 17530.00 17933.00 
17782.00 17535.00 17850.00 
17792.00 17819.00 17723.00 
17796.00 18054.00 17270.00 
17797.00 17871.00 17550.00 
17807.00 17746.00 17569.00 
17812.00 17733.00 17771.00 
17818.00 17914.00 17259.00 
17819.00 17599.00 17831.00 
17832.00 17504.00 17899.00 
17834.00 17420.00 17844.00 
17838.00 17425.00 17761.00 
17848.00 17878.00 17196.00 
17860.00 17657.00 17718.00 
17863.00 17865.00 17297.00 
17874.00 17863.00 17455.00 
17924.00 17696.00 17584.00 
16929.00 18287.00 17909.00 
16935.00 17985.00 18129.00 
16936.00 18221.00 17893.00 
16946.00 18346.00 17807.00 
16971.00 17951.00 18183.00 
16988.00 18118.00 18068.00 
17013.00 18253.00 17880.00 
17069.00 18212.00 17854.00 
17072.00 18168.00 18023.00 
17077.00 17922.00 18225.00 
17080.00 17981.00 18131.00 
17080.00 18285.00 17746.00 
17084.00 18110.00 18096.00 
17091.00 17692.00 18329.00 
17097.00 18185.00 17932.00 
17118.00 18064.00 18033.00 
17130.00 17662.00 18385.00 
17142.00 18033.00 18113.00 
17143.00 17972.00 18170.00 
17145.00 17822.00 18320.00 
17170.00 17782.00 18248.00 
17173.00 18136.00 17954.00 
17175.00 18195.00 17908.00 
17187.00 18070.00 17912.00 
17189.00 18049.00 17982.00 
17197.00 18034.00 18046.00 
17200.00 17903.00 18195.00 
17209.00 17854.00 18242.00 
17213.00 18252.00 17785.00 
17214.00 17961.00 18157.00 
17222.00 18159.00 17808.00 
17241.00 18179.00 17695.00 
17252.00 17974.00 18071.00 
17261.00 17636.00 18409.00 
17262.00 17853.00 18172.00 
17263.00 18060.00 17913.00 
17264.00 18039.00 18018.00 
17271.00 17472.00 18364.00 
17274.00 17909.00 18105.00 
17283.00 18133.00 17881.00 
17287.00 17532.00 18317.00 
17309.00 18160.00 17778.00 
17327.00 18077.00 17842.00 
17331.00 17660.00 18312.00 
17337.00 17972.00 18061.00 
17338.00 18102.00 17671.00 
17346.00 17726.00 18288.00 
17347.00 18056.00 17944.00 
17350.00 17775.00 18214.00 
17360.00 18060.00 17726.00 
17370.00 17577.00 18269.00 
17379.00 17885.00 18159.00 
17379.00 17906.00 18044.00 
17395.00 17964.00 17899.00 
17417.00 17802.00 18112.00 
17425.00 17763.00 18049.00 
17438.00 17614.00 18265.00 
17447.00 17890.00 18028.00 
17454.00 17691.00 18228.00 
17463.00 17851.00 17948.00 
17467.00 18047.00 17820.00 
17469.00 17694.00 18144.00 
17485.00 17831.00 18036.00 
17489.00 17532.00 18289.00 
17499.00 17750.00 18086.00 
17503.00 17468.00 18239.00 
17503.00 17927.00 17902.00 
17511.00 17638.00 18179.00 
17518.00 17513.00 18174.00 
17525.00 17877.00 17770.00 
17538.00 17762.00 18031.00 
17541.00 17830.00 17954.00 
17547.00 17955.00 17716.00 
17561.00 17681.00 18121.00 
17562.00 17563.00 18136.00 
17567.00 17783.00 17902.00 
17583.00 17851.00 17874.00 
17592.00 17445.00 18171.00 
17593.00 17610.00 18063.00 
17596.00 17681.00 18046.00 
17601.00 17711.00 17965.00 
17612.00 17880.00 17764.00 
17616.00 17585.00 18000.00 
17639.00 17537.00 18090.00 
17645.00 17772.00 17805.00 
17646.00 17466.00 18098.00 
17646.00 17627.00 17941.00 
17663.00 17705.00 17783.00 
17667.00 17424.00 18020.00 
17679.00 17563.00 18001.00 
17685.00 17692.00 17918.00 
17706.00 17736.00 17650.00 
17713.00 17630.00 17879.00 
17729.00 17734.00 17750.00 
17742.00 17517.00 17986.00 
17746.00 17595.00 17774.00 
17754.00 17473.00 17917.00 
17755.00 17574.00 17895.00 
17783.00 17399.00 17878.00 
17829.00 17528.00 17812.00 
16759.00 17719.00 18422.00 
16877.00 17598.00 18505.00 
16890.00 17771.00 18405.00 
16890.00 17881.00 18326.00 
16914.00 17488.00 18637.00 
16927.00 18030.00 17976.00 
16974.00 17393.00 18766.00 
16995.00 17920.00 18131.00 
17016.00 17783.00 18381.00 
17023.00 17617.00 18465.00 
17054.00 17536.00 18555.00 
17064.00 17749.00 18255.00 
17071.00 18011.00 17907.00 
17086.00 17870.00 18221.00 
17089.00 17394.00 18666.00 
17094.00 17397.00 18517.00 
17102.00 17690.00 18372.00 
17106.00 17262.00 18776.00 
17107.00 17867.00 18103.00 
17144.00 17985.00 18048.00 
17146.00 17167.00 18700.00 
17152.00 17972.00 17955.00 
17160.00 17554.00 18464.00 
17195.00 17773.00 18241.00 
17205.00 17391.00 18613.00 
17220.00 17001.00 18733.00 
17240.00 17651.00 18377.00 
17251.00 17468.00 18423.00 
17254.00 17920.00 17917.00 
17278.00 17117.00 18727.00 
17282.00 17687.00 18260.00 
17282.00 17848.00 18096.00 
17296.00 17549.00 18355.00 
17305.00 17239.00 18640.00 
17323.00 17963.00 17819.00 
17330.00 17363.00 18539.00 
17346.00 17750.00 18014.00 
17350.00 17899.00 17973.00 
17353.00 17335.00 18395.00 
17360.00 16895.00 18743.00 
17363.00 17737.00 18170.00 
17372.00 17126.00 18650.00 
17400.00 17267.00 18516.00 
17414.00 17273.00 18406.00 
17432.00 17936.00 17754.00 
17436.00 17766.00 17976.00 
17448.00 17625.00 18354.00 
17449.00 17914.00 17859.00 
17467.00 17902.00 17649.00 
17483.00 16978.00 18658.00 
17487.00 17239.00 18452.00 
17500.00 17498.00 18277.00 
17503.00 17713.00 18100.00 
17525.00 17113.00 18533.00 
17526.00 17653.00 17976.00 
17552.00 17884.00 17853.00 
17565.00 17486.00 18227.00 
17565.00 17857.00 17676.00 
17582.00 17336.00 18383.00 
17583.00 16869.00 18666.00 
17588.00 17451.00 18299.00 
17616.00 17542.00 18127.00 
17636.00 17726.00 17901.00 
17642.00 17417.00 18197.00 
17653.00 17930.00 17596.00 
17670.00 17490.00 18006.00 
17696.00 17811.00 17708.00 
17703.00 17190.00 18432.00 
17715.00 17620.00 17992.00 
17731.00 17745.00 17799.00 
17738.00 17396.00 18298.00 
17747.00 16995.00 18549.00 
17760.00 17628.00 17876.00 
17778.00 16978.00 18440.00 
17785.00 17849.00 17532.00 
17787.00 17063.00 18254.00 
17791.00 17436.00 18053.00 
17809.00 17713.00 17700.00 
17811.00 17327.00 18145.00 
17821.00 17259.00 18237.00 
17822.00 17526.00 17930.00 
17829.00 17238.00 18080.00 
17857.00 17027.00 18372.00 
17869.00 17608.00 17727.00 
17870.00 17045.00 18128.00 
17871.00 17359.00 18040.00 
17906.00 17700.00 17646.00 
17932.00 16985.00 18235.00 
17962.00 17290.00 17923.00 
17964.00 17554.00 17843.00 
17976.00 17139.00 18125.00 
17987.00 16999.00 18126.00 
17989.00 17402.00 17916.00 
18063.00 17217.00 18006.00 
18072.00 17432.00 17761.00 
18090.00 17348.00 17844.00 
18109.00 17029.00 18064.00 
18113.00 17084.00 17885.00 
18121.00 17226.00 17771.00 
18141.00 16955.00 17893.00 
16993.00 17466.00 18496.00 
17027.00 17101.00 18580.00 
17044.00 17531.00 18457.00 
17054.00 17856.00 18135.00 
17055.00 17702.00 18259.00 
17062.00 17372.00 18469.00 
17062.00 17521.00 18389.00 
17065.00 17978.00 17944.00 
17070.00 17912.00 18084.00 
17072.00 17634.00 18284.00 
17073.00 17852.00 18097.00 
17110.00 17810.00 18143.00 
17117.00 17828.00 18064.00 
17145.00 17631.00 18347.00 
17148.00 17321.00 18575.00 
17153.00 17665.00 18267.00 
17155.00 17947.00 18053.00 
17202.00 17919.00 17957.00 
17216.00 17311.00 18465.00 
17229.00 17885.00 18024.00 
17235.00 18004.00 17873.00 
17237.00 17620.00 18372.00 
17249.00 17933.00 17859.00 
17253.00 17777.00 18208.00 
17257.00 17515.00 18438.00 
17270.00 17534.00 18347.00 
17272.00 17796.00 18027.00 
17280.00 17963.00 17843.00 
17285.00 17544.00 18274.00 
17289.00 17942.00 17829.00 
17290.00 17878.00 18003.00 
17304.00 17637.00 18241.00 
17308.00 17936.00 17799.00 
17327.00 17740.00 18230.00 
17330.00 17842.00 18010.00 
17333.00 17715.00 18083.00 
17337.00 17879.00 17934.00 
17355.00 17480.00 18328.00 
17359.00 17272.00 18530.00 
17360.00 17649.00 18164.00 
17362.00 17427.00 18376.00 
17375.00 17888.00 17874.00 
17380.00 17713.00 18011.00 
17391.00 17401.00 18349.00 
17392.00 17549.00 18237.00 
17397.00 17780.00 17971.00 
17407.00 17400.00 18424.00 
17409.00 17696.00 18092.00 
17435.00 17703.00 17976.00 
17436.00 17327.00 18330.00 
17439.00 17611.00 18102.00 
17450.00 17585.00 18171.00 
17468.00 17500.00 18315.00 
17469.00 17652.00 18074.00 
17476.00 17702.00 18030.00 
17479.00 17220.00 18448.00 
17490.00 17285.00 18411.00 
17494.00 17575.00 18100.00 
17501.00 17853.00 17946.00 
17507.00 17867.00 17777.00 
17514.00 17786.00 17881.00 
17515.00 17502.00 18253.00 
17537.00 17551.00 18217.00 
17538.00 17437.00 18190.00 
17539.00 17690.00 17924.00 
17556.00 17667.00 17984.00 
17558.00 17400.00 18271.00 
17567.00 17279.00 18358.00 
17578.00 17344.00 18321.00 
17588.00 17648.00 18038.00 
17590.00 17352.00 18198.00 
17590.00 17751.00 17914.00 
17607.00 17805.00 17826.00 
17609.00 17683.00 17908.00 
17609.00 17684.00 17808.00 
17611.00 17625.00 17975.00 
17621.00 17495.00 18129.00 
17629.00 17293.00 18248.00 
17640.00 17436.00 18182.00 
17641.00 17576.00 18079.00 
17661.00 17588.00 18026.00 
17666.00 17665.00 17795.00 
17673.00 17561.00 17953.00 
17675.00 17416.00 18077.00 
17676.00 17649.00 17881.00 
17686.00 17379.00 18160.00 
17697.00 17290.00 18180.00 
17699.00 17747.00 17750.00 
17712.00 17640.00 17944.00 
17722.00 17581.00 17873.00 
17723.00 17470.00 18051.00 
17728.00 17632.00 17717.00 
17731.00 17466.00 17984.00 
17733.00 17530.00 17799.00 
17754.00 17393.00 18143.00 
17770.00 17376.00 17958.00 
17784.00 17506.00 17927.00 
17829.00 17399.00 17944.00 
16851.00 18203.00 18003.00 
16868.00 18016.00 18226.00 
16905.00 18139.00 18089.00 
16919.00 18312.00 17874.00 
16920.00 17873.00 18356.00 
16927.00 18168.00 17960.00 
16946.00 17998.00 18212.00 
16961.00 18310.00 17655.00 
16966.00 18250.00 17880.00 
17005.00 17980.00 18289.00 
17010.00 17947.00 18180.00 
17017.00 18152.00 17973.00 
17020.00 18169.00 17896.00 
17020.00 18212.00 17754.00 
17033.00 18014.00 18130.00 
17033.00 18303.00 17606.00 
17048.00 17890.00 18216.00 
17065.00 18127.00 18069.00 
17073.00 17751.00 18264.00 
17073.00 18279.00 17731.00 
17104.00 17834.00 18215.00 
17106.00 18209.00 17807.00 
17110.00 17666.00 18322.00 
17124.00 18157.00 17943.00 
17130.00 18024.00 18045.00 
17138.00 18107.00 18009.00 
17150.00 17936.00 18192.00 
17161.00 17771.00 18222.00 
17185.00 18190.00 17872.00 
17189.00 18277.00 17686.00 
17205.00 18190.00 17647.00 
17218.00 18116.00 17912.00 
17229.00 18035.00 17971.00 
17242.00 17807.00 18183.00 
17247.00 18261.00 17603.00 
17260.00 17762.00 18253.00 
17270.00 17661.00 18300.00 
17277.00 17884.00 18173.00 
17280.00 17736.00 18175.00 
17286.00 17992.00 18076.00 
17290.00 17975.00 17974.00 
17299.00 18189.00 17766.00 
17302.00 17591.00 18270.00 
17322.00 17893.00 18086.00 
17325.00 17687.00 18242.00 
17329.00 18094.00 17811.00 
17337.00 17805.00 18153.00 
17338.00 18182.00 17571.00 
17352.00 17547.00 18213.00 
17354.00 17506.00 18289.00 
17354.00 17962.00 17913.00 
17364.00 18208.00 17491.00 
17366.00 18063.00 17871.00 
17376.00 18007.00 17818.00 
17381.00 17880.00 17980.00 
17403.00 18098.00 17735.00 
17427.00 17825.00 18076.00 
17428.00 17654.00 18206.00 
17431.00 17993.00 17909.00 
17436.00 18143.00 17432.00 
17441.00 17754.00 18172.00 
17446.00 17478.00 18315.00 
17447.00 18138.00 17626.00 
17477.00 17580.00 18184.00 
17480.00 18035.00 17735.00 
17486.00 17936.00 17976.00 
17488.00 17964.00 17858.00 
17491.00 18042.00 17619.00 
17508.00 17454.00 18199.00 
17511.00 17315.00 18293.00 
17511.00 17940.00 17771.00 
17516.00 17872.00 17936.00 
17518.00 17886.00 17828.00 
17521.00 17808.00 18000.00 
17532.00 17734.00 18082.00 
17535.00 18091.00 17522.00 
17541.00 17635.00 18180.00 
17572.00 17742.00 17997.00 
17573.00 18017.00 17747.00 
17586.00 17979.00 17576.00 
17596.00 17889.00 17809.00 
17603.00 17946.00 17684.00 
17608.00 17674.00 18090.00 
17619.00 17346.00 18200.00 
17638.00 17686.00 17949.00 
17655.00 17872.00 17909.00 
17670.00 17755.00 17896.00 
17671.00 17574.00 18116.00 
17674.00 17886.00 17759.00 
17686.00 17466.00 18139.00 
17691.00 17598.00 17921.00 
17727.00 17818.00 17664.00 
17738.00 17805.00 17863.00 
17743.00 17732.00 17809.00 
17749.00 17654.00 17831.00 
17755.00 17505.00 18012.00 
17767.00 17573.00 17958.00 
17776.00 17782.00 17737.00 
17804.00 17677.00 17758.00 
17824.00 17602.00 17875.00 
17103.00 18170.00 17997.00 
17106.00 17821.00 18304.00 
17164.00 18036.00 18101.00 
17168.00 18251.00 17778.00 
17221.00 18119.00 17936.00 
17224.00 18193.00 17862.00 
17232.00 18046.00 18029.00 
17246.00 17797.00 18239.00 
17257.00 17823.00 18112.00 
17284.00 18334.00 17547.00 
17293.00 17943.00 18107.00 
17300.00 18049.00 17901.00 
17302.00 17575.00 18380.00 
17304.00 18301.00 17682.00 
17334.00 17653.00 18304.00 
17343.00 18246.00 17798.00 
17349.00 17759.00 18264.00 
17369.00 17457.00 18398.00 
17375.00 18020.00 18054.00 
17389.00 18142.00 17887.00 
17390.00 17357.00 18357.00 
17409.00 17783.00 18093.00 
17420.00 18185.00 17693.00 
17454.00 17724.00 18266.00 
17462.00 17968.00 17971.00 
17470.00 17180.00 18374.00 
17493.00 18283.00 17598.00 
17501.00 17909.00 18066.00 
17504.00 18159.00 17591.00 
17519.00 17097.00 18390.00 
17526.00 17457.00 18350.00 
17529.00 17298.00 18356.00 
17534.00 17364.00 18269.00 
17537.00 17788.00 18083.00 
17539.00 18100.00 17831.00 
17542.00 18267.00 17461.00 
17549.00 17957.00 17811.00 
17557.00 17670.00 18205.00 
17558.00 17566.00 18255.00 
17559.00 17834.00 17998.00 
17562.00 18252.00 17355.00 
17598.00 18153.00 17691.00 
17599.00 18155.00 17527.00 
17604.00 17999.00 17639.00 
17631.00 17758.00 18170.00 
17632.00 17908.00 17997.00 
17648.00 17727.00 17985.00 
17660.00 18228.00 17338.00 
17668.00 17666.00 18124.00 
17669.00 17416.00 18268.00 
17669.00 17985.00 17794.00 
17670.00 17282.00 18346.00 
17674.00 18199.00 17470.00 
17678.00 17533.00 18110.00 
17697.00 17826.00 17973.00 
17703.00 18138.00 17549.00 
17704.00 17809.00 17807.00 
17710.00 18048.00 17610.00 
17723.00 17138.00 18324.00 
17735.00 17238.00 18284.00 
17739.00 18030.00 17440.00 
17752.00 17337.00 18264.00 
17756.00 17890.00 17762.00 
17774.00 18077.00 17289.00 
17785.00 17768.00 17965.00 
17808.00 17967.00 17679.00 
17809.00 17441.00 18173.00 
17811.00 17815.00 17800.00 
17816.00 17945.00 17510.00 
17824.00 17691.00 18011.00 
17827.00 17298.00 18183.00 
17829.00 17532.00 18112.00 
17832.00 17568.00 17988.00 
17835.00 17174.00 18204.00 
17848.00 17766.00 17881.00 
17875.00 17482.00 17945.00 
17875.00 17800.00 17696.00 
17883.00 17888.00 17613.00 
17887.00 17733.00 17777.00 
17891.00 17981.00 17445.00 
17901.00 17391.00 18110.00 
17918.00 17673.00 17918.00 
17938.00 17570.00 17919.00 
17940.00 17693.00 17688.00 
17942.00 17924.00 17363.00 
17957.00 17793.00 17567.00 
17960.00 17465.00 18054.00 
17997.00 17841.00 17434.00 
18004.00 17682.00 17834.00 
18008.00 17226.00 18120.00 
18023.00 17536.00 17762.00 
18027.00 17688.00 17618.00 
18032.00 17659.00 17516.00 
18043.00 17383.00 18000.00 
18064.00 17524.00 17877.00 
18072.00 17233.00 17940.00 
18093.00 17621.00 17725.00 
18111.00 17415.00 17923.00 
18127.00 17510.00 17729.00 
18170.00 17438.00 17790.00 
17121.00 18048.00 17890.00 
17157.00 17953.00 18042.00 
17157.00 18096.00 17861.00 
17189.00 17832.00 18071.00 
17203.00 18074.00 17835.00 
17214.00 18010.00 18000.00 
17221.00 17948.00 17976.00 
17246.00 17766.00 18118.00 
17246.00 18067.00 17857.00 
17255.00 17824.00 18059.00 
17259.00 18085.00 17795.00 
17272.00 17997.00 17934.00 
17296.00 18047.00 17857.00 
17299.00 17731.00 18152.00 
17305.00 17941.00 17964.00 
17314.00 17908.00 18049.00 
17323.00 18071.00 17820.00 
17330.00 18006.00 17897.00 
17341.00 17823.00 18116.00 
17350.00 18013.00 17799.00 
17355.00 17643.00 18200.00 
17358.00 17846.00 18047.00 
17359.00 17799.00 18072.00 
17364.00 17764.00 18118.00 
17374.00 18009.00 17842.00 
17383.00 17895.00 18012.00 
17393.00 17979.00 17931.00 
17401.00 17946.00 17823.00 
17405.00 17999.00 17792.00 
17415.00 17726.00 18154.00 
17420.00 17800.00 18065.00 
17430.00 17607.00 18171.00 
17434.00 17894.00 18041.00 
17438.00 17919.00 17980.00 
17440.00 18061.00 17751.00 
17444.00 17826.00 17968.00 
17453.00 17740.00 18060.00 
17455.00 17937.00 17893.00 
17458.00 17896.00 17909.00 
17459.00 17926.00 17847.00 
17460.00 17556.00 18181.00 
17463.00 18081.00 17697.00 
17472.00 17636.00 18132.00 
17495.00 18001.00 17786.00 
17497.00 17768.00 17984.00 
17514.00 17863.00 17911.00 
17514.00 17934.00 17770.00 
17516.00 17816.00 17971.00 
17521.00 17735.00 18075.00 
17527.00 17918.00 17853.00 
17529.00 17953.00 17700.00 
17531.00 17689.00 18122.00 
17540.00 17886.00 17805.00 
17544.00 17623.00 18167.00 
17554.00 17931.00 17740.00 
17560.00 17917.00 17620.00 
17562.00 17479.00 18143.00 
17570.00 17760.00 18008.00 
17581.00 17598.00 18093.00 
17583.00 17873.00 17864.00 
17586.00 17812.00 17957.00 
17588.00 18030.00 17605.00 
17600.00 17701.00 18072.00 
17601.00 17877.00 17810.00 
17610.00 17788.00 17874.00 
17613.00 17547.00 18115.00 
17631.00 17889.00 17737.00 
17637.00 17441.00 18133.00 
17638.00 17506.00 18095.00 
17639.00 17817.00 17771.00 
17643.00 17643.00 18013.00 
17650.00 17771.00 17791.00 
17651.00 17723.00 17999.00 
17666.00 17909.00 17630.00 
17667.00 17758.00 17948.00 
17686.00 17814.00 17728.00 
17692.00 17664.00 17992.00 
17693.00 17628.00 18071.00 
17695.00 17778.00 17760.00 
17700.00 17492.00 18083.00 
17711.00 17656.00 17922.00 
17711.00 17878.00 17697.00 
17717.00 17600.00 17955.00 
17724.00 17761.00 17854.00 
17728.00 17766.00 17612.00 
17732.00 17569.00 18035.00 
17732.00 17653.00 17870.00 
17744.00 17747.00 17738.00 
17748.00 17744.00 17787.00 
17759.00 17475.00 18025.00 
17759.00 17694.00 17693.00 
17767.00 17721.00 17647.00 
17769.00 17503.00 17956.00 
17778.00 17640.00 17854.00 
17786.00 17638.00 17923.00 
17789.00 17592.00 17802.00 
17800.00 17627.00 17619.00 
17816.00 17699.00 17614.00 
17834.00 17566.00 17644.00 
17834.00 17741.00 17549.00 
16926.00 17953.00 17656.00 
17663.00 17871.00 17846.00 
17698.00 17701.00 18067.00 
17700.00 17821.00 17929.00 
17710.00 17869.00 17793.00 
17714.00 17656.00 18075.00 
17731.00 17612.00 18142.00 
17742.00 17820.00 18041.00 
17748.00 17819.00 17938.00 
17764.00 17649.00 18083.00 
17768.00 17854.00 17854.00 
17771.00 17548.00 18192.00 
17774.00 17607.00 18125.00 
17775.00 17774.00 17992.00 
17781.00 17771.00 18051.00 
17783.00 17860.00 17773.00 
17785.00 17564.00 18142.00 
17787.00 17897.00 17746.00 
17791.00 17893.00 17694.00 
17792.00 17722.00 18025.00 
17793.00 17974.00 17440.00 
17802.00 17368.00 18179.00 
17816.00 17772.00 18010.00 
17817.00 17801.00 17959.00 
17818.00 17675.00 18074.00 
17823.00 17615.00 18112.00 
17838.00 17554.00 18154.00 
17839.00 17512.00 18139.00 
17839.00 17909.00 17491.00 
17840.00 17741.00 17973.00 
17846.00 17724.00 18022.00 
17848.00 17850.00 17919.00 
17852.00 17890.00 17753.00 
17854.00 17885.00 17687.00 
17862.00 17538.00 18106.00 
17864.00 17831.00 17773.00 
17865.00 17798.00 17917.00 
17881.00 17768.00 17954.00 
17885.00 17705.00 18005.00 
17888.00 17568.00 18083.00 
17890.00 17702.00 17947.00 
17896.00 17629.00 18075.00 
17897.00 17825.00 17878.00 
17899.00 17507.00 18138.00 
17900.00 17643.00 17990.00 
17911.00 17566.00 18023.00 
17911.00 17888.00 17667.00 
17913.00 17842.00 17701.00 
17920.00 17886.00 17497.00 
17921.00 17791.00 17890.00 
17928.00 17472.00 18072.00 
17930.00 17688.00 17898.00 
17930.00 17747.00 17850.00 
17930.00 17866.00 17582.00 
17933.00 17662.00 17954.00 
17933.00 17759.00 17809.00 
17941.00 17838.00 17744.00 
17956.00 17861.00 17694.00 
17965.00 17627.00 17958.00 
17969.00 17571.00 18005.00 
17969.00 17789.00 17807.00 
17974.00 17545.00 18049.00 
17977.00 17785.00 17751.00 
17982.00 17735.00 17878.00 
17983.00 17470.00 18050.00 
17986.00 17823.00 17691.00 
17992.00 17819.00 17612.00 
17997.00 17774.00 17704.00 
17998.00 17660.00 17883.00 
17999.00 17741.00 17819.00 
18000.00 17683.00 17814.00 
18001.00 17456.00 18114.00 
18008.00 17578.00 17954.00 
18008.00 17631.00 17924.00 
18011.00 17764.00 17657.00 
18018.00 17696.00 17750.00 
18021.00 17549.00 17872.00 
18023.00 17761.00 17744.00 
18035.00 17708.00 17706.00 
18042.00 17610.00 17857.00 
18042.00 17786.00 17614.00 
18048.00 17654.00 17815.00 
18051.00 17472.00 18033.00 
18051.00 17682.00 17782.00 
18054.00 17544.00 17992.00 
18057.00 17571.00 17830.00 
18059.00 17539.00 17897.00 
18069.00 17752.00 17640.00 
18071.00 17656.00 17697.00 
18074.00 17650.00 17763.00 
18083.00 17721.00 17686.00 
18084.00 17468.00 17945.00 
18085.00 17515.00 17845.00 
18087.00 17630.00 17809.00 
18093.00 17440.00 17854.00 
18093.00 17579.00 17785.00 
18110.00 17528.00 17810.00 
18112.00 17645.00 17651.00 
18117.00 17615.00 17767.00 
18126.00 17596.00 17703.00 
16649.00 17649.00 18506.00 
16675.00 17502.00 18541.00 
16677.00 17839.00 18292.00 
16691.00 17588.00 18457.00 
16726.00 17967.00 18155.00 
16773.00 17632.00 18387.00 
16828.00 17830.00 18272.00 
16833.00 17574.00 18531.00 
16838.00 17727.00 18355.00 
16842.00 18113.00 17973.00 
16862.00 17943.00 18224.00 
16875.00 17403.00 18590.00 
16926.00 17621.00 18382.00 
16928.00 17487.00 18519.00 
16929.00 17806.00 18313.00 
16934.00 18011.00 18131.00 
16966.00 18058.00 17976.00 
16975.00 17869.00 18201.00 
16999.00 17731.00 18235.00 
17004.00 17416.00 18568.00 
17015.00 17672.00 18381.00 
17027.00 18173.00 17957.00 
17032.00 18017.00 18116.00 
17036.00 17916.00 18142.00 
17050.00 17283.00 18638.00 
17057.00 18028.00 17928.00 
17071.00 18162.00 17809.00 
17080.00 17427.00 18472.00 
17084.00 17568.00 18453.00 
17097.00 17492.00 18395.00 
17098.00 17799.00 18215.00 
17110.00 17709.00 18345.00 
17132.00 17969.00 18130.00 
17132.00 18002.00 17998.00 
17142.00 18107.00 17923.00 
17143.00 17567.00 18313.00 
17154.00 17221.00 18609.00 
17156.00 18206.00 17738.00 
17186.00 17423.00 18530.00 
17191.00 18012.00 17920.00 
17203.00 17294.00 18505.00 
17203.00 17673.00 18231.00 
17218.00 17838.00 18143.00 
17218.00 18187.00 17639.00 
17234.00 17915.00 17973.00 
17247.00 17384.00 18397.00 
17261.00 17503.00 18283.00 
17267.00 18107.00 17858.00 
17269.00 18101.00 17731.00 
17279.00 18144.00 17556.00 
17284.00 17834.00 17971.00 
17294.00 17202.00 18506.00 
17296.00 18010.00 17836.00 
17312.00 17795.00 18222.00 
17341.00 17365.00 18377.00 
17348.00 17650.00 18238.00 
17353.00 17593.00 18143.00 
17360.00 17483.00 18355.00 
17364.00 17249.00 18420.00 
17366.00 17952.00 17921.00 
17374.00 17820.00 18102.00 
17377.00 18100.00 17716.00 
17390.00 17974.00 17734.00 
17391.00 17498.00 18174.00 
17441.00 17674.00 18116.00 
17450.00 17119.00 18416.00 
17459.00 17698.00 17975.00 
17470.00 17966.00 17875.00 
17472.00 17368.00 18268.00 
17476.00 18024.00 17600.00 
17496.00 17472.00 18168.00 
17507.00 17307.00 18363.00 
17512.00 17602.00 18003.00 
17520.00 17177.00 18326.00 
17533.00 17929.00 17762.00 
17544.00 17452.00 18264.00 
17555.00 18014.00 17687.00 
17571.00 17506.00 18078.00 
17580.00 17845.00 17823.00 
17598.00 17730.00 17886.00 
17610.00 17524.00 17974.00 
17615.00 17436.00 18163.00 
17632.00 17411.00 18032.00 
17632.00 17910.00 17652.00 
17637.00 17612.00 17854.00 
17648.00 17186.00 18241.00 
17672.00 17383.00 18228.00 
17675.00 17599.00 17951.00 
17716.00 17475.00 17852.00 
17718.00 17801.00 17822.00 
17730.00 17814.00 17584.00 
17731.00 17782.00 17685.00 
17744.00 17693.00 17732.00 
17754.00 17404.00 17927.00 
17757.00 17343.00 18056.00 
17772.00 17282.00 17925.00 
17779.00 17623.00 17802.00 
17792.00 17351.00 17829.00 
17816.00 17503.00 17797.00 
17856.00 17530.00 17688.00 
16921.00 17457.00 18477.00 
16927.00 17521.00 18476.00 
16988.00 17582.00 18441.00 
17001.00 17900.00 18056.00 
17055.00 17809.00 18196.00 
17060.00 17702.00 18389.00 
17070.00 17791.00 18304.00 
17085.00 17422.00 18487.00 
17101.00 17458.00 18427.00 
17108.00 17577.00 18415.00 
17118.00 17774.00 18219.00 
17123.00 17760.00 18282.00 
17141.00 17662.00 18397.00 
17144.00 17622.00 18369.00 
17148.00 17840.00 18166.00 
17152.00 17457.00 18418.00 
17156.00 17413.00 18450.00 
17156.00 17690.00 18357.00 
17156.00 17920.00 18023.00 
17162.00 17871.00 18052.00 
17182.00 17805.00 18217.00 
17184.00 17757.00 18206.00 
17192.00 17818.00 18150.00 
17204.00 17708.00 18280.00 
17204.00 17975.00 17442.00 
17218.00 17552.00 18344.00 
17219.00 17933.00 17992.00 
17225.00 17771.00 18172.00 
17229.00 17856.00 18110.00 
17230.00 17621.00 18342.00 
17234.00 17725.00 18203.00 
17235.00 17539.00 18415.00 
17243.00 17812.00 18145.00 
17247.00 17473.00 18368.00 
17249.00 17878.00 18042.00 
17254.00 17396.00 18445.00 
17266.00 17712.00 18235.00 
17269.00 17743.00 18129.00 
17274.00 17812.00 18080.00 
17290.00 17653.00 18334.00 
17309.00 17543.00 18318.00 
17322.00 17465.00 18401.00 
17331.00 17804.00 18127.00 
17333.00 17692.00 18235.00 
17339.00 17898.00 18008.00 
17348.00 17500.00 18307.00 
17364.00 17574.00 18293.00 
17369.00 17730.00 18118.00 
17372.00 17726.00 18193.00 
17377.00 17823.00 18050.00 
17378.00 17454.00 18319.00 
17391.00 17533.00 18293.00 
17391.00 17633.00 18241.00 
17397.00 17608.00 18280.00 
17398.00 17439.00 18402.00 
17402.00 17395.00 18424.00 
17403.00 17853.00 17967.00 
17403.00 17920.00 17889.00 
17409.00 17429.00 18350.00 
17437.00 17901.00 17940.00 
17440.00 17701.00 18230.00 
17444.00 17783.00 18095.00 
17444.00 17875.00 17899.00 
17464.00 17584.00 18287.00 
17469.00 17370.00 18312.00 
17472.00 17472.00 18304.00 
17472.00 17677.00 18115.00 
17475.00 17803.00 18019.00 
17477.00 17344.00 18374.00 
17480.00 17326.00 18270.00 
17483.00 17449.00 18244.00 
17514.00 17409.00 18253.00 
17517.00 17894.00 17871.00 
17520.00 17734.00 18097.00 
17521.00 17834.00 17952.00 
17529.00 17782.00 18078.00 
17545.00 17665.00 18169.00 
17552.00 17611.00 18234.00 
17552.00 17769.00 17982.00 
17557.00 17661.00 18058.00 
17566.00 17470.00 18190.00 
17570.00 17400.00 18235.00 
17577.00 17788.00 17876.00 
17585.00 17784.00 17517.00 
17589.00 17542.00 18125.00 
17591.00 17717.00 17971.00 
17612.00 17724.00 17908.00 
17613.00 17604.00 18076.00 
17616.00 17659.00 18058.00 
17618.00 17709.00 18031.00 
17620.00 17721.00 17612.00 
17631.00 17486.00 18168.00 
17639.00 17379.00 18191.00 
17640.00 17641.00 17979.00 
17650.00 17525.00 18125.00 
17671.00 17598.00 18062.00 
17678.00 17690.00 17905.00 
17706.00 17633.00 18011.00 
17745.00 17568.00 18119.00 
17751.00 17477.00 18038.00 
17406.00 17957.00 17892.00 
17445.00 18053.00 17829.00 
17467.00 18132.00 17755.00 
17473.00 18180.00 17673.00 
17479.00 18192.00 17567.00 
17498.00 17887.00 17914.00 
17501.00 18045.00 17881.00 
17512.00 17982.00 17797.00 
17514.00 18245.00 17505.00 
17519.00 17838.00 17939.00 
17520.00 17947.00 17891.00 
17525.00 17781.00 17925.00 
17525.00 18140.00 17717.00 
17527.00 18197.00 17429.00 
17531.00 18172.00 17609.00 
17539.00 17962.00 17840.00 
17551.00 17864.00 17881.00 
17556.00 18098.00 17794.00 
17561.00 17774.00 17917.00 
17562.00 18160.00 17672.00 
17574.00 18124.00 17713.00 
17581.00 18157.00 17432.00 
17586.00 17899.00 17838.00 
17588.00 18091.00 17762.00 
17588.00 18240.00 17396.00 
17589.00 18016.00 17731.00 
17596.00 18119.00 17568.00 
17600.00 17855.00 17903.00 
17603.00 18126.00 17511.00 
17611.00 18059.00 17664.00 
17613.00 17971.00 17800.00 
17616.00 17993.00 17693.00 
17617.00 18066.00 17601.00 
17620.00 18082.00 17556.00 
17625.00 18012.00 17647.00 
17626.00 18077.00 17510.00 
17629.00 18176.00 17406.00 
17636.00 17872.00 17836.00 
17645.00 17816.00 17904.00 
17654.00 18055.00 17578.00 
17656.00 17921.00 17793.00 
17661.00 18144.00 17460.00 
17665.00 18143.00 17371.00 
17667.00 17809.00 17847.00 
17668.00 17973.00 17726.00 
17670.00 18006.00 17652.00 
17676.00 17980.00 17679.00 
17688.00 17762.00 17877.00 
17699.00 18043.00 17611.00 
17701.00 17967.00 17758.00 
17701.00 18053.00 17533.00 
17714.00 17994.00 17642.00 
17719.00 18116.00 17488.00 
17722.00 17980.00 17593.00 
17727.00 18074.00 17496.00 
17728.00 18000.00 17528.00 
17729.00 18078.00 17436.00 
17731.00 17855.00 17798.00 
17734.00 17797.00 17847.00 
17742.00 17930.00 17686.00 
17747.00 17920.00 17631.00 
17752.00 17900.00 17716.00 
17753.00 17768.00 17749.00 
17765.00 17891.00 17601.00 
17766.00 18041.00 17494.00 
17768.00 17754.00 17833.00 
17769.00 17970.00 17574.00 
17773.00 18051.00 17407.00 
17778.00 17853.00 17663.00 
17784.00 18088.00 17285.00 
17785.00 17708.00 17801.00 
17785.00 17830.00 17740.00 
17786.00 17614.00 17835.00 
17787.00 17934.00 17594.00 
17787.00 17985.00 17495.00 
17789.00 17638.00 17779.00 
17793.00 18087.00 17370.00 
17794.00 17991.00 17392.00 
17806.00 18055.00 17334.00 
17807.00 17954.00 17527.00 
17817.00 18006.00 17296.00 
17820.00 17854.00 17637.00 
17821.00 17856.00 17579.00 
17826.00 17746.00 17769.00 
17828.00 17902.00 17546.00 
17830.00 17950.00 17485.00 
17832.00 17796.00 17646.00 
17834.00 17779.00 17689.00 
17839.00 17940.00 17424.00 
17852.00 17980.00 17349.00 
17857.00 17987.00 17296.00 
17859.00 17723.00 17731.00 
17869.00 17882.00 17479.00 
17878.00 17798.00 17580.00 
17879.00 17896.00 17408.00 
17893.00 17849.00 17535.00 
17898.00 17756.00 17675.00 
17900.00 17861.00 17446.00 
17922.00 17755.00 17560.00 
17931.00 17799.00 17389.00 
16978.00 18020.00 18203.00 
17008.00 17997.00 18200.00 
17040.00 18136.00 18102.00 
17041.00 18182.00 17922.00 
17043.00 17919.00 18232.00 
17066.00 18142.00 17988.00 
17067.00 18057.00 18119.00 
17081.00 18098.00 18114.00 
17096.00 18194.00 17813.00 
17106.00 18173.00 17841.00 
17111.00 17955.00 18229.00 
17120.00 18060.00 18053.00 
17128.00 17889.00 18291.00 
17136.00 17995.00 18222.00 
17137.00 17993.00 18184.00 
17143.00 17922.00 18213.00 
17148.00 17824.00 18315.00 
17151.00 17790.00 18372.00 
17164.00 17954.00 18201.00 
17165.00 18063.00 18039.00 
17168.00 17849.00 18290.00 
17174.00 17995.00 18156.00 
17178.00 18169.00 17971.00 
17183.00 18048.00 18135.00 
17199.00 17764.00 18377.00 
17215.00 17718.00 18387.00 
17217.00 17808.00 18335.00 
17222.00 18050.00 18070.00 
17222.00 18141.00 18004.00 
17223.00 17983.00 18133.00 
17224.00 17842.00 18301.00 
17231.00 17779.00 18297.00 
17232.00 17947.00 18206.00 
17232.00 18037.00 18109.00 
17235.00 17889.00 18272.00 
17235.00 17902.00 18222.00 
17242.00 18212.00 17744.00 
17245.00 17751.00 18350.00 
17246.00 17817.00 18285.00 
17247.00 17948.00 18177.00 
17252.00 18153.00 17951.00 
17258.00 18150.00 17906.00 
17263.00 17692.00 18392.00 
17273.00 18110.00 18037.00 
17274.00 17778.00 18266.00 
17276.00 17975.00 18152.00 
17277.00 18060.00 18033.00 
17278.00 17771.00 18308.00 
17279.00 17920.00 18119.00 
17286.00 18015.00 18055.00 
17287.00 18010.00 18087.00 
17290.00 17866.00 18249.00 
17291.00 17882.00 18193.00 
17292.00 17821.00 18233.00 
17295.00 17723.00 18337.00 
17296.00 18171.00 17872.00 
17298.00 18169.00 17904.00 
17303.00 18160.00 17798.00 
17304.00 18138.00 17951.00 
17312.00 17911.00 18102.00 
17314.00 17853.00 18230.00 
17315.00 17808.00 18265.00 
17318.00 18014.00 18066.00 
17319.00 17856.00 18189.00 
17328.00 18139.00 17854.00 
17332.00 18120.00 17908.00 
17334.00 18078.00 17886.00 
17342.00 18087.00 17808.00 
17346.00 17997.00 18040.00 
17353.00 18074.00 17772.00 
17354.00 18050.00 18035.00 
17357.00 18070.00 17921.00 
17360.00 17732.00 18295.00 
17363.00 17771.00 18287.00 
17366.00 18061.00 18000.00 
17389.00 17916.00 18093.00 
17390.00 17983.00 17926.00 
17391.00 17815.00 18261.00 
17398.00 17726.00 18282.00 
17402.00 17908.00 18176.00 
17405.00 18033.00 17922.00 
17414.00 17957.00 18090.00 
17420.00 17977.00 18015.00 
17425.00 17847.00 18110.00 
17427.00 17694.00 18283.00 
17427.00 17842.00 18166.00 
17428.00 17881.00 18074.00 
17429.00 17742.00 18249.00 
17435.00 17814.00 18228.00 
17440.00 17929.00 17906.00 
17446.00 17577.00 18261.00 
17446.00 17791.00 18187.00 
17463.00 17838.00 18164.00 
17467.00 17903.00 18073.00 
17469.00 17783.00 18222.00 
17491.00 17605.00 18196.00 
17492.00 17613.00 18137.00 
17496.00 17790.00 18103.00 
17532.00 17646.00 18108.00 
17549.00 17738.00 18092.00 
17242.00 17993.00 17943.00 
17286.00 17814.00 18121.00 
17286.00 18028.00 17895.00 
17314.00 17969.00 18041.00 
17337.00 18193.00 17594.00 
17340.00 18131.00 17701.00 
17350.00 17822.00 18102.00 
17358.00 18060.00 17881.00 
17360.00 18266.00 17391.00 
17366.00 18104.00 17780.00 
17371.00 18200.00 17519.00 
17387.00 17874.00 18061.00 
17389.00 17654.00 18193.00 
17398.00 17946.00 17982.00 
17404.00 17805.00 18082.00 
17419.00 17984.00 17942.00 
17442.00 17783.00 18142.00 
17442.00 18100.00 17708.00 
17446.00 18185.00 17604.00 
17462.00 17832.00 18079.00 
17463.00 18019.00 17846.00 
17474.00 17881.00 17926.00 
17486.00 18193.00 17519.00 
17492.00 17794.00 18128.00 
17494.00 17696.00 18179.00 
17498.00 18136.00 17638.00 
17507.00 18095.00 17793.00 
17510.00 18097.00 17697.00 
17518.00 17743.00 18144.00 
17518.00 17875.00 17981.00 
17522.00 18104.00 17572.00 
17524.00 18075.00 17636.00 
17540.00 17998.00 17909.00 
17551.00 17938.00 17838.00 
17558.00 17868.00 18069.00 
17564.00 17729.00 18082.00 
17566.00 18067.00 17691.00 
17569.00 17629.00 18192.00 
17575.00 18186.00 17513.00 
17577.00 18099.00 17515.00 
17583.00 17766.00 18039.00 
17604.00 18097.00 17625.00 
17606.00 17846.00 17982.00 
17610.00 17952.00 17803.00 
17623.00 17712.00 18097.00 
17625.00 17993.00 17749.00 
17638.00 18109.00 17487.00 
17639.00 17649.00 18117.00 
17646.00 17738.00 17961.00 
17647.00 17574.00 18083.00 
17648.00 17918.00 17918.00 
17651.00 17800.00 17947.00 
17658.00 18033.00 17658.00 
17663.00 18078.00 17575.00 
17665.00 17884.00 17755.00 
17665.00 18002.00 17582.00 
17666.00 17607.00 18017.00 
17670.00 17662.00 17914.00 
17671.00 18052.00 17503.00 
17672.00 17974.00 17683.00 
17673.00 17945.00 17754.00 
17683.00 18099.00 17442.00 
17696.00 17527.00 18012.00 
17700.00 17605.00 17952.00 
17710.00 17783.00 17899.00 
17714.00 18003.00 17547.00 
17717.00 17918.00 17715.00 
17734.00 17838.00 17840.00 
17747.00 17970.00 17606.00 
17751.00 17793.00 17798.00 
17757.00 17624.00 17909.00 
17758.00 17727.00 17841.00 
17767.00 18010.00 17474.00 
17768.00 17860.00 17731.00 
17780.00 17986.00 17556.00 
17782.00 18050.00 17426.00 
17786.00 17878.00 17670.00 
17786.00 17961.00 17667.00 
17790.00 17572.00 17911.00 
17804.00 17663.00 17765.00 
17810.00 17656.00 17850.00 
17820.00 17815.00 17738.00 
17830.00 17571.00 17827.00 
17830.00 17588.00 17718.00 
17835.00 17973.00 17482.00 
17841.00 17948.00 17558.00 
17843.00 17810.00 17602.00 
17853.00 17714.00 17712.00 
17860.00 17887.00 17568.00 
17862.00 17861.00 17460.00 
17865.00 17799.00 17673.00 
17875.00 17648.00 17692.00 
17886.00 17519.00 17690.00 
17900.00 17736.00 17655.00 
17905.00 17659.00 17641.00 
17914.00 17799.00 17554.00 
17922.00 17803.00 17448.00 
17928.00 17820.00 17355.00 
17951.00 17656.00 17539.00 
17960.00 17723.00 17461.00 
17131.00 17623.00 18185.00 
17131.00 17970.00 17770.00 
17197.00 17707.00 18067.00 
17224.00 17877.00 17967.00 
17242.00 17939.00 17791.00 
17269.00 17982.00 17731.00 
17310.00 17942.00 17778.00 
17313.00 17911.00 17936.00 
17317.00 17704.00 18123.00 
17324.00 17850.00 17795.00 
17350.00 17758.00 18051.00 
17354.00 17614.00 18227.00 
17363.00 17447.00 18288.00 
17364.00 17530.00 18255.00 
17367.00 17938.00 17653.00 
17385.00 17492.00 18166.00 
17392.00 17609.00 18132.00 
17394.00 17390.00 18368.00 
17407.00 17471.00 18233.00 
17418.00 17842.00 17794.00 
17422.00 17826.00 18014.00 
17428.00 17351.00 18295.00 
17430.00 17694.00 18081.00 
17449.00 17729.00 17957.00 
17453.00 17736.00 17824.00 
17462.00 17901.00 17747.00 
17471.00 17477.00 18212.00 
17476.00 17333.00 18217.00 
17479.00 17589.00 18115.00 
17498.00 17862.00 17619.00 
17531.00 17414.00 18153.00 
17532.00 17801.00 17795.00 
17535.00 17696.00 17977.00 
17537.00 17804.00 17709.00 
17538.00 18033.00 17573.00 
17556.00 17290.00 18117.00 
17564.00 17532.00 18084.00 
17570.00 17730.00 17842.00 
17571.00 17944.00 17610.00 
17587.00 17611.00 18002.00 
17598.00 17519.00 17939.00 
17609.00 17171.00 18143.00 
17613.00 17818.00 17621.00 
17618.00 17871.00 17553.00 
17622.00 17753.00 17777.00 
17631.00 17352.00 18081.00 
17632.00 17663.00 17896.00 
17633.00 17474.00 18007.00 
17637.00 17272.00 18112.00 
17642.00 17880.00 17444.00 
17664.00 17736.00 17692.00 
17665.00 17808.00 17559.00 
17668.00 17671.00 17519.00 
17669.00 17422.00 18067.00 
17670.00 17376.00 17954.00 
17679.00 17640.00 17830.00 
17683.00 17820.00 17320.00 
17690.00 17744.00 17404.00 
17694.00 17587.00 17709.00 
17706.00 17187.00 18078.00 
17708.00 17659.00 17655.00 
17708.00 17720.00 17481.00 
17709.00 17269.00 17997.00 
17717.00 17094.00 17973.00 
17728.00 17558.00 17909.00 
17735.00 17345.00 17889.00 
17756.00 17468.00 17846.00 
17773.00 17566.00 17742.00 
17774.00 17646.00 17493.00 
17783.00 17302.00 17961.00 
17785.00 17567.00 17647.00 
17797.00 17494.00 17710.00 
17800.00 17719.00 17286.00 
17814.00 17404.00 17888.00 
17816.00 17247.00 17793.00 
17822.00 17357.00 17727.00 
17841.00 17617.00 17611.00 
17846.00 17565.00 17480.00 
17848.00 17490.00 17526.00 
17851.00 17193.00 17801.00 
17865.00 17167.00 17913.00 
17868.00 17400.00 17671.00 
17908.00 17082.00 17811.00 
17911.00 17450.00 17457.00 
17913.00 17255.00 17780.00 
17913.00 17384.00 17598.00 
17915.00 17313.00 17720.00 
17931.00 17425.00 17539.00 
17932.00 17571.00 17346.00 
17943.00 17297.00 17617.00 
17944.00 17226.00 17607.00 
17963.00 17209.00 17693.00 
17964.00 17408.00 17480.00 
17975.00 17477.00 17407.00 
17978.00 17374.00 17373.00 
17993.00 17323.00 17530.00 
18012.00 17227.00 17497.00 
18026.00 17293.00 17368.00 
18051.00 17215.00 17596.00 
18103.00 17135.00 17448.00 
