24741 29147
25091 29096
26007 28990
24961 29120
26191 28908
24770 29143
24645 29157
26077 28958
26269 28866
25268 29087
24685 29154
24714 29150
24948 29126
25278 29023
24926 29136
24987 29101
24965 29111
26350 28802
25308 29010
25270 29030
25269 29049
25301 29012
25281 29015
25328 28996
26683 28749
26842 28654
27061 28534
27091 28532
27244 28407
27353 28325
27398 28289
26096 28936
26130 28931
26306 28822
26613 28781
26815 28672
26969 28582
27589 28163
27659 28075
26719 28701
27681 28057
26326 28806
26301 28830
26710 28715
26354 28796
27776 27971
26206 28901
26279 28836
26148 28921
26100 28934
25910 28991
26010 28964
26086 28951
26144 28923
26209 28875
26214 28867
26325 28819
27182 28451
27481 28241
26997 28559
27148 28459
27210 28431
27520 28206
27621 28127
27712 28033
27428 28255
27277 28377
27413 28256
27634 28108
27814 27903
27850 27852
27898 27811
27988 27715
27997 27711
27951 27772
28043 27645
28071 27609
28102 27561
28203 27457
28306 27320
28252 27408
28166 27489
28029 27675
27823 27882
27784 27934
28117 27548
27703 28043
27916 27791
27734 27995
27796 27923
27942 27776
27878 27833
27719 28000
27531 28183
27489 28219
27559 28171
27133 28467
27300 28344
27111 28477
27103 28492
26954 28615
26897 28624
26751 28689
26659 28753
26688 28725
26727 28693
26760 28678
26768 28674
26859 28652
26835 28656
26863 28632
26867 28626
26957 28589
26974 28567
27012 28540
26998 28551
27005 28541
27035 28539
27036 28538
27098 28494
27135 28466
27106 28489
27125 28474
27280 28357
27219 28424
27265 28390
27366 28307
27311 28340
27368 28293
27405 28263
27371 28291
27317 28336
27402 28284
27152 28453
27217 28429
27288 28352
27278 28358
27294 28345
27246 28394
27220 28409
27246 28394
27220 28409
27280 28357
27305 28343
27289 28346
27314 28337
27319 28329
27642 28101
27410 28262
27413 28256
27434 28254
27590 28142
27441 28244
27535 28173
27494 28211
27526 28193
27664 28064
27613 28136
27652 28085
27668 28059
27643 28092
27623 28114
27635 28102
27626 28109
27644 28089
27661 28067
27667 28060
27713 28008
27727 27996
27736 27974
27832 27875
27854 27837
27806 27905
27797 27912
27789 27926
27818 27885
27801 27907
27779 27945
27826 27879
27838 27863
27976 27739
28048 27628
28053 27624
28011 27683
27985 27735
27925 27787
28003 27690
27957 27751
28000 27692
28030 27648
28087 27592
28143 27510
28094 27568
28056 27620
28106 27549
28076 27593
28122 27532
28170 27477
28271 27365
28229 27420
28319 27274
28378 27206
28439 27124
28345 27256
28134 27517
28148 27509
28150 27506
28225 27426
28392 27190
28314 27294
28460 27075
28414 27161
28497 27026
28512 26982
28532 26963
28561 26910
28606 26836
28630 26805
28639 26778
28545 26923
28661 26768
28688 26703
28690 26631
28711 26531
28709 26604
28713 26498
28717 26452
28729 26445
28745 26365
28714 26478
28717 26452
28576 26880
28589 26859
28595 26842
28578 26860
28668 26707
28694 26621
28703 26611
28611 26825
28664 26723
28633 26782
28591 26856
28623 26809
28631 26787
28620 26812
28607 26827
28565 26887
28568 26884
28516 26980
28475 27064
28445 27108
28451 27087
28507 27003
28542 26938
28419 27140
28482 27037
28547 26922
28518 26964
28517 26974
28509 26992
28361 27227
28403 27172
28353 27251
28401 27177
28431 27139
28486 27027
28465 27074
28444 27113
28337 27262
28449 27106
28481 27045
28471 27068
28384 27199
28368 27222
28400 27179
28433 27128
28370 27211
28299 27328
28376 27207
28409 27168
28354 27240
28324 27263
28360 27233
28320 27267
28298 27347
28191 27464
28172 27467
28142 27511
28213 27432
28208 27442
28267 27375
28259 27386
28283 27358
28237 27419
28205 27454
28119 27533
28176 27466
28130 27520
28123 27524
28091 27573
28137 27512
28124 27521
24741 29147
25091 29096
26007 28990
24961 29120
26191 28908
24770 29143
24645 29157
26077 28958
26269 28866
25268 29087
24685 29154
24714 29150
24948 29126
25278 29023
24926 29136
24987 29101
24965 29111
26350 28802
25308 29010
25270 29030
25269 29049
25301 29012
25281 29015
25328 28996
26683 28749
26842 28654
27061 28534
27091 28532
27244 28407
27353 28325
27398 28289
26096 28936
26130 28931
26306 28822
26613 28781
26815 28672
26969 28582
27589 28163
27659 28075
26719 28701
27681 28057
26326 28806
26301 28830
26710 28715
26354 28796
27776 27971
26206 28901
26279 28836
26148 28921
26100 28934
25910 28991
26010 28964
26086 28951
26144 28923
26209 28875
26214 28867
26325 28819
27182 28451
27481 28241
26997 28559
27148 28459
27210 28431
27520 28206
27621 28127
27712 28033
27428 28255
27277 28377
27413 28256
27634 28108
27814 27903
27850 27852
27898 27811
27988 27715
27997 27711
27951 27772
28043 27645
28071 27609
28102 27561
28203 27457
28306 27320
28252 27408
28166 27489
28029 27675
27823 27882
27784 27934
28117 27548
27703 28043
27916 27791
27734 27995
27796 27923
27942 27776
27878 27833
27719 28000
27531 28183
27489 28219
27559 28171
27133 28467
27300 28344
27111 28477
27103 28492
26954 28615
26897 28624
26751 28689
26659 28753
26688 28725
26727 28693
26760 28678
26768 28674
26859 28652
26835 28656
26863 28632
26867 28626
26957 28589
26974 28567
27012 28540
26998 28551
27005 28541
27035 28539
27036 28538
27098 28494
27135 28466
27106 28489
27125 28474
27280 28357
27219 28424
27265 28390
27366 28307
27311 28340
27368 28293
27405 28263
27371 28291
27317 28336
27402 28284
27152 28453
27217 28429
27288 28352
27278 28358
27294 28345
27246 28394
27220 28409
27246 28394
27220 28409
27280 28357
27305 28343
27289 28346
27314 28337
27319 28329
27642 28101
27410 28262
27413 28256
27434 28254
27590 28142
27441 28244
27535 28173
27494 28211
27526 28193
27664 28064
27613 28136
27652 28085
27668 28059
27643 28092
27623 28114
27635 28102
27626 28109
27644 28089
27661 28067
27667 28060
27713 28008
27727 27996
27736 27974
27832 27875
27854 27837
27806 27905
27797 27912
27789 27926
27818 27885
27801 27907
27779 27945
27826 27879
27838 27863
27976 27739
28048 27628
28053 27624
28011 27683
27985 27735
27925 27787
28003 27690
27957 27751
28000 27692
28030 27648
28087 27592
28143 27510
28094 27568
28056 27620
28106 27549
28076 27593
28122 27532
28170 27477
28271 27365
28229 27420
28319 27274
28378 27206
28439 27124
28345 27256
28134 27517
28148 27509
28150 27506
28225 27426
28392 27190
28314 27294
28460 27075
28414 27161
28497 27026
28512 26982
28532 26963
28561 26910
28606 26836
28630 26805
28639 26778
28545 26923
28661 26768
28688 26703
28690 26631
28711 26531
28709 26604
28713 26498
28717 26452
28729 26445
28745 26365
28714 26478
28717 26452
28576 26880
28589 26859
28595 26842
28578 26860
28668 26707
28694 26621
28703 26611
28611 26825
28664 26723
28633 26782
28591 26856
28623 26809
28631 26787
28620 26812
28607 26827
28565 26887
28568 26884
28516 26980
28475 27064
28445 27108
28451 27087
28507 27003
28542 26938
28419 27140
28482 27037
28547 26922
28518 26964
28517 26974
28509 26992
28361 27227
28403 27172
28353 27251
28401 27177
28431 27139
28486 27027
28465 27074
28444 27113
28337 27262
28449 27106
28481 27045
28471 27068
28384 27199
28368 27222
28400 27179
28433 27128
28370 27211
28299 27328
28376 27207
28409 27168
28354 27240
28324 27263
28360 27233
28320 27267
28298 27347
28191 27464
28172 27467
28142 27511
28213 27432
28208 27442
28267 27375
28259 27386
28283 27358
28237 27419
28205 27454
28119 27533
28176 27466
28130 27520
28123 27524
28091 27573
28137 27512
28124 27521
24741 29147
25091 29096
26007 28990
24961 29120
26191 28908
24770 29143
24645 29157
26077 28958
26269 28866
25268 29087
24685 29154
24714 29150
24948 29126
25278 29023
24926 29136
24987 29101
24965 29111
26350 28802
25308 29010
25270 29030
25269 29049
25301 29012
25281 29015
25328 28996
26683 28749
26842 28654
27061 28534
27091 28532
27244 28407
27353 28325
27398 28289
26096 28936
26130 28931
26306 28822
26613 28781
26815 28672
26969 28582
27589 28163
27659 28075
26719 28701
27681 28057
26326 28806
26301 28830
26710 28715
26354 28796
27776 27971
26206 28901
26279 28836
26148 28921
26100 28934
25910 28991
26010 28964
26086 28951
26144 28923
26209 28875
26214 28867
26325 28819
27182 28451
27481 28241
26997 28559
27148 28459
27210 28431
27520 28206
27621 28127
27712 28033
27428 28255
27277 28377
27413 28256
27634 28108
27814 27903
27850 27852
27898 27811
27988 27715
27997 27711
27951 27772
28043 27645
28071 27609
28102 27561
28203 27457
28306 27320
28252 27408
28166 27489
28029 27675
27823 27882
27784 27934
28117 27548
27703 28043
27916 27791
27734 27995
27796 27923
27942 27776
27878 27833
27719 28000
27531 28183
27489 28219
27559 28171
27133 28467
27300 28344
27111 28477
27103 28492
26954 28615
26897 28624
26751 28689
26659 28753
26688 28725
26727 28693
26760 28678
26768 28674
26859 28652
26835 28656
26863 28632
26867 28626
26957 28589
26974 28567
27012 28540
26998 28551
27005 28541
27035 28539
27036 28538
27098 28494
27135 28466
27106 28489
27125 28474
27280 28357
27219 28424
27265 28390
27366 28307
27311 28340
27368 28293
27405 28263
27371 28291
27317 28336
27402 28284
27152 28453
27217 28429
27288 28352
27278 28358
27294 28345
27246 28394
27220 28409
27246 28394
27220 28409
27280 28357
27305 28343
27289 28346
27314 28337
27319 28329
27642 28101
27410 28262
27413 28256
27434 28254
27590 28142
27441 28244
27535 28173
27494 28211
27526 28193
27664 28064
27613 28136
27652 28085
27668 28059
27643 28092
27623 28114
27635 28102
27626 28109
27644 28089
27661 28067
27667 28060
27713 28008
27727 27996
27736 27974
27832 27875
27854 27837
27806 27905
27797 27912
27789 27926
27818 27885
27801 27907
27779 27945
27826 27879
27838 27863
27976 27739
28048 27628
28053 27624
28011 27683
27985 27735
27925 27787
28003 27690
27957 27751
28000 27692
28030 27648
28087 27592
28143 27510
28094 27568
28056 27620
28106 27549
28076 27593
28122 27532
28170 27477
28271 27365
28229 27420
28319 27274
28378 27206
28439 27124
28345 27256
28134 27517
28148 27509
28150 27506
28225 27426
28392 27190
28314 27294
28460 27075
28414 27161
28497 27026
28512 26982
28532 26963
28561 26910
28606 26836
28630 26805
28639 26778
28545 26923
28661 26768
28688 26703
28690 26631
28711 26531
28709 26604
28713 26498
28717 26452
28729 26445
28745 26365
28714 26478
28717 26452
28576 26880
28589 26859
28595 26842
28578 26860
28668 26707
28694 26621
28703 26611
28611 26825
28664 26723
28633 26782
28591 26856
28623 26809
28631 26787
28620 26812
28607 26827
28565 26887
28568 26884
28516 26980
28475 27064
28445 27108
28451 27087
28507 27003
28542 26938
28419 27140
28482 27037
28547 26922
28518 26964
28517 26974
28509 26992
28361 27227
28403 27172
28353 27251
28401 27177
28431 27139
28486 27027
28465 27074
28444 27113
28337 27262
28449 27106
28481 27045
28471 27068
28384 27199
28368 27222
28400 27179
28433 27128
28370 27211
28299 27328
28376 27207
28409 27168
28354 27240
28324 27263
28360 27233
28320 27267
28298 27347
28191 27464
28172 27467
28142 27511
28213 27432
28208 27442
28267 27375
28259 27386
28283 27358
28237 27419
28205 27454
28119 27533
28176 27466
28130 27520
28123 27524
28091 27573
28137 27512
28124 27521
24741 29147
25091 29096
26007 28990
24961 29120
26191 28908
24770 29143
24645 29157
26077 28958
26269 28866
25268 29087
24685 29154
24714 29150
24948 29126
25278 29023
24926 29136
24987 29101
24965 29111
26350 28802
25308 29010
25270 29030
25269 29049
25301 29012
25281 29015
25328 28996
26683 28749
26842 28654
27061 28534
27091 28532
27244 28407
27353 28325
27398 28289
26096 28936
26130 28931
26306 28822
26613 28781
26815 28672
26969 28582
27589 28163
27659 28075
26719 28701
27681 28057
26326 28806
26301 28830
26710 28715
26354 28796
27776 27971
26206 28901
26279 28836
26148 28921
26100 28934
25910 28991
26010 28964
26086 28951
26144 28923
26209 28875
26214 28867
26325 28819
27182 28451
27481 28241
26997 28559
27148 28459
27210 28431
27520 28206
27621 28127
27712 28033
27428 28255
27277 28377
27413 28256
27634 28108
27814 27903
27850 27852
27898 27811
27988 27715
27997 27711
27951 27772
28043 27645
28071 27609
28102 27561
28203 27457
28306 27320
28252 27408
28166 27489
28029 27675
27823 27882
27784 27934
28117 27548
27703 28043
27916 27791
27734 27995
27796 27923
27942 27776
27878 27833
27719 28000
27531 28183
27489 28219
27559 28171
27133 28467
27300 28344
27111 28477
27103 28492
26954 28615
26897 28624
26751 28689
26659 28753
26688 28725
26727 28693
26760 28678
26768 28674
26859 28652
26835 28656
26863 28632
26867 28626
26957 28589
26974 28567
27012 28540
26998 28551
27005 28541
27035 28539
27036 28538
27098 28494
27135 28466
27106 28489
27125 28474
27280 28357
27219 28424
27265 28390
27366 28307
27311 28340
27368 28293
27405 28263
27371 28291
27317 28336
27402 28284
27152 28453
27217 28429
27288 28352
27278 28358
27294 28345
27246 28394
27220 28409
27246 28394
27220 28409
27280 28357
27305 28343
27289 28346
27314 28337
27319 28329
27642 28101
27410 28262
27413 28256
27434 28254
27590 28142
27441 28244
27535 28173
27494 28211
27526 28193
27664 28064
27613 28136
27652 28085
27668 28059
27643 28092
27623 28114
27635 28102
27626 28109
27644 28089
27661 28067
27667 28060
27713 28008
27727 27996
27736 27974
27832 27875
27854 27837
27806 27905
27797 27912
27789 27926
27818 27885
27801 27907
27779 27945
27826 27879
27838 27863
27976 27739
28048 27628
28053 27624
28011 27683
27985 27735
27925 27787
28003 27690
27957 27751
28000 27692
28030 27648
28087 27592
28143 27510
28094 27568
28056 27620
28106 27549
28076 27593
28122 27532
28170 27477
28271 27365
28229 27420
28319 27274
28378 27206
28439 27124
28345 27256
28134 27517
28148 27509
28150 27506
28225 27426
28392 27190
28314 27294
28460 27075
28414 27161
28497 27026
28512 26982
28532 26963
28561 26910
28606 26836
28630 26805
28639 26778
28545 26923
28661 26768
28688 26703
28690 26631
28711 26531
28709 26604
28713 26498
28717 26452
28729 26445
28745 26365
28714 26478
28717 26452
28576 26880
28589 26859
28595 26842
28578 26860
28668 26707
28694 26621
28703 26611
28611 26825
28664 26723
28633 26782
28591 26856
28623 26809
28631 26787
28620 26812
28607 26827
28565 26887
28568 26884
28516 26980
28475 27064
28445 27108
28451 27087
28507 27003
28542 26938
28419 27140
28482 27037
28547 26922
28518 26964
28517 26974
28509 26992
28361 27227
28403 27172
28353 27251
28401 27177
28431 27139
28486 27027
28465 27074
28444 27113
28337 27262
28449 27106
28481 27045
28471 27068
28384 27199
28368 27222
28400 27179
28433 27128
28370 27211
28299 27328
28376 27207
28409 27168
28354 27240
28324 27263
28360 27233
28320 27267
28298 27347
28191 27464
28172 27467
28142 27511
28213 27432
28208 27442
28267 27375
28259 27386
28283 27358
28237 27419
28205 27454
28119 27533
28176 27466
28130 27520
28123 27524
28091 27573
28137 27512
28124 27521
24741 29147
25091 29096
26007 28990
24961 29120
26191 28908
24770 29143
24645 29157
26077 28958
26269 28866
25268 29087
24685 29154
24714 29150
24948 29126
25278 29023
24926 29136
24987 29101
24965 29111
26350 28802
25308 29010
25270 29030
25269 29049
25301 29012
25281 29015
25328 28996
26683 28749
26842 28654
27061 28534
27091 28532
27244 28407
27353 28325
27398 28289
26096 28936
26130 28931
26306 28822
26613 28781
26815 28672
26969 28582
27589 28163
27659 28075
26719 28701
27681 28057
26326 28806
26301 28830
26710 28715
26354 28796
27776 27971
26206 28901
26279 28836
26148 28921
26100 28934
25910 28991
26010 28964
26086 28951
26144 28923
26209 28875
26214 28867
26325 28819
27182 28451
27481 28241
26997 28559
27148 28459
27210 28431
27520 28206
27621 28127
27712 28033
27428 28255
27277 28377
27413 28256
27634 28108
27814 27903
27850 27852
27898 27811
27988 27715
27997 27711
27951 27772
28043 27645
28071 27609
28102 27561
28203 27457
28306 27320
28252 27408
28166 27489
28029 27675
27823 27882
27784 27934
28117 27548
27703 28043
27916 27791
27734 27995
27796 27923
27942 27776
27878 27833
27719 28000
27531 28183
27489 28219
27559 28171
27133 28467
27300 28344
27111 28477
27103 28492
26954 28615
26897 28624
26751 28689
26659 28753
26688 28725
26727 28693
26760 28678
26768 28674
26859 28652
26835 28656
26863 28632
26867 28626
26957 28589
26974 28567
27012 28540
26998 28551
27005 28541
27035 28539
27036 28538
27098 28494
27135 28466
27106 28489
27125 28474
27280 28357
27219 28424
27265 28390
27366 28307
27311 28340
27368 28293
27405 28263
27371 28291
27317 28336
27402 28284
27152 28453
27217 28429
27288 28352
27278 28358
27294 28345
27246 28394
27220 28409
27246 28394
27220 28409
27280 28357
27305 28343
27289 28346
27314 28337
27319 28329
27642 28101
27410 28262
27413 28256
27434 28254
27590 28142
27441 28244
27535 28173
27494 28211
27526 28193
27664 28064
27613 28136
27652 28085
27668 28059
27643 28092
27623 28114
27635 28102
27626 28109
27644 28089
27661 28067
27667 28060
27713 28008
27727 27996
27736 27974
27832 27875
27854 27837
27806 27905
27797 27912
27789 27926
27818 27885
27801 27907
27779 27945
27826 27879
27838 27863
27976 27739
28048 27628
28053 27624
28011 27683
27985 27735
27925 27787
28003 27690
27957 27751
28000 27692
28030 27648
28087 27592
28143 27510
28094 27568
28056 27620
28106 27549
28076 27593
28122 27532
28170 27477
28271 27365
28229 27420
28319 27274
28378 27206
28439 27124
28345 27256
28134 27517
28148 27509
28150 27506
28225 27426
28392 27190
28314 27294
28460 27075
28414 27161
28497 27026
28512 26982
28532 26963
28561 26910
28606 26836
28630 26805
28639 26778
28545 26923
28661 26768
28688 26703
28690 26631
28711 26531
28709 26604
28713 26498
28717 26452
28729 26445
28745 26365
28714 26478
28717 26452
28576 26880
28589 26859
28595 26842
28578 26860
28668 26707
28694 26621
28703 26611
28611 26825
28664 26723
28633 26782
28591 26856
28623 26809
28631 26787
28620 26812
28607 26827
28565 26887
28568 26884
28516 26980
28475 27064
28445 27108
28451 27087
28507 27003
28542 26938
28419 27140
28482 27037
28547 26922
28518 26964
28517 26974
28509 26992
28361 27227
28403 27172
28353 27251
28401 27177
28431 27139
28486 27027
28465 27074
28444 27113
28337 27262
28449 27106
28481 27045
28471 27068
28384 27199
28368 27222
28400 27179
28433 27128
28370 27211
28299 27328
28376 27207
28409 27168
28354 27240
28324 27263
28360 27233
28320 27267
28298 27347
28191 27464
28172 27467
28142 27511
28213 27432
28208 27442
28267 27375
28259 27386
28283 27358
28237 27419
28205 27454
28119 27533
28176 27466
28130 27520
28123 27524
28091 27573
28137 27512
28124 27521
24741 29147
25091 29096
26007 28990
24961 29120
26191 28908
24770 29143
24645 29157
26077 28958
26269 28866
25268 29087
24685 29154
24714 29150
24948 29126
25278 29023
24926 29136
24987 29101
24965 29111
26350 28802
25308 29010
25270 29030
25269 29049
25301 29012
25281 29015
25328 28996
26683 28749
26842 28654
27061 28534
27091 28532
27244 28407
27353 28325
27398 28289
26096 28936
26130 28931
26306 28822
26613 28781
26815 28672
26969 28582
27589 28163
27659 28075
26719 28701
27681 28057
26326 28806
26301 28830
26710 28715
26354 28796
27776 27971
26206 28901
26279 28836
26148 28921
26100 28934
25910 28991
26010 28964
26086 28951
26144 28923
26209 28875
26214 28867
26325 28819
27182 28451
27481 28241
26997 28559
27148 28459
27210 28431
27520 28206
27621 28127
27712 28033
27428 28255
27277 28377
27413 28256
27634 28108
27814 27903
27850 27852
27898 27811
27988 27715
27997 27711
27951 27772
28043 27645
28071 27609
28102 27561
28203 27457
28306 27320
28252 27408
28166 27489
28029 27675
27823 27882
27784 27934
28117 27548
27703 28043
27916 27791
27734 27995
27796 27923
27942 27776
27878 27833
27719 28000
27531 28183
27489 28219
27559 28171
27133 28467
27300 28344
27111 28477
27103 28492
26954 28615
26897 28624
26751 28689
26659 28753
26688 28725
26727 28693
26760 28678
26768 28674
26859 28652
26835 28656
26863 28632
26867 28626
26957 28589
26974 28567
27012 28540
26998 28551
27005 28541
27035 28539
27036 28538
27098 28494
27135 28466
27106 28489
27125 28474
27280 28357
27219 28424
27265 28390
27366 28307
27311 28340
27368 28293
27405 28263
27371 28291
27317 28336
27402 28284
27152 28453
27217 28429
27288 28352
27278 28358
27294 28345
27246 28394
27220 28409
27246 28394
27220 28409
27280 28357
27305 28343
27289 28346
27314 28337
27319 28329
27642 28101
27410 28262
27413 28256
27434 28254
27590 28142
27441 28244
27535 28173
27494 28211
27526 28193
27664 28064
27613 28136
27652 28085
27668 28059
27643 28092
27623 28114
27635 28102
27626 28109
27644 28089
27661 28067
27667 28060
27713 28008
27727 27996
27736 27974
27832 27875
27854 27837
27806 27905
27797 27912
27789 27926
27818 27885
27801 27907
27779 27945
27826 27879
27838 27863
27976 27739
28048 27628
28053 27624
28011 27683
27985 27735
27925 27787
28003 27690
27957 27751
28000 27692
28030 27648
28087 27592
28143 27510
28094 27568
28056 27620
28106 27549
28076 27593
28122 27532
28170 27477
28271 27365
28229 27420
28319 27274
28378 27206
28439 27124
28345 27256
28134 27517
28148 27509
28150 27506
28225 27426
28392 27190
28314 27294
28460 27075
28414 27161
28497 27026
28512 26982
28532 26963
28561 26910
28606 26836
28630 26805
28639 26778
28545 26923
28661 26768
28688 26703
28690 26631
28711 26531
28709 26604
28713 26498
28717 26452
28729 26445
28745 26365
28714 26478
28717 26452
28576 26880
28589 26859
28595 26842
28578 26860
28668 26707
28694 26621
28703 26611
28611 26825
28664 26723
28633 26782
28591 26856
28623 26809
28631 26787
28620 26812
28607 26827
28565 26887
28568 26884
28516 26980
28475 27064
28445 27108
28451 27087
28507 27003
28542 26938
28419 27140
28482 27037
28547 26922
28518 26964
28517 26974
28509 26992
28361 27227
28403 27172
28353 27251
28401 27177
28431 27139
28486 27027
28465 27074
28444 27113
28337 27262
28449 27106
28481 27045
28471 27068
28384 27199
28368 27222
28400 27179
28433 27128
28370 27211
28299 27328
28376 27207
28409 27168
28354 27240
28324 27263
28360 27233
28320 27267
28298 27347
28191 27464
28172 27467
28142 27511
28213 27432
28208 27442
28267 27375
28259 27386
28283 27358
28237 27419
28205 27454
28119 27533
28176 27466
28130 27520
28123 27524
28091 27573
28137 27512
28124 27521
24741 29147
25091 29096
26007 28990
24961 29120
26191 28908
24770 29143
24645 29157
26077 28958
26269 28866
25268 29087
24685 29154
24714 29150
24948 29126
25278 29023
24926 29136
24987 29101
24965 29111
26350 28802
25308 29010
25270 29030
25269 29049
25301 29012
25281 29015
25328 28996
26683 28749
26842 28654
27061 28534
27091 28532
27244 28407
27353 28325
27398 28289
26096 28936
26130 28931
26306 28822
26613 28781
26815 28672
26969 28582
27589 28163
27659 28075
26719 28701
27681 28057
26326 28806
26301 28830
26710 28715
26354 28796
27776 27971
26206 28901
26279 28836
26148 28921
26100 28934
25910 28991
26010 28964
26086 28951
26144 28923
26209 28875
26214 28867
26325 28819
27182 28451
27481 28241
26997 28559
27148 28459
27210 28431
27520 28206
27621 28127
27712 28033
27428 28255
27277 28377
27413 28256
27634 28108
27814 27903
27850 27852
27898 27811
27988 27715
27997 27711
27951 27772
28043 27645
28071 27609
28102 27561
28203 27457
28306 27320
28252 27408
28166 27489
28029 27675
27823 27882
27784 27934
28117 27548
27703 28043
27916 27791
27734 27995
27796 27923
27942 27776
27878 27833
27719 28000
27531 28183
27489 28219
27559 28171
27133 28467
27300 28344
27111 28477
27103 28492
26954 28615
26897 28624
26751 28689
26659 28753
26688 28725
26727 28693
26760 28678
26768 28674
26859 28652
26835 28656
26863 28632
26867 28626
26957 28589
26974 28567
27012 28540
26998 28551
27005 28541
27035 28539
27036 28538
27098 28494
27135 28466
27106 28489
27125 28474
27280 28357
27219 28424
27265 28390
27366 28307
27311 28340
27368 28293
27405 28263
27371 28291
27317 28336
27402 28284
27152 28453
27217 28429
27288 28352
27278 28358
27294 28345
27246 28394
27220 28409
27246 28394
27220 28409
27280 28357
27305 28343
27289 28346
27314 28337
27319 28329
27642 28101
27410 28262
27413 28256
27434 28254
27590 28142
27441 28244
27535 28173
27494 28211
27526 28193
27664 28064
27613 28136
27652 28085
27668 28059
27643 28092
27623 28114
27635 28102
27626 28109
27644 28089
27661 28067
27667 28060
27713 28008
27727 27996
27736 27974
27832 27875
27854 27837
27806 27905
27797 27912
27789 27926
27818 27885
27801 27907
27779 27945
27826 27879
27838 27863
27976 27739
28048 27628
28053 27624
28011 27683
27985 27735
27925 27787
28003 27690
27957 27751
28000 27692
28030 27648
28087 27592
28143 27510
28094 27568
28056 27620
28106 27549
28076 27593
28122 27532
28170 27477
28271 27365
28229 27420
28319 27274
28378 27206
28439 27124
28345 27256
28134 27517
28148 27509
28150 27506
28225 27426
28392 27190
28314 27294
28460 27075
28414 27161
28497 27026
28512 26982
28532 26963
28561 26910
28606 26836
28630 26805
28639 26778
28545 26923
28661 26768
28688 26703
28690 26631
28711 26531
28709 26604
28713 26498
28717 26452
28729 26445
28745 26365
28714 26478
28717 26452
28576 26880
28589 26859
28595 26842
28578 26860
28668 26707
28694 26621
28703 26611
28611 26825
28664 26723
28633 26782
28591 26856
28623 26809
28631 26787
28620 26812
28607 26827
28565 26887
28568 26884
28516 26980
28475 27064
28445 27108
28451 27087
28507 27003
28542 26938
28419 27140
28482 27037
28547 26922
28518 26964
28517 26974
28509 26992
28361 27227
28403 27172
28353 27251
28401 27177
28431 27139
28486 27027
28465 27074
28444 27113
28337 27262
28449 27106
28481 27045
28471 27068
28384 27199
28368 27222
28400 27179
28433 27128
28370 27211
28299 27328
28376 27207
28409 27168
28354 27240
28324 27263
28360 27233
28320 27267
28298 27347
28191 27464
28172 27467
28142 27511
28213 27432
28208 27442
28267 27375
28259 27386
28283 27358
28237 27419
28205 27454
28119 27533
28176 27466
28130 27520
28123 27524
28091 27573
28137 27512
28124 27521
24741 29147
25091 29096
26007 28990
24961 29120
26191 28908
24770 29143
24645 29157
26077 28958
26269 28866
25268 29087
24685 29154
24714 29150
24948 29126
25278 29023
24926 29136
24987 29101
24965 29111
26350 28802
25308 29010
25270 29030
25269 29049
25301 29012
25281 29015
25328 28996
26683 28749
26842 28654
27061 28534
27091 28532
27244 28407
27353 28325
27398 28289
26096 28936
26130 28931
26306 28822
26613 28781
26815 28672
26969 28582
27589 28163
27659 28075
26719 28701
27681 28057
26326 28806
26301 28830
26710 28715
26354 28796
27776 27971
26206 28901
26279 28836
26148 28921
26100 28934
25910 28991
26010 28964
26086 28951
26144 28923
26209 28875
26214 28867
26325 28819
27182 28451
27481 28241
26997 28559
27148 28459
27210 28431
27520 28206
27621 28127
27712 28033
27428 28255
27277 28377
27413 28256
27634 28108
27814 27903
27850 27852
27898 27811
27988 27715
27997 27711
27951 27772
28043 27645
28071 27609
28102 27561
28203 27457
28306 27320
28252 27408
28166 27489
28029 27675
27823 27882
27784 27934
28117 27548
27703 28043
27916 27791
27734 27995
27796 27923
27942 27776
27878 27833
27719 28000
27531 28183
27489 28219
27559 28171
27133 28467
27300 28344
27111 28477
27103 28492
26954 28615
26897 28624
26751 28689
26659 28753
26688 28725
26727 28693
26760 28678
26768 28674
26859 28652
26835 28656
26863 28632
26867 28626
26957 28589
26974 28567
27012 28540
26998 28551
27005 28541
27035 28539
27036 28538
27098 28494
27135 28466
27106 28489
27125 28474
27280 28357
27219 28424
27265 28390
27366 28307
27311 28340
27368 28293
27405 28263
27371 28291
27317 28336
27402 28284
27152 28453
27217 28429
27288 28352
27278 28358
27294 28345
27246 28394
27220 28409
27246 28394
27220 28409
27280 28357
27305 28343
27289 28346
27314 28337
27319 28329
27642 28101
27410 28262
27413 28256
27434 28254
27590 28142
27441 28244
27535 28173
27494 28211
27526 28193
27664 28064
27613 28136
27652 28085
27668 28059
27643 28092
27623 28114
27635 28102
27626 28109
27644 28089
27661 28067
27667 28060
27713 28008
27727 27996
27736 27974
27832 27875
27854 27837
27806 27905
27797 27912
27789 27926
27818 27885
27801 27907
27779 27945
27826 27879
27838 27863
27976 27739
28048 27628
28053 27624
28011 27683
27985 27735
27925 27787
28003 27690
27957 27751
28000 27692
28030 27648
28087 27592
28143 27510
28094 27568
28056 27620
28106 27549
28076 27593
28122 27532
28170 27477
28271 27365
28229 27420
28319 27274
28378 27206
28439 27124
28345 27256
28134 27517
28148 27509
28150 27506
28225 27426
28392 27190
28314 27294
28460 27075
28414 27161
28497 27026
28512 26982
28532 26963
28561 26910
28606 26836
28630 26805
28639 26778
28545 26923
28661 26768
28688 26703
28690 26631
28711 26531
28709 26604
28713 26498
28717 26452
28729 26445
28745 26365
28714 26478
28717 26452
28576 26880
28589 26859
28595 26842
28578 26860
28668 26707
28694 26621
28703 26611
28611 26825
28664 26723
28633 26782
28591 26856
28623 26809
28631 26787
28620 26812
28607 26827
28565 26887
28568 26884
28516 26980
28475 27064
28445 27108
28451 27087
28507 27003
28542 26938
28419 27140
28482 27037
28547 26922
28518 26964
28517 26974
28509 26992
28361 27227
28403 27172
28353 27251
28401 27177
28431 27139
28486 27027
28465 27074
28444 27113
28337 27262
28449 27106
28481 27045
28471 27068
28384 27199
28368 27222
28400 27179
28433 27128
28370 27211
28299 27328
28376 27207
28409 27168
28354 27240
28324 27263
28360 27233
28320 27267
28298 27347
28191 27464
28172 27467
28142 27511
28213 27432
28208 27442
28267 27375
28259 27386
28283 27358
28237 27419
28205 27454
28119 27533
28176 27466
28130 27520
28123 27524
28091 27573
28137 27512
28124 27521
24741 29147
25091 29096
26007 28990
24961 29120
26191 28908
24770 29143
24645 29157
26077 28958
26269 28866
25268 29087
24685 29154
24714 29150
24948 29126
25278 29023
24926 29136
24987 29101
24965 29111
26350 28802
25308 29010
25270 29030
25269 29049
25301 29012
25281 29015
25328 28996
26683 28749
26842 28654
27061 28534
27091 28532
27244 28407
27353 28325
27398 28289
26096 28936
26130 28931
26306 28822
26613 28781
26815 28672
26969 28582
27589 28163
27659 28075
26719 28701
27681 28057
26326 28806
26301 28830
26710 28715
26354 28796
27776 27971
26206 28901
26279 28836
26148 28921
26100 28934
25910 28991
26010 28964
26086 28951
26144 28923
26209 28875
26214 28867
26325 28819
27182 28451
27481 28241
26997 28559
27148 28459
27210 28431
27520 28206
27621 28127
27712 28033
27428 28255
27277 28377
27413 28256
27634 28108
27814 27903
27850 27852
27898 27811
27988 27715
27997 27711
27951 27772
28043 27645
28071 27609
28102 27561
28203 27457
28306 27320
28252 27408
28166 27489
28029 27675
27823 27882
27784 27934
28117 27548
27703 28043
27916 27791
27734 27995
27796 27923
27942 27776
27878 27833
27719 28000
27531 28183
27489 28219
27559 28171
27133 28467
27300 28344
27111 28477
27103 28492
26954 28615
26897 28624
26751 28689
26659 28753
26688 28725
26727 28693
26760 28678
26768 28674
26859 28652
26835 28656
26863 28632
26867 28626
26957 28589
26974 28567
27012 28540
26998 28551
27005 28541
27035 28539
27036 28538
27098 28494
27135 28466
27106 28489
27125 28474
27280 28357
27219 28424
27265 28390
27366 28307
27311 28340
27368 28293
27405 28263
27371 28291
27317 28336
27402 28284
27152 28453
27217 28429
27288 28352
27278 28358
27294 28345
27246 28394
27220 28409
27246 28394
27220 28409
27280 28357
27305 28343
27289 28346
27314 28337
27319 28329
27642 28101
27410 28262
27413 28256
27434 28254
27590 28142
27441 28244
27535 28173
27494 28211
27526 28193
27664 28064
27613 28136
27652 28085
27668 28059
27643 28092
27623 28114
27635 28102
27626 28109
27644 28089
27661 28067
27667 28060
27713 28008
27727 27996
27736 27974
27832 27875
27854 27837
27806 27905
27797 27912
27789 27926
27818 27885
27801 27907
27779 27945
27826 27879
27838 27863
27976 27739
28048 27628
28053 27624
28011 27683
27985 27735
27925 27787
28003 27690
27957 27751
28000 27692
28030 27648
28087 27592
28143 27510
28094 27568
28056 27620
28106 27549
28076 27593
28122 27532
28170 27477
28271 27365
28229 27420
28319 27274
28378 27206
28439 27124
28345 27256
28134 27517
28148 27509
28150 27506
28225 27426
28392 27190
28314 27294
28460 27075
28414 27161
28497 27026
28512 26982
28532 26963
28561 26910
28606 26836
28630 26805
28639 26778
28545 26923
28661 26768
28688 26703
28690 26631
28711 26531
28709 26604
28713 26498
28717 26452
28729 26445
28745 26365
28714 26478
28717 26452
28576 26880
28589 26859
28595 26842
28578 26860
28668 26707
28694 26621
28703 26611
28611 26825
28664 26723
28633 26782
28591 26856
28623 26809
28631 26787
28620 26812
28607 26827
28565 26887
28568 26884
28516 26980
28475 27064
28445 27108
28451 27087
28507 27003
28542 26938
28419 27140
28482 27037
28547 26922
28518 26964
28517 26974
28509 26992
28361 27227
28403 27172
28353 27251
28401 27177
28431 27139
28486 27027
28465 27074
28444 27113
28337 27262
28449 27106
28481 27045
28471 27068
28384 27199
28368 27222
28400 27179
28433 27128
28370 27211
28299 27328
28376 27207
28409 27168
28354 27240
28324 27263
28360 27233
28320 27267
28298 27347
28191 27464
28172 27467
28142 27511
28213 27432
28208 27442
28267 27375
28259 27386
28283 27358
28237 27419
28205 27454
28119 27533
28176 27466
28130 27520
28123 27524
28091 27573
28137 27512
28124 27521
24741 29147
25091 29096
26007 28990
24961 29120
26191 28908
24770 29143
24645 29157
26077 28958
26269 28866
25268 29087
24685 29154
24714 29150
24948 29126
25278 29023
24926 29136
24987 29101
24965 29111
26350 28802
25308 29010
25270 29030
25269 29049
25301 29012
25281 29015
25328 28996
26683 28749
26842 28654
27061 28534
27091 28532
27244 28407
27353 28325
27398 28289
26096 28936
26130 28931
26306 28822
26613 28781
26815 28672
26969 28582
27589 28163
27659 28075
26719 28701
27681 28057
26326 28806
26301 28830
26710 28715
26354 28796
27776 27971
26206 28901
26279 28836
26148 28921
26100 28934
25910 28991
26010 28964
26086 28951
26144 28923
26209 28875
26214 28867
26325 28819
27182 28451
27481 28241
26997 28559
27148 28459
27210 28431
27520 28206
27621 28127
27712 28033
27428 28255
27277 28377
27413 28256
27634 28108
27814 27903
27850 27852
27898 27811
27988 27715
27997 27711
27951 27772
28043 27645
28071 27609
28102 27561
28203 27457
28306 27320
28252 27408
28166 27489
28029 27675
27823 27882
27784 27934
28117 27548
27703 28043
27916 27791
27734 27995
27796 27923
27942 27776
27878 27833
27719 28000
27531 28183
27489 28219
27559 28171
27133 28467
27300 28344
27111 28477
27103 28492
26954 28615
26897 28624
26751 28689
26659 28753
26688 28725
26727 28693
26760 28678
26768 28674
26859 28652
26835 28656
26863 28632
26867 28626
26957 28589
26974 28567
27012 28540
26998 28551
27005 28541
27035 28539
27036 28538
27098 28494
27135 28466
27106 28489
27125 28474
27280 28357
27219 28424
27265 28390
27366 28307
27311 28340
27368 28293
27405 28263
27371 28291
27317 28336
27402 28284
27152 28453
27217 28429
27288 28352
27278 28358
27294 28345
27246 28394
27220 28409
27246 28394
27220 28409
27280 28357
27305 28343
27289 28346
27314 28337
27319 28329
27642 28101
27410 28262
27413 28256
27434 28254
27590 28142
27441 28244
27535 28173
27494 28211
27526 28193
27664 28064
27613 28136
27652 28085
27668 28059
27643 28092
27623 28114
27635 28102
27626 28109
27644 28089
27661 28067
27667 28060
27713 28008
27727 27996
27736 27974
27832 27875
27854 27837
27806 27905
27797 27912
27789 27926
27818 27885
27801 27907
27779 27945
27826 27879
27838 27863
27976 27739
28048 27628
28053 27624
28011 27683
27985 27735
27925 27787
28003 27690
27957 27751
28000 27692
28030 27648
28087 27592
28143 27510
28094 27568
28056 27620
28106 27549
28076 27593
28122 27532
28170 27477
28271 27365
28229 27420
28319 27274
28378 27206
28439 27124
28345 27256
28134 27517
28148 27509
28150 27506
28225 27426
28392 27190
28314 27294
28460 27075
28414 27161
28497 27026
28512 26982
28532 26963
28561 26910
28606 26836
28630 26805
28639 26778
28545 26923
28661 26768
28688 26703
28690 26631
28711 26531
28709 26604
28713 26498
28717 26452
28729 26445
28745 26365
28714 26478
28717 26452
28576 26880
28589 26859
28595 26842
28578 26860
28668 26707
28694 26621
28703 26611
28611 26825
28664 26723
28633 26782
28591 26856
28623 26809
28631 26787
28620 26812
28607 26827
28565 26887
28568 26884
28516 26980
28475 27064
28445 27108
28451 27087
28507 27003
28542 26938
28419 27140
28482 27037
28547 26922
28518 26964
28517 26974
28509 26992
28361 27227
28403 27172
28353 27251
28401 27177
28431 27139
28486 27027
28465 27074
28444 27113
28337 27262
28449 27106
28481 27045
28471 27068
28384 27199
28368 27222
28400 27179
28433 27128
28370 27211
28299 27328
28376 27207
28409 27168
28354 27240
28324 27263
28360 27233
28320 27267
28298 27347
28191 27464
28172 27467
28142 27511
28213 27432
28208 27442
28267 27375
28259 27386
28283 27358
28237 27419
28205 27454
28119 27533
28176 27466
28130 27520
28123 27524
28091 27573
28137 27512
28124 27521
24741 29147
25091 29096
26007 28990
24961 29120
26191 28908
24770 29143
24645 29157
26077 28958
26269 28866
25268 29087
24685 29154
24714 29150
24948 29126
25278 29023
24926 29136
24987 29101
24965 29111
26350 28802
25308 29010
25270 29030
25269 29049
25301 29012
25281 29015
25328 28996
26683 28749
26842 28654
27061 28534
27091 28532
27244 28407
27353 28325
27398 28289
26096 28936
26130 28931
26306 28822
26613 28781
26815 28672
26969 28582
27589 28163
27659 28075
26719 28701
27681 28057
26326 28806
26301 28830
26710 28715
26354 28796
27776 27971
26206 28901
26279 28836
26148 28921
26100 28934
25910 28991
26010 28964
26086 28951
26144 28923
26209 28875
26214 28867
26325 28819
27182 28451
27481 28241
26997 28559
27148 28459
27210 28431
27520 28206
27621 28127
27712 28033
27428 28255
27277 28377
27413 28256
27634 28108
27814 27903
27850 27852
27898 27811
27988 27715
27997 27711
27951 27772
28043 27645
28071 27609
28098 27560
28202 27439
28302 27318
28238 27377
28151 27486
28029 27675
27823 27882
27784 27934
28182 27448
28117 27548
27703 28043
27916 27791
27734 27995
27796 27923
27942 27776
27878 27833
27719 28000
27531 28183
27489 28219
27559 28171
27133 28467
27300 28344
27111 28477
27103 28492
26954 28615
26897 28624
26751 28689
26659 28753
26688 28725
26727 28693
26760 28678
26768 28674
26859 28652
26835 28656
26863 28632
26867 28626
26957 28589
26974 28567
27012 28540
26998 28551
27005 28541
27035 28539
27036 28538
27098 28494
27135 28466
27106 28489
27125 28474
27280 28357
27219 28424
27265 28390
27366 28307
27311 28340
27368 28293
27405 28263
27371 28291
27317 28336
27402 28284
27152 28453
27217 28429
27288 28352
27278 28358
27294 28345
27246 28394
27220 28409
27246 28394
27220 28409
27280 28357
27305 28343
27289 28346
27314 28337
27319 28329
27642 28101
27410 28262
27413 28256
27434 28254
27590 28142
27441 28244
27535 28173
27494 28211
27526 28193
27664 28064
27613 28136
27652 28085
27668 28059
27643 28092
27623 28114
27635 28102
27626 28109
27644 28089
27661 28067
27667 28060
27713 28008
27727 27996
27736 27974
27832 27875
27854 27837
27806 27905
27797 27912
27789 27926
27818 27885
27801 27907
27779 27945
27826 27879
27838 27863
27976 27739
28048 27628
28053 27624
28011 27683
27985 27735
27925 27787
28003 27690
27957 27751
28000 27692
28030 27648
28087 27592
28143 27510
28090 27562
28056 27620
28102 27559
28106 27549
28076 27593
28122 27532
28167 27457
28158 27477
28266 27358
28219 27391
28319 27274
28378 27206
28435 27123
28345 27256
28239 27364
28179 27450
28134 27517
28173 27452
28144 27498
28159 27465
28154 27479
28150 27488
28146 27490
28214 27409
28221 27381
28208 27421
28243 27361
28218 27398
28240 27362
28392 27181
28314 27287
28460 27075
28412 27159
28497 27026
28512 26982
28532 26963
28561 26910
28606 26836
28630 26805
28639 26778
28545 26923
28661 26768
28688 26703
28690 26631
28711 26531
28709 26604
28713 26498
28717 26452
28729 26445
28745 26365
28714 26478
28717 26452
28576 26880
28589 26859
28595 26842
28578 26860
28668 26707
28694 26621
28703 26611
28611 26825
28664 26723
28633 26782
28591 26856
28623 26809
28631 26787
28620 26812
28607 26827
28565 26887
28568 26884
28516 26980
28475 27064
28445 27108
28451 27087
28507 27003
28542 26938
28419 27140
28482 27037
28547 26922
28518 26964
28517 26974
28509 26992
28389 27184
28361 27227
28403 27172
28353 27251
28401 27177
28431 27133
28486 27027
28465 27074
28444 27113
28324 27259
28449 27106
28481 27045
28471 27068
28384 27199
28368 27222
28394 27179
28433 27128
28387 27189
28370 27211
28271 27322
28305 27291
28376 27207
24741 29147
25091 29096
26007 28990
24961 29120
26191 28908
24770 29143
24645 29157
26077 28958
26269 28866
25268 29087
24685 29154
24714 29150
24948 29126
25278 29023
24926 29136
24987 29101
24965 29111
26350 28802
25308 29010
25270 29030
25269 29049
25301 29012
25281 29015
25328 28996
26683 28749
26842 28654
27061 28534
27091 28532
27244 28407
27353 28325
27398 28289
26096 28936
26130 28931
26306 28822
26613 28781
26815 28672
26969 28582
27589 28163
27659 28075
26719 28701
27681 28057
26326 28806
26301 28830
26710 28715
26354 28796
27776 27971
26206 28901
26279 28836
26148 28921
26100 28934
25910 28991
26010 28964
26086 28951
26144 28923
26209 28875
26214 28867
26325 28819
27182 28451
27481 28241
26997 28559
27148 28459
27210 28431
27520 28206
27621 28127
27712 28033
27428 28255
27277 28377
27413 28256
27634 28108
27814 27903
27850 27852
27898 27811
27988 27715
27997 27711
27951 27772
28043 27645
28071 27609
28102 27561
28203 27457
28306 27320
28252 27408
28166 27489
28029 27675
27823 27882
27784 27934
28117 27548
27703 28043
27916 27791
27734 27995
27796 27923
27942 27776
27878 27833
27719 28000
27531 28183
27489 28219
27559 28171
27133 28467
27300 28344
27111 28477
27103 28492
26954 28615
26897 28624
26751 28689
26659 28753
26688 28725
26727 28693
26760 28678
26768 28674
26859 28652
26835 28656
26863 28632
26867 28626
26957 28589
26974 28567
27012 28540
26998 28551
27005 28541
27035 28539
27036 28538
27098 28494
27135 28466
27106 28489
27125 28474
27280 28357
27219 28424
27265 28390
27366 28307
27311 28340
27368 28293
27405 28263
27371 28291
27317 28336
27402 28284
27152 28453
27217 28429
27288 28352
27278 28358
27294 28345
27246 28394
27220 28409
27246 28394
27220 28409
27280 28357
27305 28343
27289 28346
27314 28337
27319 28329
27642 28101
27410 28262
27413 28256
27434 28254
27590 28142
27441 28244
27535 28173
27494 28211
27526 28193
27664 28064
27613 28136
27652 28085
27668 28059
27643 28092
27623 28114
27635 28102
27626 28109
27644 28089
27661 28067
27667 28060
27713 28008
27727 27996
27736 27974
27832 27875
27854 27837
27806 27905
27797 27912
27789 27926
27818 27885
27801 27907
27779 27945
27826 27879
27838 27863
27976 27739
28048 27628
28053 27624
28011 27683
27985 27735
27925 27787
28003 27690
27957 27751
28000 27692
28030 27648
28087 27592
28143 27510
28094 27568
28056 27620
28106 27549
28076 27593
28122 27532
28170 27477
28271 27365
28229 27420
28319 27274
28378 27206
28439 27124
28345 27256
28134 27517
28148 27509
28150 27506
28225 27426
28392 27190
28314 27294
28460 27075
28414 27161
28497 27026
28512 26982
28532 26963
28561 26910
28606 26836
28630 26805
28639 26778
28545 26923
28661 26768
28688 26703
28690 26631
28711 26531
28709 26604
28713 26498
28717 26452
28729 26445
28745 26365
28714 26478
28717 26452
28576 26880
28589 26859
28595 26842
28578 26860
28668 26707
28694 26621
28703 26611
28611 26825
28664 26723
28633 26782
28591 26856
28623 26809
28631 26787
28620 26812
28607 26827
28565 26887
28568 26884
28516 26980
28475 27064
28445 27108
28451 27087
28507 27003
28542 26938
28419 27140
28482 27037
28547 26922
28518 26964
28517 26974
28509 26992
28361 27227
28403 27172
28353 27251
28401 27177
28431 27139
28486 27027
28465 27074
28444 27113
28337 27262
28449 27106
28481 27045
28471 27068
28384 27199
28368 27222
28400 27179
28433 27128
28370 27211
28299 27328
28376 27207
28409 27168
28354 27240
28324 27263
28360 27233
28320 27267
28298 27347
28191 27464
28172 27467
28142 27511
28213 27432
28208 27442
28267 27375
28259 27386
28283 27358
28237 27419
28205 27454
28119 27533
28176 27466
28130 27520
28123 27524
28091 27573
28137 27512
28124 27521
24741 29147
25091 29096
26007 28990
24961 29120
26191 28908
24770 29143
24645 29157
26077 28958
26269 28866
25268 29087
24685 29154
24714 29150
24948 29126
25278 29023
24926 29136
24987 29101
24965 29111
26350 28802
25308 29010
25270 29030
25269 29049
25301 29012
25281 29015
25328 28996
26683 28749
26842 28654
27061 28534
27091 28532
27244 28407
27353 28325
27398 28289
26096 28936
26130 28931
26306 28822
26613 28781
26815 28672
26969 28582
27589 28163
27659 28075
26719 28701
27681 28057
26326 28806
26301 28830
26710 28715
26354 28796
27776 27971
26206 28901
26279 28836
26148 28921
26100 28934
25910 28991
26010 28964
26086 28951
26144 28923
26209 28875
26214 28867
26325 28819
27182 28451
27481 28241
26997 28559
27148 28459
27210 28431
27520 28206
27621 28127
27712 28033
27428 28255
27277 28377
27413 28256
27634 28108
27814 27903
27850 27852
27898 27811
27988 27715
27997 27711
27951 27772
28043 27645
28071 27609
28098 27560
28202 27439
28306 27320
28252 27408
28151 27486
28029 27675
27823 27882
27784 27934
28184 27452
28117 27548
27703 28043
27916 27791
27734 27995
27796 27923
27942 27776
27878 27833
27719 28000
27531 28183
27489 28219
27559 28171
27133 28467
27300 28344
27111 28477
27103 28492
26954 28615
26897 28624
26751 28689
26659 28753
26688 28725
26727 28693
26760 28678
26768 28674
26859 28652
26835 28656
26863 28632
26867 28626
26957 28589
26974 28567
27012 28540
26998 28551
27005 28541
27035 28539
27036 28538
27098 28494
27135 28466
27106 28489
27125 28474
27280 28357
27219 28424
27265 28390
27366 28307
27311 28340
27368 28293
27405 28263
27371 28291
27317 28336
27402 28284
27152 28453
27217 28429
27288 28352
27278 28358
27294 28345
27246 28394
27220 28409
27246 28394
27220 28409
27280 28357
27305 28343
27289 28346
27314 28337
27319 28329
27642 28101
27410 28262
27413 28256
27434 28254
27590 28142
27441 28244
27535 28173
27494 28211
27526 28193
27664 28064
27613 28136
27652 28085
27668 28059
27643 28092
27623 28114
27635 28102
27626 28109
27644 28089
27661 28067
27667 28060
27713 28008
27727 27996
27736 27974
27832 27875
27854 27837
27806 27905
27797 27912
27789 27926
27818 27885
27801 27907
27779 27945
27826 27879
27838 27863
27976 27739
28048 27628
28053 27624
28011 27683
27985 27735
27925 27787
28003 27690
27957 27751
28000 27692
28030 27648
28087 27592
28143 27510
28090 27562
28056 27620
28102 27559
28106 27549
28076 27593
28122 27532
28169 27472
28164 27480
28271 27365
28229 27420
28319 27274
28378 27206
28439 27124
28345 27256
28134 27517
28144 27498
28150 27488
28146 27490
28225 27426
28392 27190
28314 27294
28460 27075
28414 27161
28497 27026
28512 26982
28532 26963
28561 26910
28606 26836
28630 26805
28639 26778
28545 26923
28661 26768
28688 26703
28690 26631
28711 26531
28709 26604
28713 26498
28717 26452
28729 26445
28745 26365
28714 26478
28717 26452
28576 26880
28589 26859
28595 26842
28578 26860
28668 26707
28694 26621
28703 26611
28611 26825
28664 26723
28633 26782
28591 26856
28623 26809
28631 26787
28620 26812
28607 26827
28565 26887
28568 26884
28516 26980
28475 27064
28445 27108
28451 27087
28507 27003
28542 26938
28419 27140
28482 27037
28547 26922
28518 26964
28517 26974
28509 26992
28361 27227
28403 27172
28353 27251
28401 27177
28431 27139
28486 27027
28465 27074
28444 27113
28337 27262
28449 27106
28481 27045
28471 27068
28384 27199
28368 27222
28400 27179
28433 27128
28370 27211
28299 27328
28376 27207
28409 27168
28354 27240
28324 27263
28360 27233
28320 27267
28298 27347
28188 27450
28181 27460
28172 27467
28142 27511
28210 27430
28194 27447
28203 27436
28261 27372
28255 27382
24741 29147
25091 29096
26007 28990
24961 29120
26191 28908
24770 29143
24645 29157
26077 28958
26269 28866
25268 29087
24685 29154
24714 29150
24948 29126
25278 29023
24926 29136
24987 29101
24965 29111
26350 28802
25308 29010
25270 29030
25269 29049
25301 29012
25281 29015
25328 28996
26683 28749
26842 28654
27061 28534
27091 28532
27244 28407
27353 28325
27398 28289
26096 28936
26130 28931
26306 28822
26613 28781
26815 28672
26969 28582
27589 28163
27659 28075
26719 28701
27681 28057
26326 28806
26301 28830
26710 28715
26354 28796
27776 27971
26206 28901
26279 28836
26148 28921
26100 28934
25910 28991
26010 28964
26086 28951
26144 28923
26209 28875
26214 28867
26325 28819
27182 28451
27481 28241
26997 28559
27148 28459
27210 28431
27520 28206
27621 28127
27712 28033
27428 28255
27277 28377
27413 28256
27634 28108
27814 27903
27850 27852
27898 27811
27988 27715
27997 27711
27951 27772
28043 27645
28071 27609
28102 27561
28203 27457
28306 27320
28252 27408
28166 27489
28029 27675
27823 27882
27784 27934
28117 27548
27703 28043
27916 27791
27734 27995
27796 27923
27942 27776
27878 27833
27719 28000
27531 28183
27489 28219
27559 28171
27133 28467
27300 28344
27111 28477
27103 28492
26954 28615
26897 28624
26751 28689
26659 28753
26688 28725
26727 28693
26760 28678
26768 28674
26859 28652
26835 28656
26863 28632
26867 28626
26957 28589
26974 28567
27012 28540
26998 28551
27005 28541
27035 28539
27036 28538
27098 28494
27135 28466
27106 28489
27125 28474
27280 28357
27219 28424
27265 28390
27366 28307
27311 28340
27368 28293
27405 28263
27371 28291
27317 28336
27402 28284
27152 28453
27217 28429
27288 28352
27278 28358
27294 28345
27246 28394
27220 28409
27246 28394
27220 28409
27280 28357
27305 28343
27289 28346
27314 28337
27319 28329
27642 28101
27410 28262
27413 28256
27434 28254
27590 28142
27441 28244
27535 28173
27494 28211
27526 28193
27664 28064
27613 28136
27652 28085
27668 28059
27643 28092
27623 28114
27635 28102
27626 28109
27644 28089
27661 28067
27667 28060
27713 28008
27727 27996
27736 27974
27832 27875
27854 27837
27806 27905
27797 27912
27789 27926
27818 27885
27801 27907
27779 27945
27826 27879
27838 27863
27976 27739
28048 27628
28053 27624
28011 27683
27985 27735
27925 27787
28003 27690
27957 27751
28000 27692
28030 27648
28087 27592
28143 27510
28094 27568
28056 27620
28106 27549
28076 27593
28122 27532
28170 27477
28271 27365
28229 27420
28319 27274
28378 27206
28439 27124
28345 27256
28134 27517
28148 27509
28150 27506
28225 27426
28392 27190
28314 27294
28460 27075
28414 27161
28497 27026
28512 26982
28532 26963
28561 26910
28606 26836
28630 26805
28639 26778
28545 26923
28661 26768
28688 26703
28690 26631
28711 26531
28709 26604
28713 26498
28717 26452
28729 26445
28745 26365
28714 26478
28717 26452
28576 26880
28589 26859
28595 26842
28578 26860
28668 26707
28694 26621
28703 26611
28611 26825
28664 26723
28633 26782
28591 26856
28623 26809
28631 26787
28620 26812
28607 26827
28565 26887
28568 26884
28516 26980
28475 27064
28445 27108
28451 27087
28507 27003
28542 26938
28419 27140
28482 27037
28547 26922
28518 26964
28517 26974
28509 26992
28361 27227
28403 27172
28353 27251
28401 27177
28431 27139
28486 27027
28465 27074
28444 27113
28337 27262
28449 27106
28481 27045
28471 27068
28384 27199
28368 27222
28400 27179
28433 27128
28370 27211
28299 27328
28376 27207
28409 27168
28354 27240
28324 27263
28360 27233
28320 27267
28298 27347
28191 27464
28172 27467
28142 27511
28213 27432
28208 27442
28267 27375
28259 27386
28283 27358
28237 27419
28205 27454
28119 27533
28176 27466
28130 27520
28123 27524
28091 27573
28137 27512
28124 27521
24741 29147
25091 29096
26007 28990
24961 29120
26191 28908
24770 29143
24645 29157
26077 28958
26269 28866
25268 29087
24685 29154
24714 29150
24948 29126
25278 29023
24926 29136
24987 29101
24965 29111
26350 28802
25308 29010
25270 29030
25269 29049
25301 29012
25281 29015
25328 28996
26683 28749
26842 28654
27061 28534
27091 28532
27244 28407
27353 28325
27398 28289
26096 28936
26130 28931
26306 28822
26613 28781
26815 28672
26969 28582
27589 28163
27659 28075
26719 28701
27681 28057
26326 28806
26301 28830
26710 28715
26354 28796
27776 27971
26206 28901
26279 28836
26148 28921
26100 28934
25910 28991
26010 28964
26086 28951
26144 28923
26209 28875
26214 28867
26325 28819
27182 28451
27481 28241
26997 28559
27148 28459
27210 28431
27520 28206
27621 28127
27712 28033
27428 28255
27277 28377
27413 28256
27634 28108
27814 27903
27850 27852
27898 27811
27988 27715
27997 27711
27951 27772
28043 27645
28071 27609
28102 27561
28203 27457
28306 27320
28252 27408
28166 27489
28029 27675
27823 27882
27784 27934
28117 27548
27703 28043
27916 27791
27734 27995
27796 27923
27942 27776
27878 27833
27719 28000
27531 28183
27489 28219
27559 28171
27133 28467
27300 28344
27111 28477
27103 28492
26954 28615
26897 28624
26751 28689
26659 28753
26688 28725
26727 28693
26760 28678
26768 28674
26859 28652
26835 28656
26863 28632
26867 28626
26957 28589
26974 28567
27012 28540
26998 28551
27005 28541
27035 28539
27036 28538
27098 28494
27135 28466
27106 28489
27125 28474
27280 28357
27219 28424
27265 28390
27366 28307
27311 28340
27368 28293
27405 28263
27371 28291
27317 28336
27402 28284
27152 28453
27217 28429
27288 28352
27278 28358
27294 28345
27246 28394
27220 28409
27246 28394
27220 28409
27280 28357
27305 28343
27289 28346
27314 28337
27319 28329
27642 28101
27410 28262
27413 28256
27434 28254
27590 28142
27441 28244
27535 28173
27494 28211
27526 28193
27664 28064
27613 28136
27652 28085
27668 28059
27643 28092
27623 28114
27635 28102
27626 28109
27644 28089
27661 28067
27667 28060
27713 28008
27727 27996
27736 27974
27832 27875
27854 27837
27806 27905
27797 27912
27789 27926
27818 27885
27801 27907
27779 27945
27826 27879
27838 27863
27976 27739
28048 27628
28053 27624
28011 27683
27985 27735
27925 27787
28003 27690
27957 27751
28000 27692
28030 27648
28087 27592
28143 27510
28094 27568
28056 27620
28106 27549
28076 27593
28122 27532
28170 27477
28271 27365
28229 27420
28319 27274
28378 27206
28439 27124
28345 27256
28134 27517
28148 27509
28150 27506
28225 27426
28392 27190
28314 27294
28460 27075
28414 27161
28497 27026
28512 26982
28532 26963
28561 26910
28606 26836
28630 26805
28639 26778
28545 26923
28661 26768
28688 26703
28690 26631
28711 26531
28709 26604
28713 26498
28717 26452
28729 26445
28745 26365
28714 26478
28717 26452
28576 26880
28589 26859
28595 26842
28578 26860
28668 26707
28694 26621
28703 26611
28611 26825
28664 26723
28633 26782
28591 26856
28623 26809
28631 26787
28620 26812
28607 26827
28565 26887
28568 26884
28516 26980
28475 27064
28445 27108
28451 27087
28507 27003
28542 26938
28419 27140
28482 27037
28547 26922
28518 26964
28517 26974
28509 26992
28361 27227
28403 27172
28353 27251
28401 27177
28431 27139
28486 27027
28465 27074
28444 27113
28337 27262
28449 27106
28481 27045
28471 27068
28384 27199
28368 27222
28400 27179
28433 27128
28370 27211
28299 27328
28376 27207
28409 27168
28354 27240
28324 27263
28360 27233
28320 27267
28298 27347
28191 27464
28172 27467
28142 27511
28213 27432
28208 27442
28267 27375
28259 27386
28283 27358
28237 27419
28205 27454
28119 27533
28176 27466
28130 27520
28123 27524
28091 27573
28137 27512
28124 27521
24741 29147
25091 29096
26007 28990
24961 29120
26191 28908
24770 29143
24645 29157
26077 28958
26269 28866
25268 29087
24685 29154
24714 29150
24948 29126
25278 29023
24926 29136
24987 29101
24965 29111
26350 28802
25308 29010
25270 29030
25269 29049
25301 29012
25281 29015
25328 28996
26683 28749
26842 28654
27061 28534
27091 28532
27244 28407
27353 28325
27398 28289
26096 28936
26130 28931
26306 28822
26613 28781
26815 28672
26969 28582
27589 28163
27659 28075
26719 28701
27681 28057
26326 28806
26301 28830
26710 28715
26354 28796
27776 27971
26206 28901
26279 28836
26148 28921
26100 28934
25910 28991
26010 28964
26086 28951
26144 28923
26209 28875
26214 28867
26325 28819
27182 28451
27481 28241
26997 28559
27148 28459
27210 28431
27520 28206
27621 28127
27712 28033
27428 28255
27277 28377
27413 28256
27634 28108
27814 27903
27850 27852
27898 27811
27988 27715
27997 27711
27951 27772
28043 27645
28071 27609
28102 27561
28203 27457
28306 27320
28252 27408
28166 27489
28029 27675
27823 27882
27784 27934
28117 27548
27703 28043
27916 27791
27734 27995
27796 27923
27942 27776
27878 27833
27719 28000
27531 28183
27489 28219
27559 28171
27133 28467
27300 28344
27111 28477
27103 28492
26954 28615
26897 28624
26751 28689
26659 28753
26688 28725
26727 28693
26760 28678
26768 28674
26859 28652
26835 28656
26863 28632
26867 28626
26957 28589
26974 28567
27012 28540
26998 28551
27005 28541
27035 28539
27036 28538
27098 28494
27135 28466
27106 28489
27125 28474
27280 28357
27219 28424
27265 28390
27366 28307
27311 28340
27368 28293
27405 28263
27371 28291
27317 28336
27402 28284
27152 28453
27217 28429
27288 28352
27278 28358
27294 28345
27246 28394
27220 28409
27246 28394
27220 28409
27280 28357
27305 28343
27289 28346
27314 28337
27319 28329
27642 28101
27410 28262
27413 28256
27434 28254
27590 28142
27441 28244
27535 28173
27494 28211
27526 28193
27664 28064
27613 28136
27652 28085
27668 28059
27643 28092
27623 28114
27635 28102
27626 28109
27644 28089
27661 28067
27667 28060
27713 28008
27727 27996
27736 27974
27832 27875
27854 27837
27806 27905
27797 27912
27789 27926
27818 27885
27801 27907
27779 27945
27826 27879
27838 27863
27976 27739
28048 27628
28053 27624
28011 27683
27985 27735
27925 27787
28003 27690
27957 27751
28000 27692
28030 27648
28087 27592
28143 27510
28094 27568
28056 27620
28106 27549
28076 27593
28122 27532
28170 27477
28271 27365
28229 27420
28319 27274
28378 27206
28439 27124
28345 27256
28134 27517
28148 27509
28150 27506
28225 27426
28392 27190
28314 27294
28460 27075
28414 27161
28497 27026
28512 26982
28532 26963
28561 26910
28606 26836
28630 26805
28639 26778
28545 26923
28661 26768
28688 26703
28690 26631
28711 26531
28709 26604
28713 26498
28717 26452
28729 26445
28745 26365
28714 26478
28717 26452
28576 26880
28589 26859
28595 26842
28578 26860
28668 26707
28694 26621
28703 26611
28611 26825
28664 26723
28633 26782
28591 26856
28623 26809
28631 26787
28620 26812
28607 26827
28565 26887
28568 26884
28516 26980
28475 27064
28445 27108
28451 27087
28507 27003
28542 26938
28419 27140
28482 27037
28547 26922
28518 26964
28517 26974
28509 26992
28361 27227
28403 27172
28353 27251
28401 27177
28431 27139
28486 27027
28465 27074
28444 27113
28337 27262
28449 27106
28481 27045
28471 27068
28384 27199
28368 27222
28400 27179
28433 27128
28370 27211
28299 27328
28376 27207
28409 27168
28354 27240
28324 27263
28360 27233
28320 27267
28298 27347
28191 27464
28172 27467
28142 27511
28213 27432
28208 27442
28267 27375
28259 27386
28283 27358
28237 27419
28205 27454
28119 27533
28176 27466
28130 27520
28123 27524
28091 27573
28137 27512
28124 27521
24741 29147
25091 29096
26007 28990
24961 29120
26191 28908
24770 29143
24645 29157
26077 28958
26269 28866
25268 29087
24685 29154
24714 29150
24948 29126
25278 29023
24926 29136
24987 29101
24965 29111
26350 28802
25308 29010
25270 29030
25269 29049
25301 29012
25281 29015
25328 28996
26683 28749
26842 28654
27061 28534
27091 28532
27244 28407
27353 28325
27398 28289
26096 28936
26130 28931
26306 28822
26613 28781
26815 28672
26969 28582
27589 28163
27659 28075
26719 28701
27681 28057
26326 28806
26301 28830
26710 28715
26354 28796
27776 27971
26206 28901
26279 28836
26148 28921
26100 28934
25910 28991
26010 28964
26086 28951
26144 28923
26209 28875
26214 28867
26325 28819
27182 28451
27481 28241
26997 28559
27148 28459
27210 28431
27520 28206
27621 28127
27712 28033
27428 28255
27277 28377
27413 28256
27634 28108
27814 27903
27850 27852
27898 27811
27988 27715
27997 27711
27951 27772
28043 27645
28071 27609
28102 27561
28203 27457
28306 27320
28252 27408
28166 27489
28029 27675
27823 27882
27784 27934
28117 27548
27703 28043
27916 27791
27734 27995
27796 27923
27942 27776
27878 27833
27719 28000
27531 28183
27489 28219
27559 28171
27133 28467
27300 28344
27111 28477
27103 28492
26954 28615
26897 28624
26751 28689
26659 28753
26688 28725
26727 28693
26760 28678
26768 28674
26859 28652
26835 28656
26863 28632
26867 28626
26957 28589
26974 28567
27012 28540
26998 28551
27005 28541
27035 28539
27036 28538
27098 28494
27135 28466
27106 28489
27125 28474
27280 28357
27219 28424
27265 28390
27366 28307
27311 28340
27368 28293
27405 28263
27371 28291
27317 28336
27402 28284
27152 28453
27217 28429
27288 28352
27278 28358
27294 28345
27246 28394
27220 28409
27246 28394
27220 28409
27280 28357
27305 28343
27289 28346
27314 28337
27319 28329
27642 28101
27410 28262
27413 28256
27434 28254
27590 28142
27441 28244
27535 28173
27494 28211
27526 28193
27664 28064
27613 28136
27652 28085
27668 28059
27643 28092
27623 28114
27635 28102
27626 28109
27644 28089
27661 28067
27667 28060
27713 28008
27727 27996
27736 27974
27832 27875
27854 27837
27806 27905
27797 27912
27789 27926
27818 27885
27801 27907
27779 27945
27826 27879
27838 27863
27976 27739
28048 27628
28053 27624
28011 27683
27985 27735
27925 27787
28003 27690
27957 27751
28000 27692
28030 27648
28087 27592
28143 27510
28094 27568
28056 27620
28106 27549
28076 27593
28122 27532
28170 27477
28271 27365
28229 27420
28319 27274
28378 27206
28439 27124
28345 27256
28134 27517
28148 27509
28150 27506
28225 27426
28392 27190
28314 27294
28460 27075
28414 27161
28497 27026
28512 26982
28532 26963
28561 26910
28606 26836
28630 26805
28639 26778
28545 26923
28661 26768
28688 26703
28690 26631
28711 26531
28709 26604
28713 26498
28717 26452
28729 26445
28745 26365
28714 26478
28717 26452
28576 26880
28589 26859
28595 26842
28578 26860
28668 26707
28694 26621
28703 26611
28611 26825
28664 26723
28633 26782
28591 26856
28623 26809
28631 26787
28620 26812
28607 26827
28565 26887
28568 26884
28516 26980
28475 27064
28445 27108
28451 27087
28507 27003
28542 26938
28419 27140
28482 27037
28547 26922
28518 26964
28517 26974
28509 26992
28361 27227
28403 27172
28353 27251
28401 27177
28431 27139
28486 27027
28465 27074
28444 27113
28337 27262
28449 27106
28481 27045
28471 27068
28384 27199
28368 27222
28400 27179
28433 27128
28370 27211
28299 27328
28376 27207
28409 27168
28354 27240
28324 27263
28360 27233
28320 27267
28298 27347
28191 27464
28172 27467
28142 27511
28213 27432
28208 27442
28267 27375
28259 27386
28283 27358
28237 27419
28205 27454
28119 27533
28176 27466
28130 27520
28123 27524
28091 27573
28137 27512
28124 27521
24741 29147
25091 29096
26007 28990
24961 29120
26191 28908
24770 29143
24645 29157
26077 28958
26269 28866
25268 29087
24685 29154
24714 29150
24948 29126
25278 29023
24926 29136
24987 29101
24965 29111
26350 28802
25308 29010
25270 29030
25269 29049
25301 29012
25281 29015
25328 28996
26683 28749
26842 28654
27061 28534
27091 28532
27244 28407
27353 28325
27398 28289
26096 28936
26130 28931
26306 28822
26613 28781
26815 28672
26969 28582
27589 28163
27659 28075
26719 28701
27681 28057
26326 28806
26301 28830
26710 28715
26354 28796
27776 27971
26206 28901
26279 28836
26148 28921
26100 28934
25910 28991
26010 28964
26086 28951
26144 28923
26209 28875
26214 28867
26325 28819
27182 28451
27481 28241
26997 28559
27148 28459
27210 28431
27520 28206
27621 28127
27712 28033
27428 28255
27277 28377
27413 28256
27634 28108
27814 27903
27850 27852
27898 27811
27988 27715
27997 27711
27951 27772
28043 27645
28071 27609
28102 27561
28203 27457
28306 27320
28252 27408
28166 27489
28029 27675
27823 27882
27784 27934
28117 27548
27703 28043
27916 27791
27734 27995
27796 27923
27942 27776
27878 27833
27719 28000
27531 28183
27489 28219
27559 28171
27133 28467
27300 28344
27111 28477
27103 28492
26954 28615
26897 28624
26751 28689
26659 28753
26688 28725
26727 28693
26760 28678
26768 28674
26859 28652
26835 28656
26863 28632
26867 28626
26957 28589
26974 28567
27012 28540
26998 28551
27005 28541
27035 28539
27036 28538
27098 28494
27135 28466
27106 28489
27125 28474
27280 28357
27219 28424
27265 28390
27366 28307
27311 28340
27368 28293
27405 28263
27371 28291
27317 28336
27402 28284
27152 28453
27217 28429
27288 28352
27278 28358
27294 28345
27246 28394
27220 28409
27246 28394
27220 28409
27280 28357
27305 28343
27289 28346
27314 28337
27319 28329
27642 28101
27410 28262
27413 28256
27434 28254
27590 28142
27441 28244
27535 28173
27494 28211
27526 28193
27664 28064
27613 28136
27652 28085
27668 28059
27643 28092
27623 28114
27635 28102
27626 28109
27644 28089
27661 28067
27667 28060
27713 28008
27727 27996
27736 27974
27832 27875
27854 27837
27806 27905
27797 27912
27789 27926
27818 27885
27801 27907
27779 27945
27826 27879
27838 27863
27976 27739
28048 27628
28053 27624
28011 27683
27985 27735
27925 27787
28003 27690
27957 27751
28000 27692
28030 27648
28087 27592
28143 27510
28094 27568
28056 27620
28106 27549
28076 27593
28122 27532
28170 27477
28271 27365
28229 27420
28319 27274
28378 27206
28439 27124
28345 27256
28134 27517
28148 27509
28150 27506
28225 27426
28392 27190
28314 27294
28460 27075
28414 27161
28497 27026
28512 26982
28532 26963
28561 26910
28606 26836
28630 26805
28639 26778
28545 26923
28661 26768
28688 26703
28690 26631
28711 26531
28709 26604
28713 26498
28717 26452
28729 26445
28745 26365
28714 26478
28717 26452
28576 26880
28589 26859
28595 26842
28578 26860
28668 26707
28694 26621
28703 26611
28611 26825
28664 26723
28633 26782
28591 26856
28623 26809
28631 26787
28620 26812
28607 26827
28565 26887
28568 26884
28516 26980
28475 27064
28445 27108
28451 27087
28507 27003
28542 26938
28419 27140
28482 27037
28547 26922
28518 26964
28517 26974
28509 26992
28361 27227
28403 27172
28353 27251
28401 27177
28431 27139
28486 27027
28465 27074
28444 27113
28337 27262
28449 27106
28481 27045
28471 27068
28384 27199
28368 27222
28400 27179
28433 27128
28370 27211
28299 27328
28376 27207
28409 27168
28354 27240
28324 27263
28360 27233
28320 27267
28298 27347
28191 27464
28172 27467
28142 27511
28213 27432
28208 27442
28267 27375
28259 27386
28283 27358
28237 27419
28205 27454
28119 27533
28176 27466
28130 27520
28123 27524
28091 27573
28137 27512
28124 27521
24741 29147
25091 29096
26007 28990
24961 29120
26191 28908
24770 29143
24645 29157
26077 28958
26269 28866
25268 29087
24685 29154
24714 29150
24948 29126
25278 29023
24926 29136
24987 29101
24965 29111
26350 28802
25308 29010
25270 29030
25269 29049
25301 29012
25281 29015
25328 28996
26683 28749
26842 28654
27061 28534
27091 28532
27244 28407
27353 28325
27398 28289
26096 28936
26130 28931
26306 28822
26613 28781
26815 28672
26969 28582
27589 28163
27659 28075
26719 28701
27681 28057
26326 28806
26301 28830
26710 28715
26354 28796
27776 27971
26206 28901
26279 28836
26148 28921
26100 28934
25910 28991
26010 28964
26086 28951
26144 28923
26209 28875
26214 28867
26325 28819
27182 28451
27481 28241
26997 28559
27148 28459
27210 28431
27520 28206
27621 28127
27712 28033
27428 28255
27277 28377
27413 28256
27634 28108
27814 27903
27850 27852
27898 27811
27988 27715
27997 27711
27951 27772
28043 27645
28071 27609
28102 27561
28203 27457
28306 27320
28252 27408
28166 27489
28029 27675
27823 27882
27784 27934
28117 27548
27703 28043
27916 27791
27734 27995
27796 27923
27942 27776
27878 27833
27719 28000
27531 28183
27489 28219
27559 28171
27133 28467
27300 28344
27111 28477
27103 28492
26954 28615
26897 28624
26751 28689
26659 28753
26688 28725
26727 28693
26760 28678
26768 28674
26859 28652
26835 28656
26863 28632
26867 28626
26957 28589
26974 28567
27012 28540
26998 28551
27005 28541
27035 28539
27036 28538
27098 28494
27135 28466
27106 28489
27125 28474
27280 28357
27219 28424
27265 28390
27366 28307
27311 28340
27368 28293
27405 28263
27371 28291
27317 28336
27402 28284
27152 28453
27217 28429
27288 28352
27278 28358
27294 28345
27246 28394
27220 28409
27246 28394
27220 28409
27280 28357
27305 28343
27289 28346
27314 28337
27319 28329
27642 28101
27410 28262
27413 28256
27434 28254
27590 28142
27441 28244
27535 28173
27494 28211
27526 28193
27664 28064
27613 28136
27652 28085
27668 28059
27643 28092
27623 28114
27635 28102
27626 28109
27644 28089
27661 28067
27667 28060
27713 28008
27727 27996
27736 27974
27832 27875
27854 27837
27806 27905
27797 27912
27789 27926
27818 27885
27801 27907
27779 27945
27826 27879
27838 27863
27976 27739
28048 27628
28053 27624
28011 27683
27985 27735
27925 27787
28003 27690
27957 27751
28000 27692
28030 27648
28087 27592
28143 27510
28094 27568
28056 27620
28106 27549
28076 27593
28122 27532
28170 27477
28271 27365
28229 27420
28319 27274
28378 27206
28439 27124
28345 27256
28134 27517
28148 27509
28150 27506
28225 27426
28392 27190
28314 27294
28460 27075
28414 27161
28497 27026
28512 26982
28532 26963
28561 26910
28606 26836
28630 26805
28639 26778
28545 26923
28661 26768
28688 26703
28690 26631
28711 26531
28709 26604
28713 26498
28717 26452
28729 26445
28745 26365
28714 26478
28717 26452
28576 26880
28589 26859
28595 26842
28578 26860
28668 26707
28694 26621
28703 26611
28611 26825
28664 26723
28633 26782
28591 26856
28623 26809
28631 26787
28620 26812
28607 26827
28565 26887
28568 26884
28516 26980
28475 27064
28445 27108
28451 27087
28507 27003
28542 26938
28419 27140
28482 27037
28547 26922
28518 26964
28517 26974
28509 26992
28361 27227
28403 27172
28353 27251
28401 27177
28431 27139
28486 27027
28465 27074
28444 27113
28337 27262
28449 27106
28481 27045
28471 27068
28384 27199
28368 27222
28400 27179
28433 27128
28370 27211
28299 27328
28376 27207
28409 27168
28354 27240
28324 27263
28360 27233
28320 27267
28298 27347
28191 27464
28172 27467
28142 27511
28213 27432
28208 27442
28267 27375
28259 27386
28283 27358
28237 27419
28205 27454
28119 27533
28176 27466
28130 27520
28123 27524
28091 27573
28137 27512
28124 27521
24741 29147
25091 29096
26007 28990
24961 29120
26191 28908
24770 29143
24645 29157
26077 28958
26269 28866
25268 29087
24685 29154
24714 29150
24948 29126
25278 29023
24926 29136
24987 29101
24965 29111
26350 28802
25308 29010
25270 29030
25269 29049
25301 29012
25281 29015
25328 28996
26683 28749
26842 28654
27061 28534
27091 28532
27244 28407
27353 28325
27398 28289
26096 28936
26130 28931
26306 28822
26613 28781
26815 28672
26969 28582
27589 28163
27659 28075
26719 28701
27681 28057
26326 28806
26301 28830
26710 28715
26354 28796
27776 27971
26206 28901
26279 28836
26148 28921
26100 28934
25910 28991
26010 28964
26086 28951
26144 28923
26209 28875
26214 28867
26325 28819
27182 28451
27481 28241
26997 28559
27148 28459
27210 28431
27520 28206
27621 28127
27712 28033
27428 28255
27277 28377
27413 28256
27634 28108
27814 27903
27850 27852
27898 27811
27988 27715
27997 27711
27951 27772
28043 27645
28071 27609
28102 27561
28203 27457
28306 27320
28252 27408
28166 27489
28029 27675
27823 27882
27784 27934
28117 27548
27703 28043
27916 27791
27734 27995
27796 27923
27942 27776
27878 27833
27719 28000
27531 28183
27489 28219
27559 28171
27133 28467
27300 28344
27111 28477
27103 28492
26954 28615
26897 28624
26751 28689
26659 28753
26688 28725
26727 28693
26760 28678
26768 28674
26859 28652
26835 28656
26863 28632
26867 28626
26957 28589
26974 28567
27012 28540
26998 28551
27005 28541
27035 28539
27036 28538
27098 28494
27135 28466
27106 28489
27125 28474
27280 28357
27219 28424
27265 28390
27366 28307
27311 28340
27368 28293
27405 28263
27371 28291
27317 28336
27402 28284
27152 28453
27217 28429
27288 28352
27278 28358
27294 28345
27246 28394
27220 28409
27246 28394
27220 28409
27280 28357
27305 28343
27289 28346
27314 28337
27319 28329
27642 28101
27410 28262
27413 28256
27434 28254
27590 28142
27441 28244
27535 28173
27494 28211
27526 28193
27664 28064
27613 28136
27652 28085
27668 28059
27643 28092
27623 28114
27635 28102
27626 28109
27644 28089
27661 28067
27667 28060
27713 28008
27727 27996
27736 27974
27832 27875
27854 27837
27806 27905
27797 27912
27789 27926
27818 27885
27801 27907
27779 27945
27826 27879
27838 27863
27976 27739
28048 27628
28053 27624
28011 27683
27985 27735
27925 27787
28003 27690
27957 27751
28000 27692
28030 27648
28087 27592
28143 27510
28094 27568
28056 27620
28106 27549
28076 27593
28122 27532
28170 27477
28271 27365
28229 27420
28319 27274
28378 27206
28439 27124
28345 27256
28134 27517
28148 27509
28150 27506
28225 27426
28392 27190
28314 27294
28460 27075
28414 27161
28497 27026
28512 26982
28532 26963
28561 26910
28606 26836
28630 26805
28639 26778
28545 26923
28661 26768
28688 26703
28690 26631
28711 26531
28709 26604
28713 26498
28717 26452
28729 26445
28745 26365
28714 26478
28717 26452
28576 26880
28589 26859
28595 26842
28578 26860
28668 26707
28694 26621
28703 26611
28611 26825
28664 26723
28633 26782
28591 26856
28623 26809
28631 26787
28620 26812
28607 26827
28565 26887
28568 26884
28516 26980
28475 27064
28445 27108
28451 27087
28507 27003
28542 26938
28419 27140
28482 27037
28547 26922
28518 26964
28517 26974
28509 26992
28361 27227
28403 27172
28353 27251
28401 27177
28431 27139
28486 27027
28465 27074
28444 27113
28337 27262
28449 27106
28481 27045
28471 27068
28384 27199
28368 27222
28400 27179
28433 27128
28370 27211
28299 27328
28376 27207
28409 27168
28354 27240
28324 27263
28360 27233
28320 27267
28298 27347
28191 27464
28172 27467
28142 27511
28213 27432
28208 27442
28267 27375
28259 27386
28283 27358
28237 27419
28205 27454
28119 27533
28176 27466
28130 27520
28123 27524
28091 27573
28137 27512
28124 27521
