9473 8937
9282 9188
9387 9049
9338 9126
9234 9264
9154 9331
9289 9183
9111 9368
9077 9402
9000 9452
8972 9481
8881 9524
8856 9555
8986 9460
8782 9626
8767 9640
8745 9663
9181 9301
9085 9394
8903 9505
8892 9513
8846 9561
8869 9547
8836 9613
8792 9620
8839 9569
8758 9641
8705 9675
8777 9634
8678 9698
8661 9703
8591 9734
8542 9745
8613 9727
8532 9755
8551 9743
8621 9715
8684 9691
8619 9720
8562 9736
8706 9667
8715 9664
8686 9684
8781 9633
8849 9556
8864 9549
8928 9497
8981 9472
8906 9499
8932 9485
9021 9442
9062 9415
9254 9219
9196 9285
9242 9231
9366 9088
9403 9044
9443 8980
9419 9016
9497 8910
9313 9158
9024 9436
9039 9423
9172 9312
9305 9169
9264 9213
9384 9055
9346 9102
9333 9138
9349 9097
9322 9139
9200 9275
9269 9197
9292 9182
9374 9068
9436 8984
9461 8940
9457 8966
9499 8890
9513 8881
9524 8842
9547 8811
9528 8841
9410 9026
9420 9013
9429 9003
9483 8924
9466 8938
9450 8974
9421 9010
9564 8780
9586 8738
9554 8799
9626 8661
9567 8772
9589 8719
9538 8822
9523 8868
9550 8803
9576 8761
9577 8749
9544 8812
9531 8834
9476 8932
9501 8884
9459 8965
9431 8996
9439 8981
9376 9065
9373 9070
9383 9057
9392 9046
9382 9059
9355 9091
9251 9220
9235 9249
9184 9292
9191 9288
9121 9355
9137 9337
9157 9321
9213 9268
9195 9287
9271 9194
9236 9232
9165 9313
9128 9348
9090 9379
8935 9482
8982 9468
9094 9371
9159 9318
9119 9356
9126 9350
9160 9315
9175 9302
9473 8937
9282 9188
9387 9049
9338 9126
9234 9264
9154 9331
9289 9183
9111 9368
9077 9402
9000 9452
8972 9481
8881 9524
8856 9555
8986 9460
8782 9626
8767 9640
8745 9663
9181 9301
9085 9394
8903 9505
8892 9513
8846 9561
8869 9547
8836 9613
8792 9620
8839 9569
8758 9641
8705 9675
8777 9634
8678 9698
8661 9703
8591 9734
8542 9745
8613 9727
8532 9755
8551 9743
8621 9715
8684 9691
8619 9720
8562 9736
8706 9667
8715 9664
8686 9684
8781 9633
8849 9556
8864 9549
8928 9497
8981 9472
8906 9499
8932 9485
9021 9442
9062 9415
9254 9219
9196 9285
9242 9231
9366 9088
9403 9044
9443 8980
9419 9016
9497 8910
9313 9158
9024 9436
9039 9423
9172 9312
9305 9169
9264 9213
9384 9055
9346 9102
9333 9138
9349 9097
9322 9139
9200 9275
9269 9197
9292 9182
9374 9068
9436 8984
9461 8940
9457 8966
9499 8890
9513 8881
9524 8842
9547 8811
9528 8841
9410 9026
9420 9013
9429 9003
9483 8924
9466 8938
9450 8974
9421 9010
9564 8780
9586 8738
9554 8799
9626 8661
9567 8772
9589 8719
9538 8822
9523 8868
9550 8803
9576 8761
9577 8749
9544 8812
9531 8834
9476 8932
9501 8884
9459 8965
9431 8996
9439 8981
9376 9065
9373 9070
9383 9057
9392 9046
9382 9059
9355 9091
9251 9220
9235 9249
9184 9292
9191 9288
9121 9355
9137 9337
9157 9321
9213 9268
9195 9287
9271 9194
9236 9232
9165 9313
9128 9348
9090 9379
8935 9482
8982 9468
9094 9371
9159 9318
9119 9356
9126 9350
9160 9315
9175 9302
9473 8937
9282 9188
9387 9049
9338 9126
9234 9264
9154 9331
9289 9183
9111 9368
9077 9402
9000 9452
8972 9481
8881 9524
8856 9555
8986 9460
8782 9626
8767 9640
8745 9663
9181 9301
9085 9394
8903 9505
8892 9513
8846 9561
8869 9547
8836 9613
8792 9620
8839 9569
8758 9641
8705 9675
8777 9634
8678 9698
8661 9703
8591 9734
8542 9745
8613 9727
8532 9755
8551 9743
8621 9715
8684 9691
8619 9720
8562 9736
8706 9667
8715 9664
8686 9684
8781 9633
8849 9556
8864 9549
8928 9497
8981 9472
8906 9499
8932 9485
9021 9442
9062 9415
9254 9219
9196 9285
9242 9231
9366 9088
9403 9044
9443 8980
9419 9016
9497 8910
9313 9158
9024 9436
9039 9423
9172 9312
9305 9169
9264 9213
9384 9055
9346 9102
9333 9138
9349 9097
9322 9139
9200 9275
9269 9197
9292 9182
9374 9068
9436 8984
9461 8940
9457 8966
9499 8890
9513 8881
9524 8842
9547 8811
9528 8841
9410 9026
9420 9013
9429 9003
9483 8924
9466 8938
9450 8974
9421 9010
9564 8780
9586 8738
9554 8799
9626 8661
9567 8772
9589 8719
9538 8822
9523 8868
9550 8803
9576 8761
9577 8749
9544 8812
9531 8834
9476 8932
9501 8884
9459 8965
9431 8996
9439 8981
9376 9065
9373 9070
9383 9057
9392 9046
9382 9059
9355 9091
9251 9220
9235 9249
9184 9292
9191 9288
9121 9355
9137 9337
9157 9321
9213 9268
9195 9287
9271 9194
9236 9232
9165 9313
9128 9348
9090 9379
8935 9482
8982 9468
9094 9371
9159 9318
9119 9356
9126 9350
9160 9315
9175 9302
9473 8937
9282 9188
9387 9049
9338 9126
9234 9264
9154 9331
9289 9183
9111 9368
9077 9402
9000 9452
8972 9481
8881 9524
8856 9555
8986 9460
8782 9626
8767 9640
8745 9663
9181 9301
9085 9394
8903 9505
8892 9513
8846 9561
8869 9547
8836 9613
8792 9620
8839 9569
8758 9641
8705 9675
8777 9634
8678 9698
8661 9703
8591 9734
8542 9745
8613 9727
8532 9755
8551 9743
8621 9715
8684 9691
8619 9720
8562 9736
8706 9667
8715 9664
8686 9684
8781 9633
8849 9556
8864 9549
8928 9497
8981 9472
8906 9499
8932 9485
9021 9442
9062 9415
9254 9219
9196 9285
9242 9231
9366 9088
9403 9044
9443 8980
9419 9016
9497 8910
9313 9158
9024 9436
9039 9423
9172 9312
9305 9169
9264 9213
9384 9055
9346 9102
9333 9138
9349 9097
9322 9139
9200 9275
9269 9197
9292 9182
9374 9068
9436 8984
9461 8940
9457 8966
9499 8890
9513 8881
9524 8842
9547 8811
9528 8841
9410 9026
9420 9013
9429 9003
9483 8924
9466 8938
9450 8974
9421 9010
9564 8780
9586 8738
9554 8799
9626 8661
9567 8772
9589 8719
9538 8822
9523 8868
9550 8803
9576 8761
9577 8749
9544 8812
9531 8834
9476 8932
9501 8884
9459 8965
9431 8996
9439 8981
9376 9065
9373 9070
9383 9057
9392 9046
9382 9059
9355 9091
9251 9220
9235 9249
9184 9292
9191 9288
9121 9355
9137 9337
9157 9321
9213 9268
9195 9287
9271 9194
9236 9232
9165 9313
9128 9348
9090 9379
8935 9482
8982 9468
9094 9371
9159 9318
9119 9356
9126 9350
9160 9315
9175 9302
9473 8937
9282 9188
9387 9049
9338 9126
9234 9264
9154 9331
9289 9183
9111 9368
9077 9402
9000 9452
8972 9481
8881 9524
8856 9555
8986 9460
8782 9626
8767 9640
8745 9663
9181 9301
9085 9394
8903 9505
8892 9513
8846 9561
8869 9547
8836 9613
8792 9620
8839 9569
8758 9641
8705 9675
8777 9634
8678 9698
8661 9703
8591 9734
8542 9745
8613 9727
8532 9755
8551 9743
8621 9715
8684 9691
8619 9720
8562 9736
8706 9667
8715 9664
8686 9684
8781 9633
8849 9556
8864 9549
8928 9497
8981 9472
8906 9499
8932 9485
9021 9442
9062 9415
9254 9219
9196 9285
9242 9231
9366 9088
9403 9044
9443 8980
9419 9016
9497 8910
9313 9158
9024 9436
9039 9423
9172 9312
9305 9169
9264 9213
9384 9055
9346 9102
9333 9138
9349 9097
9322 9139
9200 9275
9269 9197
9292 9182
9374 9068
9436 8984
9461 8940
9457 8966
9499 8890
9513 8881
9524 8842
9547 8811
9528 8841
9410 9026
9420 9013
9429 9003
9483 8924
9466 8938
9450 8974
9421 9010
9564 8780
9586 8738
9554 8799
9626 8661
9567 8772
9589 8719
9538 8822
9523 8868
9550 8803
9576 8761
9577 8749
9544 8812
9531 8834
9476 8932
9501 8884
9459 8965
9431 8996
9439 8981
9376 9065
9373 9070
9383 9057
9392 9046
9382 9059
9355 9091
9251 9220
9235 9249
9184 9292
9191 9288
9121 9355
9137 9337
9157 9321
9213 9268
9195 9287
9271 9194
9236 9232
9165 9313
9128 9348
9090 9379
8935 9482
8982 9468
9094 9371
9159 9318
9119 9356
9126 9350
9160 9315
9175 9302
9473 8937
9282 9188
9387 9049
9338 9126
9234 9264
9154 9331
9289 9183
9111 9368
9077 9402
9000 9452
8972 9481
8881 9524
8856 9555
8986 9460
8782 9626
8767 9640
8745 9663
9181 9301
9085 9394
8903 9505
8892 9513
8846 9561
8869 9547
8836 9613
8792 9620
8839 9569
8758 9641
8705 9675
8777 9634
8678 9698
8661 9703
8591 9734
8542 9745
8613 9727
8532 9755
8551 9743
8621 9715
8684 9691
8619 9720
8562 9736
8706 9667
8715 9664
8686 9684
8781 9633
8849 9556
8864 9549
8928 9497
8981 9472
8906 9499
8932 9485
9021 9442
9062 9415
9254 9219
9196 9285
9242 9231
9366 9088
9403 9044
9443 8980
9419 9016
9497 8910
9313 9158
9024 9436
9039 9423
9172 9312
9305 9169
9264 9213
9384 9055
9346 9102
9333 9138
9349 9097
9322 9139
9200 9275
9269 9197
9292 9182
9374 9068
9436 8984
9461 8940
9457 8966
9499 8890
9513 8881
9524 8842
9547 8811
9528 8841
9410 9026
9420 9013
9429 9003
9483 8924
9466 8938
9450 8974
9421 9010
9564 8780
9586 8738
9554 8799
9626 8661
9567 8772
9589 8719
9538 8822
9523 8868
9550 8803
9576 8761
9577 8749
9544 8812
9531 8834
9476 8932
9501 8884
9459 8965
9431 8996
9439 8981
9376 9065
9373 9070
9383 9057
9392 9046
9382 9059
9355 9091
9251 9220
9235 9249
9184 9292
9191 9288
9121 9355
9137 9337
9157 9321
9213 9268
9195 9287
9271 9194
9236 9232
9165 9313
9128 9348
9090 9379
8935 9482
8982 9468
9094 9371
9159 9318
9119 9356
9126 9350
9160 9315
9175 9302
9473 8937
9282 9188
9387 9049
9338 9126
9234 9264
9154 9331
9289 9183
9111 9368
9077 9402
9000 9452
8972 9481
8881 9524
8856 9555
8986 9460
8782 9626
8767 9640
8745 9663
9181 9301
9085 9394
8903 9505
8892 9513
8846 9561
8869 9547
8836 9613
8792 9620
8839 9569
8758 9641
8705 9675
8777 9634
8678 9698
8661 9703
8591 9734
8542 9745
8613 9727
8532 9755
8551 9743
8621 9715
8684 9691
8619 9720
8562 9736
8706 9667
8715 9664
8686 9684
8781 9633
8849 9556
8864 9549
8928 9497
8981 9472
8906 9499
8932 9485
9021 9442
9062 9415
9254 9219
9196 9285
9242 9231
9366 9088
9403 9044
9443 8980
9419 9016
9497 8910
9313 9158
9024 9436
9039 9423
9172 9312
9305 9169
9264 9213
9384 9055
9346 9102
9333 9138
9349 9097
9322 9139
9200 9275
9269 9197
9292 9182
9374 9068
9436 8984
9461 8940
9457 8966
9499 8890
9513 8881
9524 8842
9547 8811
9528 8841
9410 9026
9420 9013
9429 9003
9483 8924
9466 8938
9450 8974
9421 9010
9564 8780
9586 8738
9554 8799
9626 8661
9567 8772
9589 8719
9538 8822
9523 8868
9550 8803
9576 8761
9577 8749
9544 8812
9531 8834
9476 8932
9501 8884
9459 8965
9431 8996
9439 8981
9376 9065
9373 9070
9383 9057
9392 9046
9382 9059
9355 9091
9251 9220
9235 9249
9184 9292
9191 9288
9121 9355
9137 9337
9157 9321
9213 9268
9195 9287
9271 9194
9236 9232
9165 9313
9128 9348
9090 9379
8935 9482
8982 9468
9094 9371
9159 9318
9119 9356
9126 9350
9160 9315
9175 9302
9473 8937
9282 9188
9387 9049
9338 9126
9234 9264
9154 9331
9289 9183
9111 9368
9077 9402
9000 9452
8972 9481
8881 9524
8856 9555
8986 9460
8782 9626
8767 9640
8745 9663
9181 9301
9085 9394
8903 9505
8892 9513
8846 9561
8869 9547
8836 9613
8792 9620
8839 9569
8758 9641
8705 9675
8777 9634
8678 9698
8661 9703
8591 9734
8542 9745
8613 9727
8532 9755
8551 9743
8621 9715
8684 9691
8619 9720
8562 9736
8706 9667
8715 9664
8686 9684
8781 9633
8849 9556
8864 9549
8928 9497
8981 9472
8906 9499
8932 9485
9021 9442
9062 9415
9254 9219
9196 9285
9242 9231
9366 9088
9403 9044
9443 8980
9419 9016
9497 8910
9313 9158
9024 9436
9039 9423
9172 9312
9305 9169
9264 9213
9384 9055
9346 9102
9333 9138
9349 9097
9322 9139
9200 9275
9269 9197
9292 9182
9374 9068
9436 8984
9461 8940
9457 8966
9499 8890
9513 8881
9524 8842
9547 8811
9528 8841
9410 9026
9420 9013
9429 9003
9483 8924
9466 8938
9450 8974
9421 9010
9564 8780
9586 8738
9554 8799
9626 8661
9567 8772
9589 8719
9538 8822
9523 8868
9550 8803
9576 8761
9577 8749
9544 8812
9531 8834
9476 8932
9501 8884
9459 8965
9431 8996
9439 8981
9376 9065
9373 9070
9383 9057
9392 9046
9382 9059
9355 9091
9251 9220
9235 9249
9184 9292
9191 9288
9121 9355
9137 9337
9157 9321
9213 9268
9195 9287
9271 9194
9236 9232
9165 9313
9128 9348
9090 9379
8935 9482
8982 9468
9094 9371
9159 9318
9119 9356
9126 9350
9160 9315
9175 9302
9473 8937
9282 9188
9387 9049
9338 9126
9234 9264
9154 9331
9289 9183
9111 9368
9077 9402
9000 9452
8972 9481
8881 9524
8856 9555
8986 9460
8782 9626
8767 9640
8745 9663
9181 9301
9085 9394
8903 9505
8892 9513
8846 9561
8869 9547
8836 9613
8792 9620
8839 9569
8758 9641
8705 9675
8777 9634
8678 9698
8661 9703
8591 9734
8542 9745
8613 9727
8532 9755
8551 9743
8621 9715
8684 9691
8619 9720
8562 9736
8706 9667
8715 9664
8686 9684
8781 9633
8849 9556
8864 9549
8928 9497
8981 9472
8906 9499
8932 9485
9021 9442
9062 9415
9254 9219
9196 9285
9242 9231
9366 9088
9403 9044
9443 8980
9419 9016
9497 8910
9313 9158
9024 9436
9039 9423
9172 9312
9305 9169
9264 9213
9384 9055
9346 9102
9333 9138
9349 9097
9322 9139
9200 9275
9269 9197
9292 9182
9374 9068
9436 8984
9461 8940
9457 8966
9499 8890
9513 8881
9524 8842
9547 8811
9528 8841
9410 9026
9420 9013
9429 9003
9483 8924
9466 8938
9450 8974
9421 9010
9564 8780
9586 8738
9554 8799
9626 8661
9567 8772
9589 8719
9538 8822
9523 8868
9550 8803
9576 8761
9577 8749
9544 8812
9531 8834
9476 8932
9501 8884
9459 8965
9431 8996
9439 8981
9376 9065
9373 9070
9383 9057
9392 9046
9382 9059
9355 9091
9251 9220
9235 9249
9184 9292
9191 9288
9121 9355
9137 9337
9157 9321
9213 9268
9195 9287
9271 9194
9236 9232
9165 9313
9128 9348
9090 9379
8935 9482
8982 9468
9094 9371
9159 9318
9119 9356
9126 9350
9160 9315
9175 9302
9473 8937
9282 9188
9387 9049
9338 9126
9234 9264
9154 9331
9289 9183
9111 9368
9077 9402
9000 9452
8972 9481
8881 9524
8856 9555
8986 9460
8782 9626
8767 9640
8745 9663
9181 9301
9085 9394
8903 9505
8892 9513
8846 9561
8869 9547
8836 9613
8792 9620
8839 9569
8758 9641
8705 9675
8777 9634
8678 9698
8661 9703
8591 9734
8542 9745
8613 9727
8532 9755
8551 9743
8621 9715
8684 9691
8619 9720
8562 9736
8706 9667
8715 9664
8686 9684
8781 9633
8849 9556
8864 9549
8928 9497
8981 9472
8906 9499
8932 9485
9021 9442
9062 9415
9254 9219
9196 9285
9242 9231
9366 9088
9403 9044
9443 8980
9419 9016
9497 8910
9313 9158
9024 9436
9039 9423
9172 9312
9305 9169
9264 9213
9384 9055
9346 9102
9333 9138
9349 9097
9322 9139
9200 9275
9269 9197
9292 9182
9374 9068
9436 8984
9461 8940
9457 8966
9499 8890
9513 8881
9524 8842
9547 8811
9528 8841
9410 9026
9420 9013
9429 9003
9483 8924
9466 8938
9450 8974
9421 9010
9564 8780
9586 8738
9554 8799
9626 8661
9567 8772
9589 8719
9538 8822
9523 8868
9550 8803
9576 8761
9577 8749
9544 8812
9531 8834
9476 8932
9501 8884
9459 8965
9431 8996
9439 8981
9376 9065
9373 9070
9383 9057
9392 9046
9382 9059
9355 9091
9251 9220
9235 9249
9184 9292
9191 9288
9121 9355
9137 9337
9157 9321
9213 9268
9195 9287
9271 9194
9236 9232
9165 9313
9128 9348
9090 9379
8935 9482
8982 9468
9094 9371
9159 9318
9119 9356
9126 9350
9160 9315
9175 9302
9473 8937
9282 9188
9387 9049
9338 9126
9234 9264
9154 9331
9289 9183
9111 9368
9077 9402
9000 9452
8972 9481
8881 9524
8856 9555
8986 9460
8782 9626
8767 9640
8745 9663
9181 9301
9085 9394
8903 9505
8892 9513
8846 9561
8869 9547
8836 9613
8792 9620
8839 9569
8758 9641
8705 9675
8777 9634
8678 9698
8661 9703
8591 9734
8542 9745
8613 9727
8532 9755
8551 9743
8621 9715
8684 9691
8619 9720
8562 9736
8706 9667
8715 9664
8686 9684
8781 9633
8849 9556
8864 9549
8928 9497
8981 9472
8906 9499
8932 9485
9021 9442
9062 9415
9254 9219
9196 9285
9242 9231
9366 9088
9403 9044
9443 8980
9419 9016
9497 8910
9313 9158
9024 9436
9039 9423
9172 9312
9305 9169
9264 9213
9384 9055
9346 9102
9333 9138
9349 9097
9322 9139
9200 9275
9269 9197
9292 9182
9374 9068
9436 8984
9461 8940
9457 8966
9499 8890
9513 8881
9524 8842
9547 8811
9528 8841
9410 9026
9420 9013
9429 9003
9483 8924
9466 8938
9450 8974
9421 9010
9564 8780
9586 8738
9554 8799
9626 8661
9567 8772
9589 8719
9538 8822
9523 8868
9550 8803
9576 8761
9577 8749
9544 8812
9531 8834
9476 8932
9501 8884
9459 8965
9431 8996
9439 8981
9376 9065
9373 9070
9383 9057
9392 9046
9382 9059
9355 9091
9251 9220
9235 9249
9184 9292
9191 9288
9121 9355
9137 9337
9157 9321
9213 9268
9195 9287
9271 9194
9236 9232
9165 9313
9128 9348
9090 9379
8935 9482
8982 9468
9094 9371
9159 9318
9119 9356
9126 9350
9160 9315
9175 9302
9473 8937
9282 9188
9387 9049
9338 9126
9234 9264
9154 9331
9289 9183
9111 9368
9077 9402
9000 9452
8972 9481
8881 9524
8856 9555
8986 9460
8782 9626
8767 9640
8745 9663
9181 9301
9085 9394
8903 9505
8892 9513
8846 9561
8869 9547
8836 9613
8792 9620
8839 9569
8758 9641
8705 9675
8777 9634
8678 9698
8661 9703
8591 9734
8542 9745
8613 9727
8532 9755
8551 9743
8621 9715
8684 9691
8619 9720
8562 9736
8706 9667
8715 9664
8686 9684
8781 9633
8849 9556
8864 9549
8928 9497
8981 9472
8906 9499
8932 9485
9021 9442
9062 9415
9254 9219
9196 9285
9242 9231
9366 9088
9403 9044
9443 8980
9419 9016
9497 8910
9313 9158
9024 9436
9039 9423
9172 9312
9305 9169
9264 9213
9384 9055
9346 9102
9333 9138
9349 9097
9322 9139
9200 9275
9269 9197
9292 9182
9374 9068
9436 8984
9461 8940
9457 8966
9499 8890
9513 8881
9524 8842
9547 8811
9528 8841
9410 9026
9420 9013
9429 9003
9483 8924
9466 8938
9450 8974
9421 9010
9564 8780
9586 8738
9554 8799
9626 8661
9567 8772
9589 8719
9538 8822
9523 8868
9550 8803
9576 8761
9577 8749
9544 8812
9531 8834
9476 8932
9501 8884
9459 8965
9431 8996
9439 8981
9376 9065
9373 9070
9383 9057
9392 9046
9382 9059
9355 9091
9251 9220
9235 9249
9184 9292
9191 9288
9121 9355
9137 9337
9157 9321
9213 9268
9195 9287
9271 9194
9236 9232
9165 9313
9128 9348
9090 9379
8935 9482
8982 9468
9094 9371
9159 9318
9119 9356
9126 9350
9160 9315
9175 9302
9473 8937
9282 9188
9387 9049
9338 9126
9234 9264
9154 9331
9289 9183
9111 9368
9077 9402
9000 9452
8972 9481
8881 9524
8856 9555
8986 9460
8782 9626
8767 9640
8745 9663
9181 9301
9085 9394
8903 9505
8892 9513
8846 9561
8869 9547
8836 9613
8792 9620
8839 9569
8758 9641
8705 9675
8777 9634
8678 9698
8661 9703
8591 9734
8542 9745
8613 9727
8532 9755
8551 9743
8621 9715
8684 9691
8619 9720
8562 9736
8706 9667
8715 9664
8686 9684
8781 9633
8849 9556
8864 9549
8928 9497
8981 9472
8906 9499
8932 9485
9021 9442
9062 9415
9254 9219
9196 9285
9242 9231
9366 9088
9403 9044
9443 8980
9419 9016
9497 8910
9313 9158
9024 9436
9039 9423
9172 9312
9305 9169
9264 9213
9384 9055
9346 9102
9333 9138
9349 9097
9322 9139
9200 9275
9269 9197
9292 9182
9374 9068
9436 8984
9461 8940
9457 8966
9499 8890
9513 8881
9524 8842
9547 8811
9528 8841
9410 9026
9420 9013
9429 9003
9483 8924
9466 8938
9450 8974
9421 9010
9564 8780
9586 8738
9554 8799
9626 8661
9567 8772
9589 8719
9538 8822
9523 8868
9550 8803
9576 8761
9577 8749
9544 8812
9531 8834
9476 8932
9501 8884
9459 8965
9431 8996
9439 8981
9376 9065
9373 9070
9383 9057
9392 9046
9382 9059
9355 9091
9251 9220
9235 9249
9184 9292
9191 9288
9121 9355
9137 9337
9157 9321
9213 9268
9195 9287
9271 9194
9236 9232
9165 9313
9128 9348
9090 9379
8935 9482
8982 9468
9094 9371
9159 9318
9119 9356
9126 9350
9160 9315
9175 9302
9473 8937
9282 9188
9387 9049
9338 9126
9234 9264
9154 9331
9289 9183
9111 9368
9077 9402
9000 9452
8972 9481
8881 9524
8856 9555
8986 9460
8782 9626
8767 9640
8745 9663
9181 9301
9085 9394
8903 9505
8892 9513
8846 9561
8869 9547
8836 9613
8792 9620
8839 9569
8758 9641
8705 9675
8777 9634
8678 9698
8661 9703
8591 9734
8542 9745
8613 9727
8532 9755
8551 9743
8621 9715
8684 9691
8619 9720
8562 9736
8706 9667
8715 9664
8686 9684
8781 9633
8849 9556
8864 9549
8928 9497
8981 9472
8906 9499
8932 9485
9021 9442
9062 9415
9254 9219
9196 9285
9242 9231
9366 9088
9403 9044
9443 8980
9419 9016
9497 8910
9313 9158
9024 9436
9039 9423
9172 9312
9305 9169
9264 9213
9384 9055
9346 9102
9333 9138
9349 9097
9322 9139
9200 9275
9269 9197
9292 9182
9374 9068
9436 8984
9461 8940
9457 8966
9499 8890
9513 8881
9524 8842
9547 8811
9528 8841
9410 9026
9420 9013
9429 9003
9483 8924
9466 8938
9450 8974
9421 9010
9564 8780
9586 8738
9554 8799
9626 8661
9567 8772
9589 8719
9538 8822
9523 8868
9550 8803
9576 8761
9577 8749
9544 8812
9531 8834
9476 8932
9501 8884
9459 8965
9431 8996
9439 8981
9376 9065
9373 9070
9383 9057
9392 9046
9382 9059
9355 9091
9251 9220
9235 9249
9184 9292
9191 9288
9121 9355
9137 9337
9157 9321
9213 9268
9195 9287
9271 9194
9236 9232
9165 9313
9128 9348
9090 9379
8935 9482
8982 9468
9094 9371
9159 9318
9119 9356
9126 9350
9160 9315
9175 9302
9473 8937
9282 9188
9387 9049
9338 9126
9234 9264
9154 9331
9289 9183
9111 9368
9077 9402
9000 9452
8972 9481
8881 9524
8856 9555
8986 9460
8782 9626
8767 9640
8745 9663
9181 9301
9085 9394
8903 9505
8892 9513
8846 9561
8869 9547
8836 9613
8792 9620
8839 9569
8758 9641
8705 9675
8777 9634
8678 9698
8661 9703
8591 9734
8542 9745
8613 9727
8532 9755
8551 9743
8621 9715
8684 9691
8619 9720
8562 9736
8706 9667
8715 9664
8686 9684
8781 9633
8849 9556
8864 9549
8928 9497
8981 9472
8906 9499
8932 9485
9021 9442
9062 9415
9254 9219
9196 9285
9242 9231
9366 9088
9403 9044
9443 8980
9419 9016
9497 8910
9313 9158
9024 9436
9039 9423
9172 9312
9305 9169
9264 9213
9384 9055
9346 9102
9333 9138
9349 9097
9322 9139
9200 9275
9269 9197
9292 9182
9374 9068
9436 8984
9461 8940
9457 8966
9499 8890
9513 8881
9524 8842
9547 8811
9528 8841
9410 9026
9420 9013
9429 9003
9483 8924
9466 8938
9450 8974
9421 9010
9564 8780
9586 8738
9554 8799
9626 8661
9567 8772
9589 8719
9538 8822
9523 8868
9550 8803
9576 8761
9577 8749
9544 8812
9531 8834
9476 8932
9501 8884
9459 8965
9431 8996
9439 8981
9376 9065
9373 9070
9383 9057
9392 9046
9382 9059
9355 9091
9251 9220
9235 9249
9184 9292
9191 9288
9121 9355
9137 9337
9157 9321
9213 9268
9195 9287
9271 9194
9236 9232
9165 9313
9128 9348
9090 9379
8935 9482
8982 9468
9094 9371
9159 9318
9119 9356
9126 9350
9160 9315
9175 9302
9473 8937
9282 9188
9387 9049
9338 9126
9234 9264
9154 9331
9289 9183
9111 9368
9077 9402
9000 9452
8972 9481
8881 9524
8856 9555
8986 9460
8782 9626
8767 9640
8745 9663
9181 9301
9085 9394
8903 9505
8892 9513
8846 9561
8869 9547
8836 9613
8792 9620
8839 9569
8758 9641
8705 9675
8777 9634
8678 9698
8661 9703
8591 9734
8542 9745
8613 9727
8532 9755
8551 9743
8621 9715
8684 9691
8619 9720
8562 9736
8706 9667
8715 9664
8686 9684
8781 9633
8849 9556
8864 9549
8928 9497
8981 9472
8906 9499
8932 9485
9021 9442
9062 9415
9254 9219
9196 9285
9242 9231
9366 9088
9403 9044
9443 8980
9419 9016
9497 8910
9313 9158
9024 9436
9039 9423
9172 9312
9305 9169
9264 9213
9384 9055
9346 9102
9333 9138
9349 9097
9322 9139
9200 9275
9269 9197
9292 9182
9374 9068
9436 8984
9461 8940
9457 8966
9499 8890
9513 8881
9524 8842
9547 8811
9528 8841
9410 9026
9420 9013
9429 9003
9483 8924
9466 8938
9450 8974
9421 9010
9564 8780
9586 8738
9554 8799
9626 8661
9567 8772
9589 8719
9538 8822
9523 8868
9550 8803
9576 8761
9577 8749
9544 8812
9531 8834
9476 8932
9501 8884
9459 8965
9431 8996
9439 8981
9376 9065
9373 9070
9383 9057
9392 9046
9382 9059
9355 9091
9251 9220
9235 9249
9184 9292
9191 9288
9121 9355
9137 9337
9157 9321
9213 9268
9195 9287
9271 9194
9236 9232
9165 9313
9128 9348
9090 9379
8935 9482
8982 9468
9094 9371
9159 9318
9119 9356
9126 9350
9160 9315
9175 9302
9473 8937
9282 9188
9387 9049
9338 9126
9234 9264
9154 9331
9289 9183
9111 9368
9077 9402
9000 9452
8972 9481
8881 9524
8856 9555
8986 9460
8782 9626
8767 9640
8745 9663
9181 9301
9085 9394
8903 9505
8892 9513
8846 9561
8869 9547
8836 9613
8792 9620
8839 9569
8758 9641
8705 9675
8777 9634
8678 9698
8661 9703
8591 9734
8542 9745
8613 9727
8532 9755
8551 9743
8621 9715
8684 9691
8619 9720
8562 9736
8706 9667
8715 9664
8686 9684
8781 9633
8849 9556
8864 9549
8928 9497
8981 9472
8906 9499
8932 9485
9021 9442
9062 9415
9254 9219
9196 9285
9242 9231
9366 9088
9403 9044
9443 8980
9419 9016
9497 8910
9313 9158
9024 9436
9039 9423
9172 9312
9305 9169
9264 9213
9384 9055
9346 9102
9333 9138
9349 9097
9322 9139
9200 9275
9269 9197
9292 9182
9374 9068
9436 8984
9461 8940
9457 8966
9499 8890
9513 8881
9524 8842
9547 8811
9528 8841
9410 9026
9420 9013
9429 9003
9483 8924
9466 8938
9450 8974
9421 9010
9564 8780
9586 8738
9554 8799
9626 8661
9567 8772
9589 8719
9538 8822
9523 8868
9550 8803
9576 8761
9577 8749
9544 8812
9531 8834
9476 8932
9501 8884
9459 8965
9431 8996
9439 8981
9376 9065
9373 9070
9383 9057
9392 9046
9382 9059
9355 9091
9251 9220
9235 9249
9184 9292
9191 9288
9121 9355
9137 9337
9157 9321
9213 9268
9195 9287
9271 9194
9236 9232
9165 9313
9128 9348
9090 9379
8935 9482
8982 9468
9094 9371
9159 9318
9119 9356
9126 9350
9160 9315
9175 9302
9473 8937
9282 9188
9387 9049
9338 9126
9234 9264
9154 9331
9289 9183
9111 9368
9077 9402
9000 9452
8972 9481
8881 9524
8856 9555
8986 9460
8782 9626
8767 9640
8745 9663
9181 9301
9085 9394
8903 9505
8892 9513
8846 9561
8869 9547
8836 9613
8792 9620
8839 9569
8758 9641
8705 9675
8777 9634
8678 9698
8661 9703
8591 9734
8542 9745
8613 9727
8532 9755
8551 9743
8621 9715
8684 9691
8619 9720
8562 9736
8706 9667
8715 9664
8686 9684
8781 9633
8849 9556
8864 9549
8928 9497
8981 9472
8906 9499
8932 9485
9021 9442
9062 9415
9254 9219
9196 9285
9242 9231
9366 9088
9403 9044
9443 8980
9419 9016
9497 8910
9313 9158
9024 9436
9039 9423
9172 9312
9305 9169
9264 9213
9384 9055
9346 9102
9333 9138
9349 9097
9322 9139
9200 9275
9269 9197
9292 9182
9374 9068
9436 8984
9461 8940
9457 8966
9499 8890
9513 8881
9524 8842
9547 8811
9528 8841
9410 9026
9420 9013
9429 9003
9483 8924
9466 8938
9450 8974
9421 9010
9564 8780
9586 8738
9554 8799
9626 8661
9567 8772
9589 8719
9538 8822
9523 8868
9550 8803
9576 8761
9577 8749
9544 8812
9531 8834
9476 8932
9501 8884
9459 8965
9431 8996
9439 8981
9376 9065
9373 9070
9383 9057
9392 9046
9382 9059
9355 9091
9251 9220
9235 9249
9184 9292
9191 9288
9121 9355
9137 9337
9157 9321
9213 9268
9195 9287
9271 9194
9236 9232
9165 9313
9128 9348
9090 9379
8935 9482
8982 9468
9094 9371
9159 9318
9119 9356
9126 9350
9160 9315
9175 9302
9473 8937
9282 9188
9387 9049
9338 9126
9234 9264
9154 9331
9289 9183
9111 9368
9077 9402
9000 9452
8972 9481
8881 9524
8856 9555
8986 9460
8782 9626
8767 9640
8745 9663
9181 9301
9085 9394
8903 9505
8892 9513
8846 9561
8869 9547
8836 9613
8792 9620
8839 9569
8758 9641
8705 9675
8777 9634
8678 9698
8661 9703
8591 9734
8542 9745
8613 9727
8532 9755
8551 9743
8621 9715
8684 9691
8619 9720
8562 9736
8706 9667
8715 9664
8686 9684
8781 9633
8849 9556
8864 9549
8928 9497
8981 9472
8906 9499
8932 9485
9021 9442
9062 9415
9254 9219
9196 9285
9242 9231
9366 9088
9403 9044
9443 8980
9419 9016
9497 8910
9313 9158
9024 9436
9039 9423
9172 9312
9305 9169
9264 9213
9384 9055
9346 9102
9333 9138
9349 9097
9322 9139
9200 9275
9269 9197
9292 9182
9374 9068
9436 8984
9461 8940
9457 8966
9499 8890
9513 8881
9524 8842
9547 8811
9528 8841
9410 9026
9420 9013
9429 9003
9483 8924
9466 8938
9450 8974
9421 9010
9564 8780
9586 8738
9554 8799
9626 8661
9567 8772
9589 8719
9538 8822
9523 8868
9550 8803
9576 8761
9577 8749
9544 8812
9531 8834
9476 8932
9501 8884
9459 8965
9431 8996
9439 8981
9376 9065
9373 9070
9383 9057
9392 9046
9382 9059
9355 9091
9251 9220
9235 9249
9184 9292
9191 9288
9121 9355
9137 9337
9157 9321
9213 9268
9195 9287
9271 9194
9236 9232
9165 9313
9128 9348
9090 9379
8935 9482
8982 9468
9094 9371
9159 9318
9119 9356
9126 9350
9160 9315
9175 9302
9473 8937
9282 9188
9387 9049
9338 9126
9234 9264
9154 9331
9289 9183
9111 9368
9077 9402
9000 9452
8972 9481
8881 9524
8856 9555
8986 9460
8782 9626
8767 9640
8745 9663
9181 9301
9085 9394
8903 9505
8892 9513
8846 9561
8869 9547
8836 9613
8792 9620
8839 9569
8758 9641
8705 9675
8777 9634
8678 9698
8661 9703
8591 9734
8542 9745
8613 9727
8532 9755
8551 9743
8621 9715
8684 9691
8619 9720
8562 9736
8706 9667
8715 9664
8686 9684
8781 9633
8849 9556
8864 9549
8928 9497
8981 9472
8906 9499
8932 9485
9021 9442
9062 9415
9254 9219
9196 9285
9242 9231
9366 9088
9403 9044
9443 8980
9419 9016
9497 8910
9313 9158
9024 9436
9039 9423
9172 9312
9305 9169
9264 9213
9384 9055
9346 9102
9333 9138
9349 9097
9322 9139
9200 9275
9269 9197
9292 9182
9374 9068
9436 8984
9461 8940
9457 8966
9499 8890
9513 8881
9524 8842
9547 8811
9528 8841
9410 9026
9420 9013
9429 9003
9483 8924
9466 8938
9450 8974
9421 9010
9564 8780
9586 8738
9554 8799
9626 8661
9567 8772
9589 8719
9538 8822
9523 8868
9550 8803
9576 8761
9577 8749
9544 8812
9531 8834
9476 8932
9501 8884
9459 8965
9431 8996
9439 8981
9376 9065
9373 9070
9383 9057
9392 9046
9382 9059
9355 9091
9251 9220
9235 9249
9184 9292
9191 9288
9121 9355
9137 9337
9157 9321
9213 9268
9195 9287
9271 9194
9236 9232
9165 9313
9128 9348
9090 9379
8935 9482
8982 9468
9094 9371
9159 9318
9119 9356
9126 9350
9160 9315
9175 9302
