17680 19885
17599 19918
17387 20012
17556 19948
17830 19806
17774 19835
17332 20044
17190 20081
17210 20075
17147 20111
17413 19985
17290 20046
16930 20115
17976 19721
16922 20135
18024 19692
18119 19621
17470 19977
17710 19867
18213 19524
18059 19678
18256 19491
17878 19793
17634 19904
17357 20027
17398 19999
17225 20067
17180 20083
17163 20086
17235 20063
17243 20051
17363 20013
17405 19995
17486 19949
17475 19969
17731 19865
17657 19892
17645 19899
17804 19820
17758 19843
17763 19837
17806 19807
17921 19763
18064 19634
17956 19749
17988 19714
18169 19562
18318 19433
18363 19379
18424 19316
18124 19610
18076 19627
18134 19576
18393 19364
18005 19699
18065 19628
18094 19625
18338 19412
18478 19269
18494 19224
18130 19587
18165 19573
18511 19216
18178 19538
18524 19184
18248 19518
18181 19527
18301 19476
18590 19146
18258 19481
18254 19492
18499 19223
18307 19442
18322 19430
18461 19277
18332 19428
18419 19322
18355 19400
18403 19353
18448 19284
18357 19386
18385 19367
18371 19374
18350 19406
18438 19293
18367 19378
18482 19231
18408 19347
18519 19190
18544 19182
18572 19157
18630 19126
18720 19071
18771 19010
18647 19097
18801 18961
18837 18929
18890 18863
18933 18809
18907 18831
18984 18738
18959 18763
19024 18698
18788 18989
18861 18916
19058 18629
19108 18582
19048 18638
18660 19074
18595 19140
18598 19133
18633 19119
18634 19098
18651 19091
18745 19014
18943 18786
18815 18943
18839 18928
18724 19036
18741 19025
18810 18955
18877 18872
18900 18850
18915 18820
18813 18944
18792 18966
18793 18962
18807 18960
18789 18971
18830 18939
18831 18931
18870 18873
18910 18826
18927 18818
18903 18839
18908 18828
18893 18856
18937 18794
18953 18766
18974 18746
18938 18792
19009 18709
19040 18640
19083 18592
19071 18598
19033 18684
19063 18600
19059 18621
19034 18676
19028 18687
18971 18755
18951 18783
18939 18790
18993 18727
18991 18728
19002 18722
19000 18723
19016 18699
19035 18653
19055 18634
19038 18641
19140 18538
19166 18475
19186 18459
19233 18329
19209 18393
19161 18492
19196 18408
19221 18370
19208 18401
19193 18435
19246 18313
19229 18345
19217 18386
19189 18436
19169 18464
19187 18453
19152 18515
19122 18544
19060 18608
19078 18597
19141 18518
19111 18547
17680 19885
17599 19918
17387 20012
17556 19948
17830 19806
17774 19835
17332 20044
17190 20081
17210 20075
17147 20111
17413 19985
17290 20046
16930 20115
17976 19721
16922 20135
18024 19692
18119 19621
17470 19977
17710 19867
18213 19524
18059 19678
18256 19491
17878 19793
17634 19904
17357 20027
17398 19999
17225 20067
17180 20083
17163 20086
17235 20063
17243 20051
17363 20013
17405 19995
17486 19949
17475 19969
17731 19865
17657 19892
17645 19899
17804 19820
17758 19843
17763 19837
17806 19807
17921 19763
18064 19634
17956 19749
17988 19714
18169 19562
18318 19433
18363 19379
18424 19316
18124 19610
18076 19627
18134 19576
18393 19364
18005 19699
18065 19628
18094 19625
18338 19412
18478 19269
18494 19224
18130 19587
18165 19573
18511 19216
18178 19538
18524 19184
18248 19518
18181 19527
18301 19476
18590 19146
18258 19481
18254 19492
18499 19223
18307 19442
18322 19430
18461 19277
18332 19428
18419 19322
18355 19400
18403 19353
18448 19284
18357 19386
18385 19367
18371 19374
18350 19406
18438 19293
18367 19378
18482 19231
18408 19347
18519 19190
18544 19182
18572 19157
18630 19126
18720 19071
18771 19010
18647 19097
18801 18961
18837 18929
18890 18863
18933 18809
18907 18831
18984 18738
18959 18763
19024 18698
18788 18989
18861 18916
19058 18629
19108 18582
19048 18638
18660 19074
18595 19140
18598 19133
18633 19119
18634 19098
18651 19091
18745 19014
18943 18786
18815 18943
18839 18928
18724 19036
18741 19025
18810 18955
18877 18872
18900 18850
18915 18820
18813 18944
18792 18966
18793 18962
18807 18960
18789 18971
18830 18939
18831 18931
18870 18873
18910 18826
18927 18818
18903 18839
18908 18828
18893 18856
18937 18794
18953 18766
18974 18746
18938 18792
19009 18709
19040 18640
19083 18592
19071 18598
19033 18684
19063 18600
19059 18621
19034 18676
19028 18687
18971 18755
18951 18783
18939 18790
18993 18727
18991 18728
19002 18722
19000 18723
19016 18699
19035 18653
19055 18634
19038 18641
19140 18538
19166 18475
19186 18459
19233 18329
19209 18393
19161 18492
19196 18408
19221 18370
19208 18401
19193 18435
19246 18313
19229 18345
19217 18386
19189 18436
19169 18464
19187 18453
19152 18515
19122 18544
19060 18608
19078 18597
19141 18518
19111 18547
17680 19885
17599 19918
17387 20012
17556 19948
17830 19806
17774 19835
17332 20044
17190 20081
17210 20075
17147 20111
17413 19985
17290 20046
16930 20115
17976 19721
16922 20135
18024 19692
18119 19621
17470 19977
17710 19867
18213 19524
18059 19678
18256 19491
17878 19793
17634 19904
17357 20027
17398 19999
17225 20067
17180 20083
17163 20086
17235 20063
17243 20051
17363 20013
17405 19995
17486 19949
17475 19969
17731 19865
17657 19892
17645 19899
17804 19820
17758 19843
17763 19837
17806 19807
17921 19763
18064 19634
17956 19749
17988 19714
18169 19562
18318 19433
18363 19379
18424 19316
18124 19610
18076 19627
18134 19576
18393 19364
18005 19699
18065 19628
18094 19625
18338 19412
18478 19269
18494 19224
18130 19587
18165 19573
18511 19216
18178 19538
18524 19184
18248 19518
18181 19527
18301 19476
18590 19146
18258 19481
18254 19492
18499 19223
18307 19442
18322 19430
18461 19277
18332 19428
18419 19322
18355 19400
18403 19353
18448 19284
18357 19386
18385 19367
18371 19374
18350 19406
18438 19293
18367 19378
18482 19231
18408 19347
18519 19190
18544 19182
18572 19157
18630 19126
18720 19071
18771 19010
18647 19097
18801 18961
18837 18929
18890 18863
18933 18809
18907 18831
18984 18738
18959 18763
19024 18698
18788 18989
18861 18916
19058 18629
19108 18582
19048 18638
18660 19074
18595 19140
18598 19133
18633 19119
18634 19098
18651 19091
18745 19014
18943 18786
18815 18943
18839 18928
18724 19036
18741 19025
18810 18955
18877 18872
18900 18850
18915 18820
18813 18944
18792 18966
18793 18962
18807 18960
18789 18971
18830 18939
18831 18931
18870 18873
18910 18826
18927 18818
18903 18839
18908 18828
18893 18856
18937 18794
18953 18766
18974 18746
18938 18792
19009 18709
19040 18640
19083 18592
19071 18598
19033 18684
19063 18600
19059 18621
19034 18676
19028 18687
18971 18755
18951 18783
18939 18790
18993 18727
18991 18728
19002 18722
19000 18723
19016 18699
19035 18653
19055 18634
19038 18641
19140 18538
19166 18475
19186 18459
19233 18329
19209 18393
19161 18492
19196 18408
19221 18370
19208 18401
19193 18435
19246 18313
19229 18345
19217 18386
19189 18436
19169 18464
19187 18453
19152 18515
19122 18544
19060 18608
19078 18597
19141 18518
19111 18547
17680 19885
17599 19918
17387 20012
17556 19948
17830 19806
17774 19835
17332 20044
17190 20081
17210 20075
17147 20111
17413 19985
17290 20046
16930 20115
17976 19721
16922 20135
18024 19692
18119 19621
17470 19977
17710 19867
18213 19524
18059 19678
18256 19491
17878 19793
17634 19904
17357 20027
17398 19999
17225 20067
17180 20083
17163 20086
17235 20063
17243 20051
17363 20013
17405 19995
17486 19949
17475 19969
17731 19865
17657 19892
17645 19899
17804 19820
17758 19843
17763 19837
17806 19807
17921 19763
18064 19634
17956 19749
17988 19714
18169 19562
18318 19433
18363 19379
18424 19316
18124 19610
18076 19627
18134 19576
18393 19364
18005 19699
18065 19628
18094 19625
18338 19412
18478 19269
18494 19224
18130 19587
18165 19573
18511 19216
18178 19538
18524 19184
18248 19518
18181 19527
18301 19476
18590 19146
18258 19481
18254 19492
18499 19223
18307 19442
18322 19430
18461 19277
18332 19428
18419 19322
18355 19400
18403 19353
18448 19284
18357 19386
18385 19367
18371 19374
18350 19406
18438 19293
18367 19378
18482 19231
18408 19347
18519 19190
18544 19182
18572 19157
18630 19126
18720 19071
18771 19010
18647 19097
18801 18961
18837 18929
18890 18863
18933 18809
18907 18831
18984 18738
18959 18763
19024 18698
18788 18989
18861 18916
19058 18629
19108 18582
19048 18638
18660 19074
18595 19140
18598 19133
18633 19119
18634 19098
18651 19091
18745 19014
18943 18786
18815 18943
18839 18928
18724 19036
18741 19025
18810 18955
18877 18872
18900 18850
18915 18820
18813 18944
18792 18966
18793 18962
18807 18960
18789 18971
18830 18939
18831 18931
18870 18873
18910 18826
18927 18818
18903 18839
18908 18828
18893 18856
18937 18794
18953 18766
18974 18746
18938 18792
19009 18709
19040 18640
19083 18592
19071 18598
19033 18684
19063 18600
19059 18621
19034 18676
19028 18687
18971 18755
18951 18783
18939 18790
18993 18727
18991 18728
19002 18722
19000 18723
19016 18699
19035 18653
19055 18634
19038 18641
19140 18538
19166 18475
19186 18459
19233 18329
19209 18393
19161 18492
19196 18408
19221 18370
19208 18401
19193 18435
19246 18313
19229 18345
19217 18386
19189 18436
19169 18464
19187 18453
19152 18515
19122 18544
19060 18608
19078 18597
19141 18518
19111 18547
17680 19885
17599 19918
17387 20012
17556 19948
17830 19806
17774 19835
17332 20044
17190 20081
17210 20075
17147 20111
17413 19985
17290 20046
16930 20115
17976 19721
16922 20135
18024 19692
18119 19621
17470 19977
17710 19867
18213 19524
18059 19678
18256 19491
17878 19793
17634 19904
17357 20027
17398 19999
17225 20067
17180 20083
17163 20086
17235 20063
17243 20051
17363 20013
17405 19995
17486 19949
17475 19969
17731 19865
17657 19892
17645 19899
17804 19820
17758 19843
17763 19837
17806 19807
17921 19763
18064 19634
17956 19749
17988 19714
18169 19562
18318 19433
18363 19379
18424 19316
18124 19610
18076 19627
18134 19576
18393 19364
18005 19699
18065 19628
18094 19625
18338 19412
18478 19269
18494 19224
18130 19587
18165 19573
18511 19216
18178 19538
18524 19184
18248 19518
18181 19527
18301 19476
18590 19146
18258 19481
18254 19492
18499 19223
18307 19442
18322 19430
18461 19277
18332 19428
18419 19322
18355 19400
18403 19353
18448 19284
18357 19386
18385 19367
18371 19374
18350 19406
18438 19293
18367 19378
18482 19231
18408 19347
18519 19190
18544 19182
18572 19157
18630 19126
18720 19071
18771 19010
18647 19097
18801 18961
18837 18929
18890 18863
18933 18809
18907 18831
18984 18738
18959 18763
19024 18698
18788 18989
18861 18916
19058 18629
19108 18582
19048 18638
18660 19074
18595 19140
18598 19133
18633 19119
18634 19098
18651 19091
18745 19014
18943 18786
18815 18943
18839 18928
18724 19036
18741 19025
18810 18955
18877 18872
18900 18850
18915 18820
18813 18944
18792 18966
18793 18962
18807 18960
18789 18971
18830 18939
18831 18931
18870 18873
18910 18826
18927 18818
18903 18839
18908 18828
18893 18856
18937 18794
18953 18766
18974 18746
18938 18792
19009 18709
19040 18640
19083 18592
19071 18598
19033 18684
19063 18600
19059 18621
19034 18676
19028 18687
18971 18755
18951 18783
18939 18790
18993 18727
18991 18728
19002 18722
19000 18723
19016 18699
19035 18653
19055 18634
19038 18641
19140 18538
19166 18475
19186 18459
19233 18329
19209 18393
19161 18492
19196 18408
19221 18370
19208 18401
19193 18435
19246 18313
19229 18345
19217 18386
19189 18436
19169 18464
19187 18453
19152 18515
19122 18544
19060 18608
19078 18597
19141 18518
19111 18547
17680 19885
17599 19918
17387 20012
17556 19948
17830 19806
17774 19835
17332 20044
17190 20081
17210 20075
17147 20111
17413 19985
17290 20046
16930 20115
17976 19721
16922 20135
18024 19692
18119 19621
17470 19977
17710 19867
18213 19524
18059 19678
18256 19491
17878 19793
17634 19904
17357 20027
17398 19999
17225 20067
17180 20083
17163 20086
17235 20063
17243 20051
17363 20013
17405 19995
17486 19949
17475 19969
17731 19865
17657 19892
17645 19899
17804 19820
17758 19843
17763 19837
17806 19807
17921 19763
18064 19634
17956 19749
17988 19714
18169 19562
18318 19433
18363 19379
18424 19316
18124 19610
18076 19627
18134 19576
18393 19364
18005 19699
18065 19628
18094 19625
18338 19412
18478 19269
18494 19224
18130 19587
18165 19573
18511 19216
18178 19538
18524 19184
18248 19518
18181 19527
18301 19476
18590 19146
18258 19481
18254 19492
18499 19223
18307 19442
18322 19430
18461 19277
18332 19428
18419 19322
18355 19400
18403 19353
18448 19284
18357 19386
18385 19367
18371 19374
18350 19406
18438 19293
18367 19378
18482 19231
18408 19347
18519 19190
18544 19182
18572 19157
18630 19126
18720 19071
18771 19010
18647 19097
18801 18961
18837 18929
18890 18863
18933 18809
18907 18831
18984 18738
18959 18763
19024 18698
18788 18989
18861 18916
19058 18629
19108 18582
19048 18638
18660 19074
18595 19140
18598 19133
18633 19119
18634 19098
18651 19091
18745 19014
18943 18786
18815 18943
18839 18928
18724 19036
18741 19025
18810 18955
18877 18872
18900 18850
18915 18820
18813 18944
18792 18966
18793 18962
18807 18960
18789 18971
18830 18939
18831 18931
18870 18873
18910 18826
18927 18818
18903 18839
18908 18828
18893 18856
18937 18794
18953 18766
18974 18746
18938 18792
19009 18709
19040 18640
19083 18592
19071 18598
19033 18684
19063 18600
19059 18621
19034 18676
19028 18687
18971 18755
18951 18783
18939 18790
18993 18727
18991 18728
19002 18722
19000 18723
19016 18699
19035 18653
19055 18634
19038 18641
19140 18538
19166 18475
19186 18459
19233 18329
19209 18393
19161 18492
19196 18408
19221 18370
19208 18401
19193 18435
19246 18313
19229 18345
19217 18386
19189 18436
19169 18464
19187 18453
19152 18515
19122 18544
19060 18608
19078 18597
19141 18518
19111 18547
17680 19885
17599 19918
17387 20012
17556 19948
17830 19806
17774 19835
17332 20044
17190 20081
17210 20075
17147 20111
17413 19985
17290 20046
16930 20115
17976 19721
16922 20135
18024 19692
18119 19621
17470 19977
17710 19867
18213 19524
18059 19678
18256 19491
17878 19793
17634 19904
17357 20027
17398 19999
17225 20067
17180 20083
17163 20086
17235 20063
17243 20051
17363 20013
17405 19995
17486 19949
17475 19969
17731 19865
17657 19892
17645 19899
17804 19820
17758 19843
17763 19837
17806 19807
17921 19763
18064 19634
17956 19749
17988 19714
18169 19562
18318 19433
18363 19379
18424 19316
18124 19610
18076 19627
18134 19576
18393 19364
18005 19699
18065 19628
18094 19625
18338 19412
18478 19269
18494 19224
18130 19587
18165 19573
18511 19216
18178 19538
18524 19184
18248 19518
18181 19527
18301 19476
18590 19146
18258 19481
18254 19492
18499 19223
18307 19442
18322 19430
18461 19277
18332 19428
18419 19322
18355 19400
18403 19353
18448 19284
18357 19386
18385 19367
18371 19374
18350 19406
18438 19293
18367 19378
18482 19231
18408 19347
18519 19190
18544 19182
18572 19157
18630 19126
18720 19071
18771 19010
18647 19097
18801 18961
18837 18929
18890 18863
18933 18809
18907 18831
18984 18738
18959 18763
19024 18698
18788 18989
18861 18916
19058 18629
19108 18582
19048 18638
18660 19074
18595 19140
18598 19133
18633 19119
18634 19098
18651 19091
18745 19014
18943 18786
18815 18943
18839 18928
18724 19036
18741 19025
18810 18955
18877 18872
18900 18850
18915 18820
18813 18944
18792 18966
18793 18962
18807 18960
18789 18971
18830 18939
18831 18931
18870 18873
18910 18826
18927 18818
18903 18839
18908 18828
18893 18856
18937 18794
18953 18766
18974 18746
18938 18792
19009 18709
19040 18640
19083 18592
19071 18598
19033 18684
19063 18600
19059 18621
19034 18676
19028 18687
18971 18755
18951 18783
18939 18790
18993 18727
18991 18728
19002 18722
19000 18723
19016 18699
19035 18653
19055 18634
19038 18641
19140 18538
19166 18475
19186 18459
19233 18329
19209 18393
19161 18492
19196 18408
19221 18370
19208 18401
19193 18435
19246 18313
19229 18345
19217 18386
19189 18436
19169 18464
19187 18453
19152 18515
19122 18544
19060 18608
19078 18597
19141 18518
19111 18547
17680 19885
17599 19918
17387 20012
17556 19948
17830 19806
17774 19835
17332 20044
17190 20081
17210 20075
17147 20111
17413 19985
17290 20046
16930 20115
17976 19721
16922 20135
18024 19692
18119 19621
17470 19977
17710 19867
18213 19524
18059 19678
18256 19491
17878 19793
17634 19904
17357 20027
17398 19999
17225 20067
17180 20083
17163 20086
17235 20063
17243 20051
17363 20013
17405 19995
17486 19949
17475 19969
17731 19865
17657 19892
17645 19899
17804 19820
17758 19843
17763 19837
17806 19807
17921 19763
18064 19634
17956 19749
17988 19714
18169 19562
18318 19433
18363 19379
18424 19316
18124 19610
18076 19627
18134 19576
18393 19364
18005 19699
18065 19628
18094 19625
18338 19412
18478 19269
18494 19224
18130 19587
18165 19573
18511 19216
18178 19538
18524 19184
18248 19518
18181 19527
18301 19476
18590 19146
18258 19481
18254 19492
18499 19223
18307 19442
18322 19430
18461 19277
18332 19428
18419 19322
18355 19400
18403 19353
18448 19284
18357 19386
18385 19367
18371 19374
18350 19406
18438 19293
18367 19378
18482 19231
18408 19347
18519 19190
18544 19182
18572 19157
18630 19126
18720 19071
18771 19010
18647 19097
18801 18961
18837 18929
18890 18863
18933 18809
18907 18831
18984 18738
18959 18763
19024 18698
18788 18989
18861 18916
19058 18629
19108 18582
19048 18638
18660 19074
18595 19140
18598 19133
18633 19119
18634 19098
18651 19091
18745 19014
18943 18786
18815 18943
18839 18928
18724 19036
18741 19025
18810 18955
18877 18872
18900 18850
18915 18820
18813 18944
18792 18966
18793 18962
18807 18960
18789 18971
18830 18939
18831 18931
18870 18873
18910 18826
18927 18818
18903 18839
18908 18828
18893 18856
18937 18794
18953 18766
18974 18746
18938 18792
19009 18709
19040 18640
19083 18592
19071 18598
19033 18684
19063 18600
19059 18621
19034 18676
19028 18687
18971 18755
18951 18783
18939 18790
18993 18727
18991 18728
19002 18722
19000 18723
19016 18699
19035 18653
19055 18634
19038 18641
19140 18538
19166 18475
19186 18459
19233 18329
19209 18393
19161 18492
19196 18408
19221 18370
19208 18401
19193 18435
19246 18313
19229 18345
19217 18386
19189 18436
19169 18464
19187 18453
19152 18515
19122 18544
19060 18608
19078 18597
19141 18518
19111 18547
17680 19885
17599 19918
17387 20012
17556 19948
17830 19806
17774 19835
17332 20044
17190 20081
17210 20075
17147 20111
17413 19985
17290 20046
16930 20115
17976 19721
16922 20135
18024 19692
18119 19621
17470 19977
17710 19867
18213 19524
18059 19678
18256 19491
17878 19793
17634 19904
17357 20027
17398 19999
17225 20067
17180 20083
17163 20086
17235 20063
17243 20051
17363 20013
17405 19995
17486 19949
17475 19969
17731 19865
17657 19892
17645 19899
17804 19820
17758 19843
17763 19837
17806 19807
17921 19763
18064 19634
17956 19749
17988 19714
18169 19562
18318 19433
18363 19379
18424 19316
18124 19610
18076 19627
18134 19576
18393 19364
18005 19699
18065 19628
18094 19625
18338 19412
18478 19269
18494 19224
18130 19587
18165 19573
18511 19216
18178 19538
18524 19184
18248 19518
18181 19527
18301 19476
18590 19146
18258 19481
18254 19492
18499 19223
18307 19442
18322 19430
18461 19277
18332 19428
18419 19322
18355 19400
18403 19353
18448 19284
18357 19386
18385 19367
18371 19374
18350 19406
18438 19293
18367 19378
18482 19231
18408 19347
18519 19190
18544 19182
18572 19157
18630 19126
18720 19071
18771 19010
18647 19097
18801 18961
18837 18929
18890 18863
18933 18809
18907 18831
18984 18738
18959 18763
19024 18698
18788 18989
18861 18916
19058 18629
19108 18582
19048 18638
18660 19074
18595 19140
18598 19133
18633 19119
18634 19098
18651 19091
18745 19014
18943 18786
18815 18943
18839 18928
18724 19036
18741 19025
18810 18955
18877 18872
18900 18850
18915 18820
18813 18944
18792 18966
18793 18962
18807 18960
18789 18971
18830 18939
18831 18931
18870 18873
18910 18826
18927 18818
18903 18839
18908 18828
18893 18856
18937 18794
18953 18766
18974 18746
18938 18792
19009 18709
19040 18640
19083 18592
19071 18598
19033 18684
19063 18600
19059 18621
19034 18676
19028 18687
18971 18755
18951 18783
18939 18790
18993 18727
18991 18728
19002 18722
19000 18723
19016 18699
19035 18653
19055 18634
19038 18641
19140 18538
19166 18475
19186 18459
19233 18329
19209 18393
19161 18492
19196 18408
19221 18370
19208 18401
19193 18435
19246 18313
19229 18345
19217 18386
19189 18436
19169 18464
19187 18453
19152 18515
19122 18544
19060 18608
19078 18597
19141 18518
19111 18547
17680 19885
17599 19918
17387 20012
17556 19948
17830 19806
17774 19835
17332 20044
17190 20081
17210 20075
17147 20111
17413 19985
17290 20046
16930 20115
17976 19721
16922 20135
18024 19692
18119 19621
17470 19977
17710 19867
18213 19524
18059 19678
18256 19491
17878 19793
17634 19904
17357 20027
17398 19999
17225 20067
17180 20083
17163 20086
17235 20063
17243 20051
17363 20013
17405 19995
17486 19949
17475 19969
17731 19865
17657 19892
17645 19899
17804 19820
17758 19843
17763 19837
17806 19807
17921 19763
18064 19634
17956 19749
17988 19714
18169 19562
18318 19433
18363 19379
18424 19316
18124 19610
18076 19627
18134 19576
18393 19364
18005 19699
18065 19628
18094 19625
18338 19412
18478 19269
18494 19224
18130 19587
18165 19573
18511 19216
18178 19538
18524 19184
18248 19518
18181 19527
18301 19476
18590 19146
18258 19481
18254 19492
18499 19223
18307 19442
18322 19430
18461 19277
18332 19428
18419 19322
18355 19400
18403 19353
18448 19284
18357 19386
18385 19367
18371 19374
18350 19406
18438 19293
18367 19378
18482 19231
18408 19347
18519 19190
18544 19182
18572 19157
18630 19126
18720 19071
18771 19010
18647 19097
18801 18961
18837 18929
18890 18863
18933 18809
18907 18831
18984 18738
18959 18763
19024 18698
18788 18989
18861 18916
19058 18629
19108 18582
19048 18638
18660 19074
18595 19140
18598 19133
18633 19119
18634 19098
18651 19091
18745 19014
18943 18786
18815 18943
18839 18928
18724 19036
18741 19025
18810 18955
18877 18872
18900 18850
18915 18820
18813 18944
18792 18966
18793 18962
18807 18960
18789 18971
18830 18939
18831 18931
18870 18873
18910 18826
18927 18818
18903 18839
18908 18828
18893 18856
18937 18794
18953 18766
18974 18746
18938 18792
19009 18709
19040 18640
19083 18592
19071 18598
19033 18684
19063 18600
19059 18621
19034 18676
19028 18687
18971 18755
18951 18783
18939 18790
18993 18727
18991 18728
19002 18722
19000 18723
19016 18699
19035 18653
19055 18634
19038 18641
19140 18538
19166 18475
19186 18459
19233 18329
19209 18393
19161 18492
19196 18408
19221 18370
19208 18401
19193 18435
19246 18313
19229 18345
19217 18386
19189 18436
19169 18464
19187 18453
19152 18515
19122 18544
19060 18608
19078 18597
19141 18518
19111 18547
17680 19885
17599 19918
17387 20012
17556 19948
17830 19806
17774 19835
17332 20044
17190 20081
17210 20075
17147 20111
17413 19985
17290 20046
16930 20115
17976 19721
16922 20135
18024 19692
18119 19621
17470 19977
17710 19867
18213 19524
18059 19678
18256 19491
17878 19793
17634 19904
17357 20027
17398 19999
17225 20067
17180 20083
17163 20086
17235 20063
17243 20051
17363 20013
17405 19995
17486 19949
17475 19969
17731 19865
17657 19892
17645 19899
17804 19820
17758 19843
17763 19837
17806 19807
17921 19763
18064 19634
17956 19749
17988 19714
18169 19562
18318 19433
18363 19379
18424 19316
18124 19610
18076 19627
18134 19576
18393 19364
18005 19699
18065 19628
18094 19625
18338 19412
18478 19269
18494 19224
18130 19587
18165 19573
18511 19216
18178 19538
18524 19184
18248 19518
18181 19527
18301 19476
18590 19146
18258 19481
18254 19492
18499 19223
18307 19442
18322 19430
18461 19277
18332 19428
18419 19322
18355 19400
18403 19353
18448 19284
18357 19386
18385 19367
18371 19374
18350 19406
18438 19293
18367 19378
18482 19231
18408 19347
18519 19190
18544 19182
18572 19157
18630 19126
18720 19071
18771 19010
18647 19097
18801 18961
18837 18929
18890 18863
18933 18809
18907 18831
18984 18738
18959 18763
19024 18698
18788 18989
18861 18916
19058 18629
19108 18582
19048 18638
18660 19074
18595 19140
18598 19133
18633 19119
18634 19098
18651 19091
18745 19014
18943 18786
18815 18943
18839 18928
18724 19036
18741 19025
18810 18955
18877 18872
18900 18850
18915 18820
18813 18944
18792 18966
18793 18962
18807 18960
18789 18971
18830 18939
18831 18931
18870 18873
18910 18826
18927 18818
18903 18839
18908 18828
18893 18856
18937 18794
18953 18766
18974 18746
18938 18792
19009 18709
19040 18640
19083 18592
19071 18598
19033 18684
19063 18600
19059 18621
19034 18676
19028 18687
18971 18755
18951 18783
18939 18790
18993 18727
18991 18728
19002 18722
19000 18723
19016 18699
19035 18653
19055 18634
19038 18641
19140 18538
19166 18475
19186 18459
19233 18329
19209 18393
19161 18492
19196 18408
19221 18370
19208 18401
19193 18435
19246 18313
19229 18345
19217 18386
19189 18436
19169 18464
19187 18453
19152 18515
19122 18544
19060 18608
19078 18597
19141 18518
19111 18547
17680 19885
17599 19918
17387 20012
17556 19948
17830 19806
17774 19835
17332 20044
17190 20081
17210 20075
17147 20111
17413 19985
17290 20046
16930 20115
17976 19721
16922 20135
18024 19692
18119 19621
17470 19977
17710 19867
18213 19524
18059 19678
18256 19491
17878 19793
17634 19904
17357 20027
17398 19999
17225 20067
17180 20083
17163 20086
17235 20063
17243 20051
17363 20013
17405 19995
17486 19949
17475 19969
17731 19865
17657 19892
17645 19899
17804 19820
17758 19843
17763 19837
17806 19807
17921 19763
18064 19634
17956 19749
17988 19714
18169 19562
18318 19433
18363 19379
18424 19316
18124 19610
18076 19627
18134 19576
18393 19364
18005 19699
18065 19628
18094 19625
18338 19412
18478 19269
18494 19224
18130 19587
18165 19573
18511 19216
18178 19538
18524 19184
18248 19518
18181 19527
18301 19476
18590 19146
18258 19481
18254 19492
18499 19223
18307 19442
18322 19430
18461 19277
18332 19428
18419 19322
18355 19400
18403 19353
18448 19284
18357 19386
18385 19367
18371 19374
18350 19406
18438 19293
18367 19378
18482 19231
18408 19347
18519 19190
18544 19182
18572 19157
18630 19126
18720 19071
18771 19010
18647 19097
18801 18961
18837 18929
18890 18863
18933 18809
18907 18831
18984 18738
18959 18763
19024 18698
18788 18989
18861 18916
19058 18629
19108 18582
19048 18638
18660 19074
18595 19140
18598 19133
18633 19119
18634 19098
18651 19091
18745 19014
18943 18786
18815 18943
18839 18928
18724 19036
18741 19025
18810 18955
18877 18872
18900 18850
18915 18820
18813 18944
18792 18966
18793 18962
18807 18960
18789 18971
18830 18939
18831 18931
18870 18873
18910 18826
18927 18818
18903 18839
18908 18828
18893 18856
18937 18794
18953 18766
18974 18746
18938 18792
19009 18709
19040 18640
19083 18592
19071 18598
19033 18684
19063 18600
19059 18621
19034 18676
19028 18687
18971 18755
18951 18783
18939 18790
18993 18727
18991 18728
19002 18722
19000 18723
19016 18699
19035 18653
19055 18634
19038 18641
19140 18538
19166 18475
19186 18459
19233 18329
19209 18393
19161 18492
19196 18408
19221 18370
19208 18401
19193 18435
19246 18313
19229 18345
19217 18386
19189 18436
19169 18464
19187 18453
19152 18515
19122 18544
19060 18608
19078 18597
19141 18518
19111 18547
17680 19885
17599 19918
17387 20012
17556 19948
17830 19806
17774 19835
17332 20044
17190 20081
17210 20075
17147 20111
17413 19985
17290 20046
16930 20115
17976 19721
16922 20135
18024 19692
18119 19621
17470 19977
17710 19867
18213 19524
18059 19678
18256 19491
17878 19793
17634 19904
17357 20027
17398 19999
17225 20067
17180 20083
17163 20086
17235 20063
17243 20051
17363 20013
17405 19995
17486 19949
17475 19969
17731 19865
17657 19892
17645 19899
17804 19820
17758 19843
17763 19837
17806 19807
17921 19763
18064 19634
17956 19749
17988 19714
18169 19562
18318 19433
18363 19379
18424 19316
18124 19610
18076 19627
18134 19576
18393 19364
18005 19699
18065 19628
18094 19625
18338 19412
18478 19269
18494 19224
18130 19587
18165 19573
18511 19216
18178 19538
18524 19184
18248 19518
18181 19527
18301 19476
18590 19146
18258 19481
18254 19492
18499 19223
18307 19442
18322 19430
18461 19277
18332 19428
18419 19322
18355 19400
18403 19353
18448 19284
18357 19386
18385 19367
18371 19374
18350 19406
18438 19293
18367 19378
18482 19231
18408 19347
18519 19190
18544 19182
18572 19157
18630 19126
18720 19071
18771 19010
18647 19097
18801 18961
18837 18929
18890 18863
18933 18809
18907 18831
18984 18738
18959 18763
19024 18698
18788 18989
18861 18916
19058 18629
19108 18582
19048 18638
18660 19074
18595 19140
18598 19133
18633 19119
18634 19098
18651 19091
18745 19014
18943 18786
18815 18943
18839 18928
18724 19036
18741 19025
18810 18955
18877 18872
18900 18850
18915 18820
18813 18944
18792 18966
18793 18962
18807 18960
18789 18971
18830 18939
18831 18931
18870 18873
18910 18826
18927 18818
18903 18839
18908 18828
18893 18856
18937 18794
18953 18766
18974 18746
18938 18792
19009 18709
19040 18640
19083 18592
19071 18598
19033 18684
19063 18600
19059 18621
19034 18676
19028 18687
18971 18755
18951 18783
18939 18790
18993 18727
18991 18728
19002 18722
19000 18723
19016 18699
19035 18653
19055 18634
19038 18641
19140 18538
19166 18475
19186 18459
19233 18329
19209 18393
19161 18492
19196 18408
19221 18370
19208 18401
19193 18435
19246 18313
19229 18345
19217 18386
19189 18436
19169 18464
19187 18453
19152 18515
19122 18544
19060 18608
19078 18597
19141 18518
19111 18547
17680 19885
17599 19918
17387 20012
17556 19948
17830 19806
17774 19835
17332 20044
17190 20081
17210 20075
17147 20111
17413 19985
17290 20046
16930 20115
17976 19721
16922 20135
18024 19692
18119 19621
17470 19977
17710 19867
18213 19524
18059 19678
18256 19491
17878 19793
17634 19904
17357 20027
17398 19999
17225 20067
17180 20083
17163 20086
17235 20063
17243 20051
17363 20013
17405 19995
17486 19949
17475 19969
17731 19865
17657 19892
17645 19899
17804 19820
17758 19843
17763 19837
17806 19807
17921 19763
18064 19634
17956 19749
17988 19714
18169 19562
18318 19433
18363 19379
18424 19316
18124 19610
18076 19627
18134 19576
18393 19364
18005 19699
18065 19628
18094 19625
18338 19412
18478 19269
18494 19224
18130 19587
18165 19573
18511 19216
18178 19538
18524 19184
18248 19518
18181 19527
18301 19476
18590 19146
18258 19481
18254 19492
18499 19223
18307 19442
18322 19430
18461 19277
18332 19428
18419 19322
18355 19400
18403 19353
18448 19284
18357 19386
18385 19367
18371 19374
18350 19406
18438 19293
18367 19378
18482 19231
18408 19347
18519 19190
18544 19182
18572 19157
18630 19126
18720 19071
18771 19010
18647 19097
18801 18961
18837 18929
18890 18863
18933 18809
18907 18831
18984 18738
18959 18763
19024 18698
18788 18989
18861 18916
19058 18629
19108 18582
19048 18638
18660 19074
18595 19140
18598 19133
18633 19119
18634 19098
18651 19091
18745 19014
18943 18786
18815 18943
18839 18928
18724 19036
18741 19025
18810 18955
18877 18872
18900 18850
18915 18820
18813 18944
18792 18966
18793 18962
18807 18960
18789 18971
18830 18939
18831 18931
18870 18873
18910 18826
18927 18818
18903 18839
18908 18828
18893 18856
18937 18794
18953 18766
18974 18746
18938 18792
19009 18709
19040 18640
19083 18592
19071 18598
19033 18684
19063 18600
19059 18621
19034 18676
19028 18687
18971 18755
18951 18783
18939 18790
18993 18727
18991 18728
19002 18722
19000 18723
19016 18699
19035 18653
19055 18634
19038 18641
19140 18538
19166 18475
19186 18459
19233 18329
19209 18393
19161 18492
19196 18408
19221 18370
19208 18401
19193 18435
19246 18313
19229 18345
19217 18386
19189 18436
19169 18464
19187 18453
19152 18515
19122 18544
19060 18608
19078 18597
19141 18518
19111 18547
17680 19885
17599 19918
17387 20012
17556 19948
17830 19806
17774 19835
17332 20044
17190 20081
17210 20075
17147 20111
17413 19985
17290 20046
16930 20115
17976 19721
16922 20135
18024 19692
18119 19621
17470 19977
17710 19867
18213 19524
18059 19678
18256 19491
17878 19793
17634 19904
17357 20027
17398 19999
17225 20067
17180 20083
17163 20086
17235 20063
17243 20051
17363 20013
17405 19995
17486 19949
17475 19969
17731 19865
17657 19892
17645 19899
17804 19820
17758 19843
17763 19837
17806 19807
17921 19763
18064 19634
17956 19749
17988 19714
18169 19562
18318 19433
18363 19379
18424 19316
18124 19610
18076 19627
18134 19576
18393 19364
18005 19699
18065 19628
18094 19625
18338 19412
18478 19269
18494 19224
18130 19587
18165 19573
18511 19216
18178 19538
18524 19184
18248 19518
18181 19527
18301 19476
18590 19146
18258 19481
18254 19492
18499 19223
18307 19442
18322 19430
18461 19277
18332 19428
18419 19322
18355 19400
18403 19353
18448 19284
18357 19386
18385 19367
18371 19374
18350 19406
18438 19293
18367 19378
18482 19231
18408 19347
18519 19190
18544 19182
18572 19157
18630 19126
18720 19071
18771 19010
18647 19097
18801 18961
18837 18929
18890 18863
18933 18809
18907 18831
18984 18738
18959 18763
19024 18698
18788 18989
18861 18916
19058 18629
19108 18582
19048 18638
18660 19074
18595 19140
18598 19133
18633 19119
18634 19098
18651 19091
18745 19014
18943 18786
18815 18943
18839 18928
18724 19036
18741 19025
18810 18955
18877 18872
18900 18850
18915 18820
18813 18944
18792 18966
18793 18962
18807 18960
18789 18971
18830 18939
18831 18931
18870 18873
18910 18826
18927 18818
18903 18839
18908 18828
18893 18856
18937 18794
18953 18766
18974 18746
18938 18792
19009 18709
19040 18640
19083 18592
19071 18598
19033 18684
19063 18600
19059 18621
19034 18676
19028 18687
18971 18755
18951 18783
18939 18790
18993 18727
18991 18728
19002 18722
19000 18723
19016 18699
19035 18653
19055 18634
19038 18641
19140 18538
19166 18475
19186 18459
19233 18329
19209 18393
19161 18492
19196 18408
19221 18370
19208 18401
19193 18435
19246 18313
19229 18345
19217 18386
19189 18436
19169 18464
19187 18453
19152 18515
19122 18544
19060 18608
19078 18597
19141 18518
19111 18547
17680 19885
17599 19918
17387 20012
17556 19948
17830 19806
17774 19835
17332 20044
17190 20081
17210 20075
17147 20111
17413 19985
17290 20046
16930 20115
17976 19721
16922 20135
18024 19692
18119 19621
17470 19977
17710 19867
18213 19524
18059 19678
18256 19491
17878 19793
17634 19904
17357 20027
17398 19999
17225 20067
17180 20083
17163 20086
17235 20063
17243 20051
17363 20013
17405 19995
17486 19949
17475 19969
17731 19865
17657 19892
17645 19899
17804 19820
17758 19843
17763 19837
17806 19807
17921 19763
18064 19634
17956 19749
17988 19714
18169 19562
18318 19433
18363 19379
18424 19316
18124 19610
18076 19627
18134 19576
18393 19364
18005 19699
18065 19628
18094 19625
18338 19412
18478 19269
18494 19224
18130 19587
18165 19573
18511 19216
18178 19538
18524 19184
18248 19518
18181 19527
18301 19476
18590 19146
18258 19481
18254 19492
18499 19223
18307 19442
18322 19430
18461 19277
18332 19428
18419 19322
18355 19400
18403 19353
18448 19284
18357 19386
18385 19367
18371 19374
18350 19406
18438 19293
18367 19378
18482 19231
18408 19347
18519 19190
18544 19182
18572 19157
18630 19126
18720 19071
18771 19010
18647 19097
18801 18961
18837 18929
18890 18863
18933 18809
18907 18831
18984 18738
18959 18763
19024 18698
18788 18989
18861 18916
19058 18629
19108 18582
19048 18638
18660 19074
18595 19140
18598 19133
18633 19119
18634 19098
18651 19091
18745 19014
18943 18786
18815 18943
18839 18928
18724 19036
18741 19025
18810 18955
18877 18872
18900 18850
18915 18820
18813 18944
18792 18966
18793 18962
18807 18960
18789 18971
18830 18939
18831 18931
18870 18873
18910 18826
18927 18818
18903 18839
18908 18828
18893 18856
18937 18794
18953 18766
18974 18746
18938 18792
19009 18709
19040 18640
19083 18592
19071 18598
19033 18684
19063 18600
19059 18621
19034 18676
19028 18687
18971 18755
18951 18783
18939 18790
18993 18727
18991 18728
19002 18722
19000 18723
19016 18699
19035 18653
19055 18634
19038 18641
19140 18538
19166 18475
19186 18459
19233 18329
19209 18393
19161 18492
19196 18408
19221 18370
19208 18401
19193 18435
19246 18313
19229 18345
19217 18386
19189 18436
19169 18464
19187 18453
19152 18515
19122 18544
19060 18608
19078 18597
19141 18518
19111 18547
17680 19885
17599 19918
17387 20012
17556 19948
17830 19806
17774 19835
17332 20044
17190 20081
17210 20075
17147 20111
17413 19985
17290 20046
16930 20115
17976 19721
16922 20135
18024 19692
18119 19621
17470 19977
17710 19867
18213 19524
18059 19678
18256 19491
17878 19793
17634 19904
17357 20027
17398 19999
17225 20067
17180 20083
17163 20086
17235 20063
17243 20051
17363 20013
17405 19995
17486 19949
17475 19969
17731 19865
17657 19892
17645 19899
17804 19820
17758 19843
17763 19837
17806 19807
17921 19763
18064 19634
17956 19749
17988 19714
18169 19562
18318 19433
18363 19379
18424 19316
18124 19610
18076 19627
18134 19576
18393 19364
18005 19699
18065 19628
18094 19625
18338 19412
18478 19269
18494 19224
18130 19587
18165 19573
18511 19216
18178 19538
18524 19184
18248 19518
18181 19527
18301 19476
18590 19146
18258 19481
18254 19492
18499 19223
18307 19442
18322 19430
18461 19277
18332 19428
18419 19322
18355 19400
18403 19353
18448 19284
18357 19386
18385 19367
18371 19374
18350 19406
18438 19293
18367 19378
18482 19231
18408 19347
18519 19190
18544 19182
18572 19157
18630 19126
18720 19071
18771 19010
18647 19097
18801 18961
18837 18929
18890 18863
18933 18809
18907 18831
18984 18738
18959 18763
19024 18698
18788 18989
18861 18916
19058 18629
19108 18582
19048 18638
18660 19074
18595 19140
18598 19133
18633 19119
18634 19098
18651 19091
18745 19014
18943 18786
18815 18943
18839 18928
18724 19036
18741 19025
18810 18955
18877 18872
18900 18850
18915 18820
18813 18944
18792 18966
18793 18962
18807 18960
18789 18971
18830 18939
18831 18931
18870 18873
18910 18826
18927 18818
18903 18839
18908 18828
18893 18856
18937 18794
18953 18766
18974 18746
18938 18792
19009 18709
19040 18640
19083 18592
19071 18598
19033 18684
19063 18600
19059 18621
19034 18676
19028 18687
18971 18755
18951 18783
18939 18790
18993 18727
18991 18728
19002 18722
19000 18723
19016 18699
19035 18653
19055 18634
19038 18641
19140 18538
19166 18475
19186 18459
19233 18329
19209 18393
19161 18492
19196 18408
19221 18370
19208 18401
19193 18435
19246 18313
19229 18345
19217 18386
19189 18436
19169 18464
19187 18453
19152 18515
19122 18544
19060 18608
19078 18597
19141 18518
19111 18547
17680 19885
17599 19918
17387 20012
17556 19948
17830 19806
17774 19835
17332 20044
17190 20081
17210 20075
17147 20111
17413 19985
17290 20046
16930 20115
17976 19721
16922 20135
18024 19692
18119 19621
17470 19977
17710 19867
18213 19524
18059 19678
18256 19491
17878 19793
17634 19904
17357 20027
17398 19999
17225 20067
17180 20083
17163 20086
17235 20063
17243 20051
17363 20013
17405 19995
17486 19949
17475 19969
17731 19865
17657 19892
17645 19899
17804 19820
17758 19843
17763 19837
17806 19807
17921 19763
18064 19634
17956 19749
17988 19714
18169 19562
18318 19433
18363 19379
18424 19316
18124 19610
18076 19627
18134 19576
18393 19364
18005 19699
18065 19628
18094 19625
18338 19412
18478 19269
18494 19224
18130 19587
18165 19573
18511 19216
18178 19538
18524 19184
18248 19518
18181 19527
18301 19476
18590 19146
18258 19481
18254 19492
18499 19223
18307 19442
18322 19430
18461 19277
18332 19428
18419 19322
18355 19400
18403 19353
18448 19284
18357 19386
18385 19367
18371 19374
18350 19406
18438 19293
18367 19378
18482 19231
18408 19347
18519 19190
18544 19182
18572 19157
18630 19126
18720 19071
18771 19010
18647 19097
18801 18961
18837 18929
18890 18863
18933 18809
18907 18831
18984 18738
18959 18763
19024 18698
18788 18989
18861 18916
19058 18629
19108 18582
19048 18638
18660 19074
18595 19140
18598 19133
18633 19119
18634 19098
18651 19091
18745 19014
18943 18786
18815 18943
18839 18928
18724 19036
18741 19025
18810 18955
18877 18872
18900 18850
18915 18820
18813 18944
18792 18966
18793 18962
18807 18960
18789 18971
18830 18939
18831 18931
18870 18873
18910 18826
18927 18818
18903 18839
18908 18828
18893 18856
18937 18794
18953 18766
18974 18746
18938 18792
19009 18709
19040 18640
19083 18592
19071 18598
19033 18684
19063 18600
19059 18621
19034 18676
19028 18687
18971 18755
18951 18783
18939 18790
18993 18727
18991 18728
19002 18722
19000 18723
19016 18699
19035 18653
19055 18634
19038 18641
19140 18538
19166 18475
19186 18459
19233 18329
19209 18393
19161 18492
19196 18408
19221 18370
19208 18401
19193 18435
19246 18313
19229 18345
19217 18386
19189 18436
19169 18464
19187 18453
19152 18515
19122 18544
19060 18608
19078 18597
19141 18518
19111 18547
17680 19885
17599 19918
17387 20012
17556 19948
17830 19806
17774 19835
17332 20044
17190 20081
17210 20075
17147 20111
17413 19985
17290 20046
16930 20115
17976 19721
16922 20135
18024 19692
18119 19621
17470 19977
17710 19867
18213 19524
18059 19678
18256 19491
17878 19793
17634 19904
17357 20027
17398 19999
17225 20067
17180 20083
17163 20086
17235 20063
17243 20051
17363 20013
17405 19995
17486 19949
17475 19969
17731 19865
17657 19892
17645 19899
17804 19820
17758 19843
17763 19837
17806 19807
17921 19763
18064 19634
17956 19749
17988 19714
18169 19562
18318 19433
18363 19379
18424 19316
18124 19610
18076 19627
18134 19576
18393 19364
18005 19699
18065 19628
18094 19625
18338 19412
18478 19269
18494 19224
18130 19587
18165 19573
18511 19216
18178 19538
18524 19184
18248 19518
18181 19527
18301 19476
18590 19146
18258 19481
18254 19492
18499 19223
18307 19442
18322 19430
18461 19277
18332 19428
18419 19322
18355 19400
18403 19353
18448 19284
18357 19386
18385 19367
18371 19374
18350 19406
18438 19293
18367 19378
18482 19231
18408 19347
18519 19190
18544 19182
18572 19157
18630 19126
18720 19071
18771 19010
18647 19097
18801 18961
18837 18929
18890 18863
18933 18809
18907 18831
18984 18738
18959 18763
19024 18698
18788 18989
18861 18916
19058 18629
19108 18582
19048 18638
18660 19074
18595 19140
18598 19133
18633 19119
18634 19098
18651 19091
18745 19014
18943 18786
18815 18943
18839 18928
18724 19036
18741 19025
18810 18955
18877 18872
18900 18850
18915 18820
18813 18944
18792 18966
18793 18962
18807 18960
18789 18971
18830 18939
18831 18931
18870 18873
18910 18826
18927 18818
18903 18839
18908 18828
18893 18856
18937 18794
18953 18766
18974 18746
18938 18792
19009 18709
19040 18640
19083 18592
19071 18598
19033 18684
19063 18600
19059 18621
19034 18676
19028 18687
18971 18755
18951 18783
18939 18790
18993 18727
18991 18728
19002 18722
19000 18723
19016 18699
19035 18653
19055 18634
19038 18641
19140 18538
19166 18475
19186 18459
19233 18329
19209 18393
19161 18492
19196 18408
19221 18370
19208 18401
19193 18435
19246 18313
19229 18345
19217 18386
19189 18436
19169 18464
19187 18453
19152 18515
19122 18544
19060 18608
19078 18597
19141 18518
19111 18547
17680 19885
17599 19918
17387 20012
17556 19948
17830 19806
17774 19835
17332 20044
17190 20081
17210 20075
17147 20111
17413 19985
17290 20046
16930 20115
17976 19721
16922 20135
18024 19692
18119 19621
17470 19977
17710 19867
18213 19524
18059 19678
18256 19491
17878 19793
17634 19904
17357 20027
17398 19999
17225 20067
17180 20083
17163 20086
17235 20063
17243 20051
17363 20013
17405 19995
17486 19949
17475 19969
17731 19865
17657 19892
17645 19899
17804 19820
17758 19843
17763 19837
17806 19807
17921 19763
18064 19634
17956 19749
17988 19714
18169 19562
18318 19433
18363 19379
18424 19316
18124 19610
18076 19627
18134 19576
18393 19364
18005 19699
18065 19628
18094 19625
18338 19412
18478 19269
18494 19224
18130 19587
18165 19573
18511 19216
18178 19538
18524 19184
18248 19518
18181 19527
18301 19476
18590 19146
18258 19481
18254 19492
18499 19223
18307 19442
18322 19430
18461 19277
18332 19428
18419 19322
18355 19400
18403 19353
18448 19284
18357 19386
18385 19367
18371 19374
18350 19406
18438 19293
18367 19378
18482 19231
18408 19347
18519 19190
18544 19182
18572 19157
18630 19126
18720 19071
18771 19010
18647 19097
18801 18961
18837 18929
18890 18863
18933 18809
18907 18831
18984 18738
18959 18763
19024 18698
18788 18989
18861 18916
19058 18629
19108 18582
19048 18638
18660 19074
18595 19140
18598 19133
18633 19119
18634 19098
18651 19091
18745 19014
18943 18786
18815 18943
18839 18928
18724 19036
18741 19025
18810 18955
18877 18872
18900 18850
18915 18820
18813 18944
18792 18966
18793 18962
18807 18960
18789 18971
18830 18939
18831 18931
18870 18873
18910 18826
18927 18818
18903 18839
18908 18828
18893 18856
18937 18794
18953 18766
18974 18746
18938 18792
19009 18709
19040 18640
19083 18592
19071 18598
19033 18684
19063 18600
19059 18621
19034 18676
19028 18687
18971 18755
18951 18783
18939 18790
18993 18727
18991 18728
19002 18722
19000 18723
19016 18699
19035 18653
19055 18634
19038 18641
19140 18538
19166 18475
19186 18459
19233 18329
19209 18393
19161 18492
19196 18408
19221 18370
19208 18401
19193 18435
19246 18313
19229 18345
19217 18386
19189 18436
19169 18464
19187 18453
19152 18515
19122 18544
19060 18608
19078 18597
19141 18518
19111 18547
