24910.00 29490.00 
24961.00 29475.00 
25163.00 29449.00 
25293.00 29413.00 
25377.00 29359.00 
25506.00 29323.00 
25611.00 29272.00 
25707.00 29224.00 
25825.00 29182.00 
25931.00 29136.00 
25957.00 29069.00 
26109.00 29044.00 
26144.00 28978.00 
26239.00 28934.00 
26312.00 28889.00 
26483.00 28874.00 
26550.00 28834.00 
26585.00 28769.00 
26689.00 28729.00 
26769.00 28697.00 
26805.00 28632.00 
26912.00 28603.00 
26958.00 28551.00 
27034.00 28510.00 
27099.00 28465.00 
27172.00 28415.00 
27232.00 28363.00 
27287.00 28335.00 
27354.00 28274.00 
27408.00 28232.00 
27452.00 28160.00 
27501.00 28102.00 
27575.00 28069.00 
27630.00 28022.00 
27684.00 27962.00 
27739.00 27910.00 
27811.00 27886.00 
27839.00 27796.00 
27913.00 27771.00 
27962.00 27710.00 
28002.00 27635.00 
28061.00 27591.00 
28098.00 27525.00 
28168.00 27467.00 
28199.00 27417.00 
28265.00 27353.00 
28300.00 27272.00 
28353.00 27218.00 
28393.00 27137.00 
28434.00 27043.00 
28467.00 26950.00 
28523.00 26864.00 
28584.00 26856.00 
28634.00 26806.00 
28669.00 26692.00 
28692.00 26514.00 
28739.00 26474.00 
28804.00 26344.00 
28844.00 26267.00 
28889.00 26203.00 
28958.00 26087.00 
28995.00 25956.00 
29051.00 25885.00 
29090.00 25724.00 
29140.00 25618.00 
29189.00 25550.00 
25095.00 29476.00 
25253.00 29438.00 
25336.00 29365.00 
25477.00 29337.00 
25539.00 29264.00 
25642.00 29230.00 
25786.00 29185.00 
25837.00 29130.00 
25902.00 29057.00 
26112.00 29041.00 
26227.00 28944.00 
26384.00 28916.00 
26461.00 28796.00 
26534.00 28746.00 
26662.00 28728.00 
26730.00 28678.00 
26807.00 28630.00 
26842.00 28564.00 
26904.00 28515.00 
26973.00 28465.00 
27070.00 28434.00 
27147.00 28393.00 
27196.00 28334.00 
27241.00 28279.00 
27331.00 28254.00 
27382.00 28182.00 
27407.00 28118.00 
27501.00 28093.00 
27517.00 28006.00 
27611.00 27995.00 
27616.00 27886.00 
27700.00 27863.00 
27735.00 27791.00 
27816.00 27756.00 
27824.00 27650.00 
27903.00 27621.00 
27941.00 27547.00 
27988.00 27481.00 
28064.00 27448.00 
28085.00 27352.00 
28127.00 27273.00 
28207.00 27238.00 
28313.00 27140.00 
28344.00 27040.00 
28405.00 26973.00 
28440.00 26886.00 
28489.00 26811.00 
28545.00 26762.00 
28590.00 26666.00 
28632.00 26568.00 
28707.00 26514.00 
28733.00 26401.00 
28802.00 26354.00 
28849.00 26330.00 
28903.00 26210.00 
28961.00 26132.00 
29005.00 26033.00 
29061.00 25961.00 
29139.00 25891.00 
29150.00 25733.00 
29212.00 25651.00 
29269.00 25562.00 
29313.00 25394.00 
29321.00 25294.00 
25266.00 29380.00 
25366.00 29360.00 
25439.00 29330.00 
25570.00 29292.00 
25731.00 29245.00 
25831.00 29199.00 
25929.00 29158.00 
26104.00 29074.00 
26167.00 29001.00 
26257.00 28956.00 
26372.00 28906.00 
26468.00 28870.00 
26524.00 28817.00 
26601.00 28785.00 
26669.00 28726.00 
26749.00 28695.00 
26816.00 28636.00 
26954.00 28611.00 
27009.00 28566.00 
27083.00 28527.00 
27114.00 28465.00 
27158.00 28404.00 
27205.00 28344.00 
27283.00 28313.00 
27344.00 28263.00 
27404.00 28211.00 
27428.00 28131.00 
27522.00 28104.00 
27553.00 28034.00 
27608.00 27986.00 
27674.00 27937.00 
27708.00 27876.00 
27776.00 27833.00 
27800.00 27757.00 
27858.00 27702.00 
27945.00 27676.00 
27968.00 27597.00 
28013.00 27527.00 
28063.00 27469.00 
28125.00 27428.00 
28190.00 27369.00 
28223.00 27315.00 
28267.00 27241.00 
28319.00 27171.00 
28396.00 27160.00 
28424.00 27062.00 
28482.00 27020.00 
28549.00 26970.00 
28581.00 26889.00 
28648.00 26863.00 
28677.00 26744.00 
28707.00 26638.00 
28746.00 26560.00 
28794.00 26458.00 
28844.00 26385.00 
28897.00 26319.00 
28922.00 26174.00 
28972.00 26098.00 
29022.00 25995.00 
29078.00 25952.00 
29110.00 25769.00 
29167.00 25756.00 
29203.00 25641.00 
29273.00 25482.00 
29321.00 25398.00 
29364.00 25217.00 
29401.00 25042.00 
29428.00 25004.00 
29434.00 24967.00 
29443.00 24892.00 
25342.00 29380.00 
25429.00 29354.00 
25539.00 29308.00 
25644.00 29260.00 
25748.00 29214.00 
25849.00 29170.00 
25910.00 29115.00 
26064.00 29085.00 
26144.00 29038.00 
26225.00 28985.00 
26322.00 28953.00 
26374.00 28896.00 
26441.00 28861.00 
26534.00 28809.00 
26601.00 28773.00 
26642.00 28706.00 
26831.00 28661.00 
26884.00 28585.00 
26938.00 28539.00 
26988.00 28478.00 
27023.00 28422.00 
27132.00 28402.00 
27157.00 28332.00 
27255.00 28301.00 
27275.00 28229.00 
27339.00 28186.00 
27366.00 28121.00 
27453.00 28086.00 
27517.00 28047.00 
27573.00 28009.00 
27604.00 27931.00 
27688.00 27911.00 
27714.00 27832.00 
27764.00 27780.00 
27829.00 27744.00 
27861.00 27676.00 
27911.00 27616.00 
27972.00 27577.00 
28020.00 27518.00 
28062.00 27449.00 
28126.00 27403.00 
28157.00 27327.00 
28193.00 27246.00 
28264.00 27226.00 
28335.00 27217.00 
28348.00 27084.00 
28409.00 27064.00 
28456.00 26995.00 
28505.00 26931.00 
28540.00 26821.00 
28599.00 26800.00 
28662.00 26735.00 
28702.00 26668.00 
28740.00 26579.00 
28785.00 26496.00 
28832.00 26447.00 
28880.00 26343.00 
28946.00 26319.00 
28986.00 26218.00 
29017.00 26146.00 
29055.00 25964.00 
29112.00 25883.00 
29157.00 25799.00 
29209.00 25739.00 
29247.00 25603.00 
29277.00 25473.00 
29286.00 25397.00 
29302.00 25355.00 
29304.00 25273.00 
29313.00 25226.00 
25276.00 29337.00 
25329.00 29292.00 
25620.00 29255.00 
25639.00 29222.00 
25711.00 29160.00 
25785.00 29102.00 
25982.00 29094.00 
26048.00 29033.00 
26156.00 28988.00 
26279.00 28952.00 
26339.00 28901.00 
26404.00 28846.00 
26470.00 28784.00 
26598.00 28763.00 
26694.00 28725.00 
26751.00 28682.00 
26770.00 28603.00 
26876.00 28576.00 
26926.00 28511.00 
26991.00 28465.00 
27071.00 28435.00 
27118.00 28372.00 
27190.00 28333.00 
27246.00 28274.00 
27339.00 28245.00 
27391.00 28189.00 
27414.00 28112.00 
27487.00 28082.00 
27545.00 28024.00 
27605.00 27975.00 
27660.00 27923.00 
27706.00 27871.00 
27771.00 27819.00 
27836.00 27777.00 
27870.00 27703.00 
27926.00 27662.00 
27964.00 27578.00 
28016.00 27521.00 
28089.00 27474.00 
28108.00 27391.00 
28198.00 27380.00 
28225.00 27290.00 
28282.00 27251.00 
28334.00 27219.00 
28385.00 27137.00 
28438.00 27054.00 
28472.00 26976.00 
28527.00 26927.00 
28581.00 26852.00 
28604.00 26748.00 
28645.00 26653.00 
28734.00 26497.00 
28788.00 26456.00 
28825.00 26315.00 
28864.00 26217.00 
28920.00 26126.00 
28974.00 26111.00 
29034.00 25987.00 
29086.00 25871.00 
29107.00 25718.00 
29156.00 25652.00 
29217.00 25518.00 
29251.00 25340.00 
29302.00 25218.00 
29333.00 25176.00 
29356.00 25158.00 
29364.00 25103.00 
29369.00 25095.00 
25391.00 29364.00 
25530.00 29320.00 
25659.00 29272.00 
25735.00 29220.00 
25920.00 29168.00 
26004.00 29134.00 
26044.00 29064.00 
26119.00 29007.00 
26241.00 28970.00 
26335.00 28925.00 
26409.00 28866.00 
26492.00 28816.00 
26610.00 28786.00 
26696.00 28740.00 
26708.00 28659.00 
26833.00 28636.00 
26881.00 28585.00 
26959.00 28526.00 
27106.00 28520.00 
27117.00 28448.00 
27202.00 28421.00 
27233.00 28324.00 
27277.00 28263.00 
27352.00 28222.00 
27411.00 28161.00 
27481.00 28126.00 
27518.00 28052.00 
27611.00 28021.00 
27648.00 27955.00 
27687.00 27894.00 
27794.00 27861.00 
27829.00 27800.00 
27853.00 27715.00 
27928.00 27678.00 
27973.00 27610.00 
28051.00 27563.00 
28073.00 27488.00 
28127.00 27429.00 
28190.00 27379.00 
28251.00 27332.00 
28302.00 27281.00 
28351.00 27202.00 
28401.00 27137.00 
28442.00 27065.00 
28469.00 26956.00 
28543.00 26940.00 
28590.00 26856.00 
28653.00 26794.00 
28697.00 26737.00 
28735.00 26635.00 
28791.00 26561.00 
28822.00 26460.00 
28864.00 26366.00 
28919.00 26316.00 
28981.00 26239.00 
29010.00 26085.00 
29049.00 25984.00 
29108.00 25898.00 
29149.00 25789.00 
29181.00 25658.00 
29232.00 25532.00 
29271.00 25392.00 
29317.00 25270.00 
29396.00 25162.00 
29410.00 25096.00 
25691.00 29220.00 
25723.00 29218.00 
25749.00 29216.00 
25795.00 29211.00 
25895.00 29184.00 
26040.00 29138.00 
26077.00 29095.00 
26180.00 29060.00 
26225.00 29010.00 
26292.00 28961.00 
26413.00 28931.00 
26495.00 28896.00 
26577.00 28855.00 
26650.00 28806.00 
26712.00 28762.00 
26779.00 28729.00 
26878.00 28703.00 
26907.00 28640.00 
26959.00 28599.00 
27028.00 28491.00 
27139.00 28466.00 
27233.00 28371.00 
27275.00 28324.00 
27333.00 28289.00 
27361.00 28234.00 
27440.00 28195.00 
27457.00 28135.00 
27506.00 28087.00 
27555.00 28044.00 
27598.00 27993.00 
27647.00 27956.00 
27733.00 27921.00 
27763.00 27866.00 
27808.00 27827.00 
27844.00 27757.00 
27892.00 27716.00 
27938.00 27658.00 
27989.00 27625.00 
28010.00 27545.00 
28080.00 27518.00 
28102.00 27438.00 
28168.00 27418.00 
28195.00 27334.00 
28242.00 27284.00 
28315.00 27278.00 
28328.00 27173.00 
28381.00 27134.00 
28409.00 27049.00 
28458.00 27011.00 
28531.00 27001.00 
28549.00 26890.00 
28584.00 26815.00 
28629.00 26763.00 
28668.00 26714.00 
28739.00 26659.00 
28814.00 26529.00 
28838.00 26400.00 
28879.00 26330.00 
28903.00 26178.00 
28968.00 26145.00 
29014.00 26064.00 
29033.00 25928.00 
29073.00 25821.00 
29115.00 25729.00 
29168.00 25645.00 
29196.00 25473.00 
29231.00 25351.00 
29235.00 25310.00 
25169.00 29522.00 
25233.00 29512.00 
25353.00 29490.00 
25375.00 29455.00 
25397.00 29394.00 
25525.00 29350.00 
25635.00 29300.00 
25711.00 29242.00 
25831.00 29195.00 
25883.00 29138.00 
25979.00 29099.00 
26080.00 29051.00 
26151.00 29001.00 
26274.00 28971.00 
26352.00 28924.00 
26414.00 28866.00 
26486.00 28819.00 
26622.00 28789.00 
26715.00 28780.00 
26745.00 28694.00 
26822.00 28653.00 
26912.00 28621.00 
26999.00 28578.00 
27025.00 28511.00 
27106.00 28473.00 
27161.00 28424.00 
27189.00 28342.00 
27306.00 28320.00 
27332.00 28258.00 
27393.00 28225.00 
27420.00 28137.00 
27534.00 28123.00 
27549.00 28053.00 
27625.00 28018.00 
27679.00 27963.00 
27720.00 27904.00 
27777.00 27838.00 
27785.00 27738.00 
27859.00 27707.00 
27899.00 27630.00 
27957.00 27603.00 
28040.00 27562.00 
28055.00 27467.00 
28111.00 27403.00 
28187.00 27389.00 
28215.00 27300.00 
28270.00 27228.00 
28326.00 27194.00 
28378.00 27112.00 
28395.00 27003.00 
28470.00 26980.00 
28544.00 26922.00 
28550.00 26798.00 
28618.00 26756.00 
28683.00 26730.00 
28792.00 26627.00 
28800.00 26442.00 
28929.00 26351.00 
28974.00 26229.00 
29000.00 26109.00 
29068.00 26025.00 
29101.00 25976.00 
29163.00 25841.00 
29221.00 25776.00 
29255.00 25632.00 
29284.00 25563.00 
29290.00 25540.00 
29300.00 25448.00 
25254.00 29342.00 
25305.00 29340.00 
25389.00 29297.00 
25554.00 29273.00 
25579.00 29217.00 
25707.00 29168.00 
25836.00 29134.00 
25873.00 29082.00 
25998.00 29060.00 
26149.00 29018.00 
26218.00 28959.00 
26292.00 28929.00 
26331.00 28884.00 
26428.00 28852.00 
26604.00 28830.00 
26628.00 28786.00 
26721.00 28770.00 
26766.00 28708.00 
26800.00 28647.00 
26855.00 28613.00 
26900.00 28560.00 
26999.00 28541.00 
27053.00 28426.00 
27158.00 28415.00 
27233.00 28311.00 
27289.00 28269.00 
27309.00 28203.00 
27390.00 28185.00 
27438.00 28133.00 
27482.00 28093.00 
27569.00 28076.00 
27608.00 27946.00 
27684.00 27926.00 
27699.00 27843.00 
27748.00 27796.00 
27781.00 27743.00 
27843.00 27701.00 
27904.00 27684.00 
27921.00 27594.00 
27977.00 27573.00 
28034.00 27518.00 
28059.00 27459.00 
28129.00 27423.00 
28159.00 27367.00 
28217.00 27343.00 
28244.00 27298.00 
28308.00 27228.00 
28349.00 27173.00 
28375.00 27102.00 
28422.00 27049.00 
28480.00 27045.00 
28519.00 26959.00 
28550.00 26889.00 
28613.00 26872.00 
28649.00 26800.00 
28680.00 26733.00 
28727.00 26652.00 
28757.00 26589.00 
28798.00 26507.00 
28837.00 26438.00 
28885.00 26366.00 
28922.00 26270.00 
28962.00 26188.00 
29001.00 26121.00 
29055.00 26079.00 
29092.00 25966.00 
29138.00 25833.00 
29171.00 25726.00 
29216.00 25674.00 
29252.00 25506.00 
29293.00 25361.00 
29299.00 25309.00 
25460.00 29267.00 
25513.00 29263.00 
25648.00 29225.00 
25714.00 29182.00 
25884.00 29135.00 
25941.00 29090.00 
25994.00 29038.00 
26081.00 28991.00 
26209.00 28960.00 
26318.00 28914.00 
26403.00 28878.00 
26525.00 28868.00 
26580.00 28811.00 
26652.00 28758.00 
26671.00 28688.00 
26734.00 28637.00 
26806.00 28595.00 
26847.00 28541.00 
26946.00 28511.00 
26962.00 28435.00 
27041.00 28396.00 
27110.00 28350.00 
27191.00 28335.00 
27226.00 28266.00 
27332.00 28246.00 
27394.00 28205.00 
27406.00 28122.00 
27501.00 28110.00 
27510.00 28026.00 
27578.00 27982.00 
27615.00 27927.00 
27707.00 27898.00 
27731.00 27836.00 
27813.00 27817.00 
27849.00 27746.00 
27887.00 27689.00 
27947.00 27651.00 
28026.00 27626.00 
28051.00 27545.00 
28106.00 27508.00 
28169.00 27455.00 
28182.00 27362.00 
28240.00 27327.00 
28288.00 27270.00 
28352.00 27246.00 
28419.00 27200.00 
28449.00 27127.00 
28494.00 27077.00 
28541.00 27004.00 
28582.00 26939.00 
28599.00 26835.00 
28664.00 26790.00 
28679.00 26664.00 
28711.00 26572.00 
28776.00 26530.00 
28811.00 26446.00 
28861.00 26346.00 
28903.00 26281.00 
28971.00 26256.00 
28993.00 26093.00 
29025.00 25991.00 
29084.00 25927.00 
29113.00 25853.00 
29170.00 25704.00 
29229.00 25638.00 
29261.00 25491.00 
29309.00 25386.00 
29358.00 25277.00 
29373.00 25175.00 
25095.00 29361.00 
25145.00 29344.00 
25243.00 29329.00 
25291.00 29310.00 
25415.00 29306.00 
25490.00 29283.00 
25615.00 29222.00 
25758.00 29183.00 
25803.00 29106.00 
25938.00 29063.00 
26085.00 29032.00 
26218.00 28993.00 
26305.00 28936.00 
26389.00 28883.00 
26495.00 28846.00 
26559.00 28773.00 
26597.00 28703.00 
26686.00 28643.00 
26772.00 28596.00 
26863.00 28542.00 
26924.00 28481.00 
26986.00 28426.00 
27087.00 28379.00 
27156.00 28329.00 
27238.00 28286.00 
27313.00 28225.00 
27383.00 28178.00 
27437.00 28108.00 
27539.00 28071.00 
27583.00 28000.00 
27633.00 27933.00 
27704.00 27889.00 
27730.00 27789.00 
27849.00 27779.00 
27896.00 27701.00 
27945.00 27637.00 
28002.00 27578.00 
28066.00 27510.00 
28129.00 27454.00 
28189.00 27394.00 
28275.00 27345.00 
28292.00 27243.00 
28353.00 27179.00 
28407.00 27106.00 
28467.00 27030.00 
28537.00 26985.00 
28569.00 26894.00 
28605.00 26761.00 
28672.00 26698.00 
28716.00 26615.00 
28778.00 26516.00 
28835.00 26476.00 
28874.00 26331.00 
28917.00 26210.00 
28972.00 26124.00 
29024.00 26050.00 
29078.00 25905.00 
29127.00 25855.00 
29176.00 25680.00 
29232.00 25539.00 
29295.00 25428.00 
29342.00 25302.00 
29385.00 25116.00 
29454.00 25010.00 
29461.00 24935.00 
29479.00 24903.00 
29483.00 24832.00 
25145.00 29416.00 
25164.00 29400.00 
25215.00 29398.00 
25288.00 29388.00 
25366.00 29367.00 
25451.00 29316.00 
25646.00 29279.00 
25680.00 29220.00 
25804.00 29178.00 
25958.00 29136.00 
26043.00 29101.00 
26128.00 29060.00 
26151.00 28975.00 
26301.00 28956.00 
26399.00 28924.00 
26473.00 28859.00 
26540.00 28811.00 
26629.00 28765.00 
26656.00 28689.00 
26790.00 28663.00 
26795.00 28586.00 
26908.00 28566.00 
27000.00 28519.00 
27030.00 28454.00 
27078.00 28390.00 
27179.00 28361.00 
27253.00 28324.00 
27332.00 28284.00 
27356.00 28215.00 
27397.00 28133.00 
27449.00 28069.00 
27537.00 28037.00 
27574.00 27959.00 
27636.00 27916.00 
27727.00 27898.00 
27744.00 27804.00 
27802.00 27755.00 
27849.00 27683.00 
27937.00 27670.00 
27972.00 27580.00 
28021.00 27513.00 
28067.00 27438.00 
28151.00 27415.00 
28182.00 27335.00 
28253.00 27291.00 
28319.00 27241.00 
28369.00 27197.00 
28412.00 27101.00 
28460.00 27034.00 
28520.00 26988.00 
28580.00 26918.00 
28622.00 26852.00 
28640.00 26694.00 
28710.00 26646.00 
28733.00 26525.00 
28792.00 26455.00 
28859.00 26385.00 
28921.00 26298.00 
28931.00 26133.00 
28987.00 26070.00 
29031.00 25921.00 
29079.00 25793.00 
29118.00 25635.00 
29170.00 25527.00 
29213.00 25401.00 
29215.00 25363.00 
29242.00 25273.00 
29252.00 25255.00 
25510.00 29363.00 
25599.00 29332.00 
25684.00 29268.00 
25831.00 29229.00 
25898.00 29180.00 
26008.00 29129.00 
26119.00 29085.00 
26191.00 29016.00 
26282.00 28979.00 
26367.00 28947.00 
26481.00 28906.00 
26494.00 28828.00 
26562.00 28770.00 
26671.00 28735.00 
26742.00 28686.00 
26816.00 28642.00 
26874.00 28587.00 
26979.00 28549.00 
26985.00 28466.00 
27123.00 28445.00 
27161.00 28389.00 
27198.00 28325.00 
27288.00 28281.00 
27343.00 28241.00 
27384.00 28172.00 
27470.00 28126.00 
27515.00 28074.00 
27554.00 28005.00 
27644.00 27976.00 
27646.00 27876.00 
27745.00 27853.00 
27824.00 27825.00 
27859.00 27749.00 
27909.00 27686.00 
27971.00 27646.00 
27997.00 27554.00 
28072.00 27509.00 
28111.00 27440.00 
28150.00 27374.00 
28218.00 27315.00 
28287.00 27288.00 
28345.00 27218.00 
28397.00 27162.00 
28416.00 27055.00 
28470.00 27026.00 
28497.00 26905.00 
28564.00 26843.00 
28594.00 26747.00 
28649.00 26657.00 
28723.00 26619.00 
28751.00 26521.00 
28792.00 26443.00 
28857.00 26407.00 
28891.00 26260.00 
28957.00 26154.00 
28982.00 26026.00 
29015.00 25894.00 
29058.00 25795.00 
29127.00 25747.00 
29171.00 25597.00 
29209.00 25413.00 
29277.00 25410.00 
29320.00 25223.00 
29372.00 25070.00 
29407.00 24953.00 
25108.00 29345.00 
25126.00 29335.00 
25176.00 29333.00 
25272.00 29291.00 
25479.00 29255.00 
25590.00 29197.00 
25666.00 29155.00 
25793.00 29110.00 
25973.00 29083.00 
26039.00 29029.00 
26171.00 28995.00 
26225.00 28932.00 
26377.00 28915.00 
26447.00 28860.00 
26545.00 28811.00 
26603.00 28766.00 
26716.00 28714.00 
26785.00 28595.00 
26872.00 28556.00 
26951.00 28517.00 
27001.00 28455.00 
27120.00 28434.00 
27166.00 28381.00 
27221.00 28317.00 
27292.00 28265.00 
27372.00 28250.00 
27442.00 28193.00 
27470.00 28137.00 
27538.00 28074.00 
27606.00 28043.00 
27624.00 27960.00 
27701.00 27919.00 
27756.00 27865.00 
27780.00 27791.00 
27851.00 27742.00 
27899.00 27691.00 
27977.00 27652.00 
28034.00 27601.00 
28139.00 27512.00 
28171.00 27408.00 
28237.00 27374.00 
28277.00 27297.00 
28328.00 27254.00 
28379.00 27176.00 
28408.00 27103.00 
28459.00 27013.00 
28507.00 26953.00 
28566.00 26893.00 
28635.00 26881.00 
28653.00 26748.00 
28696.00 26666.00 
28750.00 26575.00 
28788.00 26487.00 
28845.00 26406.00 
28889.00 26331.00 
28922.00 26227.00 
28985.00 26135.00 
29038.00 26125.00 
29067.00 25923.00 
29111.00 25847.00 
29165.00 25713.00 
29219.00 25618.00 
29262.00 25474.00 
29329.00 25433.00 
29370.00 25304.00 
29408.00 25172.00 
25546.00 29244.00 
25672.00 29200.00 
25784.00 29150.00 
25829.00 29087.00 
25990.00 29054.00 
26038.00 29000.00 
26201.00 28963.00 
26270.00 28917.00 
26289.00 28871.00 
26398.00 28822.00 
26504.00 28787.00 
26577.00 28742.00 
26624.00 28681.00 
26718.00 28665.00 
26774.00 28595.00 
26820.00 28549.00 
26880.00 28496.00 
27024.00 28487.00 
27090.00 28431.00 
27108.00 28367.00 
27171.00 28323.00 
27199.00 28269.00 
27326.00 28243.00 
27368.00 28204.00 
27384.00 28139.00 
27445.00 28071.00 
27490.00 28029.00 
27570.00 27987.00 
27604.00 27941.00 
27658.00 27893.00 
27740.00 27882.00 
27772.00 27807.00 
27807.00 27740.00 
27863.00 27701.00 
27933.00 27675.00 
27944.00 27564.00 
28016.00 27544.00 
28065.00 27485.00 
28107.00 27437.00 
28149.00 27363.00 
28186.00 27295.00 
28251.00 27270.00 
28292.00 27205.00 
28343.00 27141.00 
28365.00 27054.00 
28431.00 27026.00 
28479.00 26970.00 
28517.00 26906.00 
28568.00 26846.00 
28605.00 26763.00 
28647.00 26688.00 
28692.00 26638.00 
28758.00 26568.00 
28779.00 26469.00 
28816.00 26393.00 
28898.00 26346.00 
28917.00 26278.00 
28968.00 26201.00 
29002.00 26071.00 
29052.00 26004.00 
29091.00 25921.00 
29118.00 25752.00 
29174.00 25661.00 
29239.00 25635.00 
29254.00 25425.00 
29298.00 25298.00 
29361.00 25273.00 
29391.00 25025.00 
29436.00 24957.00 
25492.00 29238.00 
25539.00 29214.00 
25619.00 29185.00 
25761.00 29134.00 
25909.00 29097.00 
26021.00 29038.00 
26186.00 29007.00 
26304.00 28961.00 
26410.00 28914.00 
26510.00 28874.00 
26599.00 28825.00 
26677.00 28758.00 
26760.00 28709.00 
26810.00 28656.00 
26893.00 28610.00 
26911.00 28539.00 
27012.00 28498.00 
27092.00 28425.00 
27159.00 28385.00 
27238.00 28332.00 
27281.00 28271.00 
27352.00 28217.00 
27415.00 28165.00 
27483.00 28120.00 
27563.00 28052.00 
27623.00 28009.00 
27630.00 27923.00 
27734.00 27895.00 
27760.00 27813.00 
27795.00 27737.00 
27896.00 27705.00 
27932.00 27642.00 
28016.00 27589.00 
28056.00 27528.00 
28080.00 27449.00 
28145.00 27389.00 
28171.00 27288.00 
28237.00 27240.00 
28308.00 27175.00 
28337.00 27105.00 
28411.00 27046.00 
28446.00 26965.00 
28493.00 26885.00 
28527.00 26784.00 
28603.00 26740.00 
28648.00 26670.00 
28794.00 26580.00 
28849.00 26326.00 
28909.00 26271.00 
28953.00 26165.00 
29020.00 26115.00 
29056.00 25976.00 
29104.00 25899.00 
29137.00 25745.00 
29189.00 25631.00 
29235.00 25538.00 
29276.00 25402.00 
29318.00 25248.00 
29391.00 25181.00 
29421.00 24986.00 
29483.00 24915.00 
29534.00 24764.00 
29582.00 24570.00 
29632.00 24497.00 
29651.00 24427.00 
25282.00 29362.00 
25285.00 29345.00 
25525.00 29318.00 
25535.00 29234.00 
25697.00 29197.00 
25763.00 29138.00 
25874.00 29098.00 
26061.00 29059.00 
26064.00 28998.00 
26209.00 28966.00 
26367.00 28920.00 
26401.00 28866.00 
26490.00 28830.00 
26564.00 28767.00 
26708.00 28738.00 
26729.00 28680.00 
26848.00 28650.00 
26898.00 28597.00 
26929.00 28524.00 
26989.00 28474.00 
27067.00 28434.00 
27139.00 28386.00 
27150.00 28307.00 
27253.00 28269.00 
27328.00 28227.00 
27386.00 28184.00 
27472.00 28142.00 
27530.00 28004.00 
27613.00 27968.00 
27664.00 27922.00 
27716.00 27849.00 
27767.00 27801.00 
27845.00 27784.00 
27878.00 27699.00 
27893.00 27602.00 
28006.00 27600.00 
28106.00 27499.00 
28143.00 27415.00 
28226.00 27286.00 
28274.00 27212.00 
28347.00 27178.00 
28382.00 27098.00 
28436.00 27022.00 
28495.00 26987.00 
28503.00 26861.00 
28577.00 26837.00 
28606.00 26738.00 
28657.00 26667.00 
28687.00 26569.00 
28738.00 26487.00 
28827.00 26476.00 
28851.00 26409.00 
28890.00 26253.00 
28942.00 26203.00 
28996.00 26139.00 
29084.00 25941.00 
29138.00 25836.00 
29182.00 25752.00 
29217.00 25616.00 
29265.00 25501.00 
29343.00 25430.00 
29370.00 25256.00 
29414.00 25111.00 
29469.00 25015.00 
29492.00 24947.00 
29501.00 24889.00 
29532.00 24874.00 
29557.00 24845.00 
25493.00 29303.00 
25608.00 29275.00 
25679.00 29242.00 
25800.00 29204.00 
25938.00 29152.00 
25958.00 29101.00 
26146.00 29080.00 
26196.00 29033.00 
26305.00 29001.00 
26371.00 28956.00 
26447.00 28906.00 
26547.00 28891.00 
26613.00 28841.00 
26648.00 28788.00 
26756.00 28773.00 
26814.00 28717.00 
26863.00 28666.00 
26913.00 28625.00 
26987.00 28590.00 
27030.00 28544.00 
27087.00 28500.00 
27125.00 28443.00 
27220.00 28423.00 
27265.00 28383.00 
27290.00 28311.00 
27366.00 28278.00 
27391.00 28223.00 
27439.00 28173.00 
27509.00 28148.00 
27563.00 28103.00 
27606.00 28057.00 
27644.00 27995.00 
27689.00 27956.00 
27751.00 27911.00 
27774.00 27842.00 
27819.00 27788.00 
27882.00 27750.00 
27934.00 27743.00 
27970.00 27679.00 
27995.00 27586.00 
28073.00 27572.00 
28116.00 27525.00 
28151.00 27451.00 
28206.00 27432.00 
28242.00 27337.00 
28281.00 27294.00 
28344.00 27257.00 
28375.00 27184.00 
28414.00 27107.00 
28436.00 27029.00 
28515.00 26997.00 
28518.00 26898.00 
28575.00 26886.00 
28615.00 26779.00 
28659.00 26726.00 
28685.00 26627.00 
28737.00 26549.00 
28769.00 26445.00 
28806.00 26376.00 
28856.00 26308.00 
28893.00 26190.00 
28933.00 26103.00 
28991.00 26025.00 
29011.00 25843.00 
29066.00 25803.00 
29110.00 25666.00 
29151.00 25594.00 
29193.00 25493.00 
29207.00 25368.00 
25954.00 29011.00 
25961.00 29003.00 
26056.00 28957.00 
26208.00 28924.00 
26261.00 28881.00 
26376.00 28839.00 
26408.00 28793.00 
26548.00 28775.00 
26655.00 28678.00 
26694.00 28625.00 
26776.00 28588.00 
26915.00 28564.00 
26922.00 28514.00 
26995.00 28475.00 
27113.00 28455.00 
27194.00 28430.00 
27221.00 28378.00 
27285.00 28328.00 
27304.00 28284.00 
27371.00 28246.00 
27423.00 28205.00 
27470.00 28168.00 
27533.00 28130.00 
27600.00 28101.00 
27649.00 28056.00 
27662.00 27989.00 
27712.00 27950.00 
27767.00 27901.00 
27811.00 27877.00 
27835.00 27808.00 
27886.00 27758.00 
27900.00 27690.00 
27938.00 27640.00 
28004.00 27618.00 
28049.00 27567.00 
28082.00 27511.00 
28128.00 27466.00 
28174.00 27418.00 
28249.00 27403.00 
28250.00 27307.00 
28304.00 27274.00 
28351.00 27242.00 
28389.00 27181.00 
28445.00 27135.00 
28471.00 27067.00 
28503.00 27008.00 
28537.00 26934.00 
28595.00 26903.00 
28623.00 26829.00 
28667.00 26776.00 
28713.00 26732.00 
28762.00 26673.00 
28800.00 26619.00 
28861.00 26593.00 
28896.00 26490.00 
28935.00 26430.00 
28962.00 26370.00 
29007.00 26283.00 
29028.00 26176.00 
29075.00 26111.00 
29103.00 26020.00 
29140.00 25903.00 
29200.00 25862.00 
29228.00 25818.00 
29266.00 25628.00 
29318.00 25554.00 
29356.00 25467.00 
29403.00 25333.00 
29405.00 25329.00 
29437.00 25197.00 
29449.00 25194.00 
25810.00 29149.00 
25898.00 29120.00 
25973.00 29082.00 
26152.00 29039.00 
26248.00 29010.00 
26320.00 28958.00 
26326.00 28902.00 
26435.00 28861.00 
26497.00 28813.00 
26581.00 28773.00 
26603.00 28717.00 
26709.00 28677.00 
26734.00 28623.00 
26833.00 28595.00 
26910.00 28554.00 
26971.00 28498.00 
27014.00 28454.00 
27091.00 28419.00 
27186.00 28404.00 
27309.00 28302.00 
27424.00 28216.00 
27426.00 28141.00 
27461.00 28086.00 
27492.00 28023.00 
27530.00 27969.00 
27619.00 27960.00 
27663.00 27909.00 
27728.00 27866.00 
27778.00 27823.00 
27810.00 27754.00 
27855.00 27704.00 
27909.00 27661.00 
27942.00 27595.00 
27981.00 27541.00 
28069.00 27536.00 
28086.00 27439.00 
28131.00 27399.00 
28174.00 27331.00 
28217.00 27272.00 
28260.00 27219.00 
28329.00 27179.00 
28350.00 27111.00 
28416.00 27088.00 
28468.00 27031.00 
28490.00 26930.00 
28548.00 26898.00 
28584.00 26816.00 
28635.00 26776.00 
28668.00 26694.00 
28728.00 26673.00 
28750.00 26550.00 
28809.00 26535.00 
28848.00 26487.00 
28926.00 26430.00 
28941.00 26296.00 
28979.00 26221.00 
29010.00 26170.00 
29066.00 26048.00 
29085.00 25920.00 
29118.00 25828.00 
29154.00 25672.00 
29213.00 25641.00 
29254.00 25488.00 
29301.00 25416.00 
29341.00 25262.00 
29376.00 25185.00 
29389.00 25177.00 
