16215.00 16752.00 16885.00 16512.00 
16216.00 16739.00 16967.00 16600.00 
16223.00 16667.00 16926.00 16666.00 
16233.00 16732.00 16632.00 16632.00 
16254.00 16728.00 16963.00 16545.00 
16310.00 16462.00 16971.00 16572.00 
16335.00 16670.00 17020.00 16520.00 
16391.00 16494.00 16604.00 16684.00 
16437.00 16554.00 17028.00 16557.00 
16459.00 16876.00 16665.00 16617.00 
16470.00 16461.00 16695.00 16615.00 
16477.00 16641.00 16921.00 16561.00 
16536.00 16799.00 16781.00 16514.00 
16592.00 16631.00 16907.00 16403.00 
15262.00 16541.00 16754.00 15976.00 
15364.00 16686.00 16620.00 16007.00 
15399.00 16631.00 16633.00 16354.00 
15411.00 16664.00 16663.00 15929.00 
15528.00 16708.00 16572.00 15965.00 
15553.00 16714.00 16427.00 16364.00 
15589.00 16697.00 16600.00 16350.00 
15659.00 16628.00 16570.00 16387.00 
15725.00 16647.00 16396.00 16025.00 
15774.00 16471.00 16593.00 16416.00 
16230.00 17119.00 16563.00 16135.00 
16230.00 17166.00 16428.00 16266.00 
16254.00 17152.00 16486.00 16177.00 
16256.00 17056.00 16625.00 16010.00 
16269.00 17112.00 16593.00 16239.00 
16275.00 17143.00 16444.00 16220.00 
16306.00 17016.00 16610.00 16279.00 
16326.00 16965.00 16668.00 16181.00 
16419.00 17064.00 16567.00 16070.00 
16462.00 17041.00 16579.00 16287.00 
16468.00 16886.00 16410.00 16247.00 
16476.00 16892.00 16471.00 16173.00 
16519.00 16977.00 16535.00 15977.00 
16544.00 16805.00 16487.00 16150.00 
16683.00 16853.00 16606.00 16090.00 
16687.00 16765.00 16596.00 16057.00 
16724.00 16802.00 16502.00 15956.00 
16068.00 16410.00 16264.00 15842.00 
16236.00 16076.00 16418.00 15864.00 
16285.00 16428.00 16284.00 15701.00 
16344.00 16177.00 16516.00 15746.00 
16346.00 16186.00 16357.00 15750.00 
16378.00 16296.00 16197.00 15807.00 
16380.00 16203.00 16391.00 15626.00 
16397.00 16096.00 16323.00 15716.00 
16259.00 16780.00 16639.00 16357.00 
16280.00 16911.00 16628.00 16363.00 
16363.00 16885.00 16540.00 16491.00 
16372.00 16638.00 16629.00 16486.00 
16401.00 16862.00 16709.00 16232.00 
16412.00 16689.00 16600.00 16561.00 
16483.00 16745.00 16182.00 16442.00 
16489.00 16727.00 16329.00 16575.00 
16518.00 16967.00 16537.00 16402.00 
16527.00 16935.00 16552.00 16127.00 
16531.00 16994.00 16536.00 16259.00 
16554.00 16867.00 16601.00 16080.00 
16557.00 16885.00 16375.00 16357.00 
16559.00 16680.00 16460.00 16329.00 
16616.00 16804.00 16254.00 16379.00 
16687.00 16786.00 16186.00 16394.00 
16688.00 16751.00 16240.00 16263.00 
15470.00 15786.00 15646.00 16282.00 
15594.00 16079.00 16009.00 16000.00 
15737.00 16151.00 16007.00 16046.00 
15781.00 15935.00 15921.00 16179.00 
15795.00 16194.00 15958.00 15994.00 
15819.00 16079.00 15969.00 16074.00 
15833.00 16234.00 15918.00 15963.00 
15886.00 16103.00 15944.00 16077.00 
16791.00 16965.00 16901.00 15937.00 
16812.00 16924.00 16905.00 15918.00 
16840.00 16978.00 16897.00 15907.00 
16884.00 17031.00 16854.00 16058.00 
16913.00 16820.00 16889.00 15995.00 
16938.00 17058.00 16786.00 16073.00 
16952.00 17000.00 16829.00 16104.00 
16967.00 16899.00 16844.00 15906.00 
16967.00 17060.00 16706.00 15880.00 
16969.00 16896.00 16857.00 16058.00 
16985.00 16995.00 16831.00 16035.00 
16997.00 17016.00 16759.00 15934.00 
17034.00 16804.00 16772.00 16032.00 
17040.00 17014.00 16843.00 15988.00 
17043.00 16923.00 16781.00 16029.00 
17055.00 16917.00 16786.00 16000.00 
17062.00 16976.00 16749.00 15965.00 
17065.00 16893.00 16738.00 16069.00 
17071.00 16862.00 16741.00 16024.00 
17075.00 16926.00 16792.00 15966.00 
17101.00 16957.00 16729.00 15969.00 
16352.00 16982.00 17146.00 16666.00 
16405.00 16751.00 17141.00 16856.00 
16428.00 16772.00 17212.00 16743.00 
16474.00 16995.00 17192.00 16586.00 
16486.00 17132.00 17043.00 16309.00 
16513.00 16707.00 17229.00 16655.00 
16538.00 16977.00 17171.00 16597.00 
16546.00 17120.00 17169.00 16337.00 
16596.00 16690.00 17202.00 16559.00 
16650.00 16996.00 17193.00 16449.00 
16656.00 17124.00 17046.00 16326.00 
16713.00 17134.00 17008.00 16285.00 
16730.00 16779.00 17006.00 16666.00 
16735.00 17123.00 16958.00 16441.00 
16760.00 16942.00 17061.00 16546.00 
16811.00 17096.00 17069.00 16421.00 
16828.00 16920.00 17006.00 16497.00 
16829.00 17216.00 16823.00 16248.00 
16855.00 17147.00 16770.00 16208.00 
16859.00 17135.00 16687.00 16218.00 
16878.00 17096.00 16646.00 16259.00 
16882.00 16923.00 16972.00 16321.00 
16263.00 16791.00 16837.00 16496.00 
16281.00 16753.00 16838.00 16550.00 
16353.00 16730.00 16862.00 16554.00 
16386.00 16927.00 16581.00 16437.00 
16395.00 16905.00 16596.00 16483.00 
16399.00 16957.00 16554.00 16351.00 
16402.00 16899.00 16800.00 16517.00 
16474.00 16810.00 16797.00 16325.00 
16489.00 16852.00 16716.00 16462.00 
16491.00 16813.00 16793.00 16326.00 
16499.00 16785.00 16599.00 16460.00 
16548.00 16639.00 16781.00 16349.00 
16562.00 16750.00 16775.00 16363.00 
16061.00 16755.00 16329.00 16674.00 
16126.00 16445.00 16378.00 16669.00 
16140.00 16849.00 16430.00 16449.00 
16151.00 16565.00 16788.00 16498.00 
16183.00 16556.00 16724.00 16511.00 
16418.00 16882.00 16803.00 16051.00 
16443.00 16829.00 16743.00 15756.00 
16446.00 16831.00 16396.00 16488.00 
16513.00 16945.00 16721.00 16111.00 
16523.00 16499.00 16745.00 16333.00 
16591.00 16836.00 16455.00 16290.00 
16602.00 16936.00 16321.00 15794.00 
16622.00 16905.00 16539.00 15749.00 
16626.00 16849.00 16433.00 16271.00 
16647.00 16551.00 16760.00 16157.00 
16650.00 16799.00 16644.00 15798.00 
16864.00 16331.00 16337.00 16006.00 
16032.00 16813.00 16420.00 16571.00 
16042.00 16832.00 16569.00 16433.00 
16049.00 16618.00 16444.00 16539.00 
16074.00 16827.00 16647.00 16394.00 
16091.00 16753.00 16442.00 16562.00 
16092.00 16845.00 16495.00 16521.00 
16116.00 16813.00 16408.00 16580.00 
16189.00 16761.00 16348.00 16660.00 
16191.00 16860.00 16337.00 16570.00 
16197.00 16690.00 16636.00 16413.00 
16211.00 16867.00 16326.00 16547.00 
16227.00 16658.00 16487.00 16397.00 
16265.00 16713.00 16408.00 16599.00 
16333.00 16722.00 16398.00 16555.00 
16416.00 16682.00 16417.00 16438.00 
15849.00 16172.00 16606.00 16011.00 
15957.00 16252.00 16476.00 16245.00 
15964.00 16211.00 16452.00 16339.00 
15976.00 16131.00 16604.00 16177.00 
16027.00 16208.00 16538.00 16244.00 
16093.00 15932.00 16188.00 16369.00 
16244.00 16171.00 16540.00 16252.00 
16253.00 16026.00 16526.00 16166.00 
16256.00 16248.00 16191.00 16055.00 
16269.00 16288.00 16393.00 16008.00 
16316.00 16222.00 16344.00 16041.00 
16002.00 16651.00 16968.00 16598.00 
16036.00 16737.00 16884.00 16415.00 
16048.00 16677.00 16574.00 16621.00 
16075.00 16571.00 16896.00 16661.00 
16081.00 16661.00 16842.00 16646.00 
16083.00 16563.00 16912.00 16666.00 
16083.00 16774.00 16887.00 16315.00 
16098.00 16656.00 16719.00 16673.00 
16099.00 16659.00 16950.00 16608.00 
16112.00 16665.00 17085.00 16474.00 
16125.00 16627.00 17001.00 16558.00 
16164.00 16730.00 16939.00 16505.00 
16188.00 16574.00 16877.00 16624.00 
16191.00 16694.00 16653.00 16564.00 
16230.00 16613.00 16845.00 16621.00 
16260.00 16756.00 16970.00 16359.00 
16277.00 16736.00 16971.00 16379.00 
15780.00 16529.00 15960.00 15943.00 
15802.00 16516.00 16012.00 16051.00 
15937.00 16702.00 15876.00 15899.00 
15996.00 16702.00 16016.00 15878.00 
16000.00 16692.00 15947.00 15940.00 
16193.00 16666.00 16095.00 15788.00 
16223.00 16655.00 16115.00 15870.00 
16225.00 16683.00 16058.00 15826.00 
16228.00 16618.00 16092.00 15819.00 
16237.00 16463.00 16093.00 16008.00 
16340.00 16474.00 16128.00 15878.00 
16573.00 16511.00 16930.00 16450.00 
16625.00 16704.00 16819.00 16268.00 
16680.00 16613.00 16871.00 16439.00 
16706.00 16606.00 16819.00 16439.00 
16712.00 16696.00 16829.00 16313.00 
16713.00 16677.00 16858.00 16322.00 
16727.00 16671.00 16984.00 16364.00 
16751.00 16566.00 16790.00 16368.00 
16789.00 16544.00 16720.00 16307.00 
16796.00 16506.00 16780.00 16320.00 
16796.00 16666.00 16771.00 16261.00 
16798.00 16597.00 16841.00 16205.00 
16799.00 16639.00 16802.00 16265.00 
16821.00 16546.00 16752.00 16243.00 
16021.00 16678.00 16407.00 16313.00 
16096.00 16804.00 16460.00 16286.00 
16113.00 16765.00 16468.00 16272.00 
16152.00 16775.00 16484.00 16241.00 
16180.00 16712.00 16288.00 16388.00 
16186.00 16708.00 16478.00 16212.00 
16201.00 16714.00 16273.00 16449.00 
16218.00 16929.00 16370.00 16107.00 
16228.00 16789.00 16406.00 16326.00 
16243.00 16922.00 16436.00 16113.00 
16251.00 16761.00 16150.00 16447.00 
16289.00 16864.00 16454.00 16283.00 
16316.00 16796.00 16351.00 16377.00 
16335.00 16940.00 16171.00 16369.00 
16337.00 16879.00 16239.00 16301.00 
16341.00 16952.00 16435.00 16099.00 
16343.00 16873.00 16135.00 16438.00 
16761.00 16683.00 16940.00 15978.00 
16776.00 16709.00 16908.00 16067.00 
16798.00 16614.00 16881.00 16084.00 
16879.00 16766.00 16804.00 16111.00 
16889.00 16748.00 16883.00 16056.00 
16897.00 16586.00 16898.00 16149.00 
16917.00 16708.00 16898.00 16080.00 
16949.00 16737.00 16811.00 16084.00 
16958.00 16828.00 16833.00 16022.00 
16971.00 16695.00 16741.00 16091.00 
16973.00 16668.00 16733.00 16164.00 
16974.00 16632.00 16876.00 16017.00 
16984.00 16821.00 16753.00 16065.00 
17041.00 16840.00 16685.00 16007.00 
17049.00 16694.00 16833.00 15832.00 
15600.00 16553.00 17088.00 16293.00 
15606.00 16509.00 16883.00 16399.00 
15639.00 16580.00 16974.00 16382.00 
15664.00 16580.00 17040.00 16280.00 
15719.00 16562.00 16910.00 16377.00 
15739.00 16582.00 16911.00 16335.00 
15754.00 16621.00 17034.00 16304.00 
15763.00 16616.00 16894.00 16220.00 
15764.00 16596.00 16702.00 16368.00 
15766.00 16438.00 16908.00 16273.00 
15910.00 16670.00 16941.00 16043.00 
15908.00 16841.00 16787.00 16381.00 
15946.00 16864.00 16691.00 16392.00 
15951.00 16855.00 16842.00 16328.00 
15956.00 16838.00 16808.00 16433.00 
15959.00 16772.00 16797.00 16401.00 
16003.00 16844.00 16672.00 16358.00 
16023.00 16821.00 16670.00 16367.00 
16028.00 16800.00 16698.00 16454.00 
16033.00 16800.00 16770.00 16404.00 
16045.00 16738.00 16794.00 16356.00 
16061.00 16810.00 16725.00 16449.00 
16092.00 16653.00 16815.00 16428.00 
16094.00 16762.00 16745.00 16453.00 
16260.00 16596.00 16861.00 16323.00 
16304.00 16590.00 16730.00 16605.00 
16315.00 16713.00 16656.00 16486.00 
16350.00 16689.00 16816.00 16559.00 
16372.00 16698.00 16845.00 16344.00 
16397.00 16641.00 16713.00 16599.00 
16410.00 16654.00 16877.00 16290.00 
16458.00 16730.00 16578.00 16500.00 
16492.00 16630.00 16876.00 16258.00 
16532.00 16505.00 16536.00 16554.00 
16571.00 16382.00 16710.00 16390.00 
16609.00 16627.00 16489.00 16391.00 
16638.00 16589.00 16398.00 16361.00 
16673.00 16735.00 16522.00 16104.00 
16692.00 16583.00 16598.00 16398.00 
16707.00 16433.00 16650.00 16406.00 
