8523.00 9798.00 
8629.00 9775.00 
8682.00 9774.00 
8713.00 9765.00 
8727.00 9737.00 
8732.00 9730.00 
8757.00 9716.00 
8806.00 9711.00 
8811.00 9704.00 
8813.00 9689.00 
8827.00 9686.00 
8864.00 9672.00 
8881.00 9640.00 
8892.00 9631.00 
8932.00 9622.00 
8936.00 9614.00 
8958.00 9600.00 
8989.00 9580.00 
9011.00 9571.00 
9017.00 9540.00 
9036.00 9539.00 
9040.00 9529.00 
9058.00 9525.00 
9068.00 9517.00 
9075.00 9511.00 
9098.00 9487.00 
9109.00 9484.00 
9122.00 9472.00 
9139.00 9441.00 
9144.00 9432.00 
9153.00 9421.00 
9164.00 9420.00 
9169.00 9409.00 
9180.00 9403.00 
9189.00 9399.00 
9204.00 9372.00 
9228.00 9355.00 
9229.00 9341.00 
9241.00 9336.00 
9252.00 9331.00 
9278.00 9315.00 
9284.00 9310.00 
9287.00 9272.00 
9303.00 9267.00 
9306.00 9263.00 
9318.00 9258.00 
9324.00 9241.00 
9329.00 9225.00 
9342.00 9218.00 
9356.00 9193.00 
9361.00 9186.00 
9370.00 9171.00 
9372.00 9159.00 
9384.00 9153.00 
9391.00 9138.00 
9397.00 9130.00 
9415.00 9118.00 
9416.00 9112.00 
9431.00 9094.00 
9432.00 9087.00 
9446.00 9060.00 
9453.00 9045.00 
9480.00 9041.00 
9503.00 9007.00 
9504.00 8969.00 
9534.00 8962.00 
9547.00 8878.00 
9574.00 8860.00 
9585.00 8851.00 
9590.00 8835.00 
9604.00 8760.00 
8791.00 9688.00 
8797.00 9685.00 
8822.00 9657.00 
8857.00 9646.00 
8889.00 9615.00 
8926.00 9599.00 
8942.00 9593.00 
8976.00 9569.00 
8990.00 9559.00 
9012.00 9555.00 
9026.00 9551.00 
9030.00 9524.00 
9044.00 9520.00 
9067.00 9494.00 
9071.00 9492.00 
9076.00 9484.00 
9095.00 9476.00 
9111.00 9467.00 
9112.00 9444.00 
9124.00 9437.00 
9140.00 9431.00 
9145.00 9424.00 
9162.00 9416.00 
9163.00 9399.00 
9182.00 9388.00 
9188.00 9383.00 
9202.00 9365.00 
9217.00 9355.00 
9230.00 9340.00 
9255.00 9334.00 
9263.00 9327.00 
9275.00 9308.00 
9289.00 9295.00 
9296.00 9291.00 
9299.00 9276.00 
9309.00 9272.00 
9315.00 9261.00 
9322.00 9253.00 
9327.00 9246.00 
9342.00 9224.00 
9352.00 9209.00 
9359.00 9198.00 
9372.00 9186.00 
9378.00 9169.00 
9384.00 9161.00 
9390.00 9150.00 
9405.00 9138.00 
9409.00 9124.00 
9423.00 9116.00 
9435.00 9097.00 
9445.00 9086.00 
9454.00 9085.00 
9460.00 9065.00 
9463.00 9052.00 
9467.00 9049.00 
9470.00 9037.00 
9474.00 9031.00 
9491.00 9021.00 
9497.00 8984.00 
9517.00 8975.00 
9528.00 8930.00 
9553.00 8915.00 
9556.00 8849.00 
9561.00 8835.00 
9583.00 8768.00 
9587.00 8751.00 
9602.00 8708.00 
8545.00 9822.00 
8572.00 9810.00 
8648.00 9796.00 
8658.00 9782.00 
8664.00 9777.00 
8674.00 9771.00 
8696.00 9761.00 
8699.00 9757.00 
8708.00 9744.00 
8752.00 9741.00 
8765.00 9734.00 
8770.00 9722.00 
8794.00 9719.00 
8847.00 9695.00 
8878.00 9678.00 
8896.00 9659.00 
8901.00 9653.00 
8905.00 9642.00 
8918.00 9640.00 
8919.00 9638.00 
8935.00 9625.00 
8937.00 9619.00 
8950.00 9617.00 
8951.00 9604.00 
8953.00 9602.00 
8956.00 9599.00 
8964.00 9595.00 
8973.00 9590.00 
8986.00 9586.00 
9002.00 9583.00 
9004.00 9573.00 
9018.00 9559.00 
9020.00 9552.00 
9026.00 9548.00 
9041.00 9544.00 
9057.00 9527.00 
9058.00 9525.00 
9067.00 9511.00 
9085.00 9499.00 
9088.00 9491.00 
9093.00 9489.00 
9101.00 9474.00 
9120.00 9469.00 
9121.00 9444.00 
9130.00 9441.00 
9148.00 9440.00 
9170.00 9425.00 
9172.00 9400.00 
9183.00 9394.00 
9206.00 9388.00 
9207.00 9380.00 
9213.00 9360.00 
9214.00 9343.00 
9219.00 9339.00 
9234.00 9332.00 
9239.00 9329.00 
9246.00 9320.00 
9269.00 9302.00 
9272.00 9295.00 
9285.00 9275.00 
9304.00 9265.00 
9309.00 9245.00 
9344.00 9236.00 
9345.00 9198.00 
9349.00 9140.00 
8587.00 9807.00 
8588.00 9796.00 
8647.00 9786.00 
8656.00 9780.00 
8680.00 9768.00 
8706.00 9765.00 
8716.00 9759.00 
8717.00 9748.00 
8736.00 9731.00 
8745.00 9729.00 
8746.00 9725.00 
8755.00 9723.00 
8782.00 9711.00 
8805.00 9701.00 
8819.00 9689.00 
8842.00 9679.00 
8852.00 9673.00 
8857.00 9663.00 
8872.00 9653.00 
8882.00 9641.00 
8889.00 9640.00 
8904.00 9622.00 
8906.00 9616.00 
8910.00 9614.00 
8931.00 9607.00 
8945.00 9603.00 
8971.00 9594.00 
8972.00 9573.00 
8985.00 9570.00 
9001.00 9568.00 
9003.00 9562.00 
9008.00 9559.00 
9013.00 9552.00 
9030.00 9545.00 
9033.00 9528.00 
9043.00 9518.00 
9056.00 9516.00 
9070.00 9508.00 
9080.00 9491.00 
9095.00 9481.00 
9100.00 9462.00 
9112.00 9459.00 
9125.00 9452.00 
9133.00 9440.00 
9134.00 9431.00 
9144.00 9426.00 
9151.00 9424.00 
9152.00 9417.00 
9173.00 9412.00 
9199.00 9397.00 
9208.00 9373.00 
9212.00 9360.00 
9235.00 9348.00 
9249.00 9343.00 
9273.00 9311.00 
9294.00 9274.00 
9302.00 9265.00 
9312.00 9257.00 
9322.00 9237.00 
9336.00 9223.00 
9343.00 9180.00 
9346.00 9164.00 
9396.00 9149.00 
8686.00 9732.00 
8693.00 9707.00 
8720.00 9702.00 
8771.00 9694.00 
8780.00 9666.00 
8784.00 9662.00 
8793.00 9646.00 
8799.00 9638.00 
8843.00 9636.00 
8866.00 9627.00 
8870.00 9620.00 
8879.00 9617.00 
8901.00 9607.00 
8911.00 9601.00 
8927.00 9583.00 
8943.00 9571.00 
8951.00 9563.00 
8956.00 9559.00 
8981.00 9542.00 
8987.00 9539.00 
8992.00 9538.00 
8998.00 9530.00 
9015.00 9515.00 
9023.00 9513.00 
9030.00 9510.00 
9041.00 9498.00 
9061.00 9486.00 
9088.00 9476.00 
9112.00 9453.00 
9131.00 9433.00 
9150.00 9412.00 
9155.00 9405.00 
9170.00 9391.00 
9172.00 9376.00 
9183.00 9374.00 
9223.00 9351.00 
9231.00 9343.00 
9250.00 9317.00 
9267.00 9314.00 
9280.00 9292.00 
9291.00 9270.00 
9326.00 9251.00 
9337.00 9229.00 
9350.00 9207.00 
9366.00 9195.00 
9374.00 9186.00 
9390.00 9157.00 
9407.00 9148.00 
9417.00 9125.00 
9437.00 9117.00 
9438.00 9090.00 
9443.00 9083.00 
9448.00 9073.00 
9451.00 9068.00 
9464.00 9064.00 
9469.00 9042.00 
9488.00 9030.00 
9490.00 9010.00 
9503.00 9008.00 
9505.00 8989.00 
9530.00 8976.00 
9547.00 8945.00 
9556.00 8934.00 
9557.00 8854.00 
9569.00 8823.00 
8651.00 9741.00 
8698.00 9726.00 
8768.00 9717.00 
8781.00 9699.00 
8818.00 9697.00 
8857.00 9664.00 
8863.00 9655.00 
8869.00 9651.00 
8877.00 9649.00 
8892.00 9631.00 
8900.00 9629.00 
8917.00 9627.00 
8926.00 9613.00 
8928.00 9606.00 
8946.00 9604.00 
8959.00 9594.00 
8974.00 9568.00 
8986.00 9560.00 
9006.00 9550.00 
9034.00 9543.00 
9063.00 9525.00 
9069.00 9498.00 
9078.00 9494.00 
9095.00 9486.00 
9115.00 9478.00 
9118.00 9468.00 
9123.00 9440.00 
9132.00 9433.00 
9158.00 9430.00 
9162.00 9409.00 
9189.00 9405.00 
9206.00 9382.00 
9222.00 9365.00 
9244.00 9340.00 
9253.00 9315.00 
9266.00 9302.00 
9287.00 9299.00 
9304.00 9260.00 
9324.00 9252.00 
9336.00 9228.00 
9354.00 9224.00 
9359.00 9186.00 
9390.00 9179.00 
9391.00 9148.00 
9407.00 9147.00 
9419.00 9124.00 
9427.00 9090.00 
9443.00 9068.00 
9446.00 9063.00 
9458.00 9061.00 
9462.00 9054.00 
9467.00 9023.00 
9482.00 9018.00 
9487.00 8996.00 
9493.00 8987.00 
9496.00 8968.00 
9502.00 8956.00 
9511.00 8942.00 
9538.00 8880.00 
9558.00 8869.00 
8706.00 9751.00 
8715.00 9732.00 
8782.00 9720.00 
8813.00 9703.00 
8819.00 9694.00 
8824.00 9688.00 
8862.00 9676.00 
8863.00 9657.00 
8873.00 9648.00 
8878.00 9645.00 
8885.00 9643.00 
8890.00 9635.00 
8910.00 9627.00 
8912.00 9622.00 
8920.00 9612.00 
8950.00 9609.00 
8954.00 9591.00 
8975.00 9584.00 
8997.00 9570.00 
9000.00 9555.00 
9003.00 9551.00 
9010.00 9546.00 
9011.00 9542.00 
9026.00 9533.00 
9037.00 9530.00 
9045.00 9521.00 
9062.00 9516.00 
9065.00 9505.00 
9074.00 9496.00 
9078.00 9481.00 
9106.00 9480.00 
9121.00 9464.00 
9132.00 9442.00 
9133.00 9430.00 
9144.00 9423.00 
9156.00 9412.00 
9172.00 9405.00 
9186.00 9402.00 
9199.00 9387.00 
9205.00 9372.00 
9211.00 9358.00 
9223.00 9357.00 
9229.00 9343.00 
9230.00 9339.00 
9235.00 9337.00 
9247.00 9333.00 
9254.00 9315.00 
9273.00 9309.00 
9287.00 9292.00 
9298.00 9270.00 
9299.00 9255.00 
9310.00 9251.00 
9318.00 9250.00 
9325.00 9247.00 
9337.00 9244.00 
9346.00 9211.00 
9356.00 9202.00 
9378.00 9169.00 
9382.00 9147.00 
9386.00 9145.00 
9390.00 9141.00 
9417.00 9130.00 
9442.00 9010.00 
8912.00 9603.00 
8955.00 9569.00 
8966.00 9554.00 
8984.00 9553.00 
9007.00 9529.00 
9026.00 9503.00 
9068.00 9491.00 
9079.00 9476.00 
9103.00 9453.00 
9114.00 9438.00 
9116.00 9437.00 
9126.00 9427.00 
9146.00 9415.00 
9162.00 9412.00 
9173.00 9394.00 
9183.00 9381.00 
9208.00 9366.00 
9219.00 9352.00 
9220.00 9343.00 
9232.00 9330.00 
9249.00 9323.00 
9252.00 9311.00 
9273.00 9307.00 
9280.00 9267.00 
9284.00 9266.00 
9295.00 9265.00 
9301.00 9257.00 
9313.00 9256.00 
9322.00 9241.00 
9324.00 9225.00 
9338.00 9221.00 
9349.00 9213.00 
9358.00 9203.00 
9386.00 9187.00 
9387.00 9160.00 
9396.00 9155.00 
9403.00 9130.00 
9407.00 9124.00 
9423.00 9121.00 
9432.00 9094.00 
9448.00 9077.00 
9462.00 9055.00 
9466.00 9026.00 
9470.00 9014.00 
9472.00 9009.00 
9495.00 9005.00 
9499.00 9000.00 
9516.00 8959.00 
9522.00 8929.00 
9563.00 8894.00 
9578.00 8839.00 
9581.00 8727.00 
8814.00 9641.00 
8865.00 9634.00 
8935.00 9611.00 
8946.00 9596.00 
8968.00 9563.00 
8976.00 9562.00 
8979.00 9548.00 
9002.00 9544.00 
9030.00 9542.00 
9060.00 9508.00 
9062.00 9495.00 
9073.00 9485.00 
9123.00 9470.00 
9141.00 9451.00 
9142.00 9424.00 
9152.00 9421.00 
9167.00 9409.00 
9174.00 9403.00 
9175.00 9389.00 
9187.00 9382.00 
9201.00 9371.00 
9215.00 9365.00 
9217.00 9342.00 
9223.00 9333.00 
9227.00 9329.00 
9244.00 9323.00 
9251.00 9317.00 
9260.00 9306.00 
9261.00 9289.00 
9267.00 9288.00 
9278.00 9285.00 
9294.00 9284.00 
9304.00 9262.00 
9309.00 9260.00 
9318.00 9252.00 
9320.00 9242.00 
9327.00 9239.00 
9342.00 9236.00 
9343.00 9222.00 
9353.00 9197.00 
9360.00 9191.00 
9362.00 9184.00 
9369.00 9180.00 
9385.00 9168.00 
9388.00 9154.00 
9393.00 9133.00 
9409.00 9124.00 
9418.00 9109.00 
9423.00 9105.00 
9432.00 9094.00 
9433.00 9077.00 
9451.00 9068.00 
9452.00 9060.00 
9456.00 9047.00 
9477.00 9040.00 
9481.00 8993.00 
9517.00 8984.00 
9527.00 8948.00 
9531.00 8925.00 
9543.00 8854.00 
9554.00 8800.00 
8688.00 9724.00 
8772.00 9709.00 
8805.00 9693.00 
8816.00 9685.00 
8826.00 9674.00 
8841.00 9663.00 
8843.00 9649.00 
8844.00 9646.00 
8857.00 9645.00 
8876.00 9639.00 
8900.00 9635.00 
8931.00 9615.00 
8955.00 9596.00 
8956.00 9582.00 
8968.00 9576.00 
8971.00 9570.00 
8991.00 9566.00 
9025.00 9549.00 
9026.00 9538.00 
9047.00 9533.00 
9054.00 9512.00 
9079.00 9510.00 
9080.00 9502.00 
9085.00 9477.00 
9101.00 9471.00 
9102.00 9458.00 
9130.00 9456.00 
9137.00 9448.00 
9144.00 9446.00 
9147.00 9420.00 
9180.00 9416.00 
9192.00 9397.00 
9196.00 9391.00 
9214.00 9368.00 
9215.00 9355.00 
9222.00 9347.00 
9232.00 9341.00 
9248.00 9316.00 
9249.00 9307.00 
9257.00 9298.00 
9262.00 9294.00 
9266.00 9290.00 
9277.00 9282.00 
9297.00 9274.00 
9307.00 9257.00 
9332.00 9251.00 
9336.00 9208.00 
9339.00 9205.00 
9353.00 9175.00 
9369.00 9170.00 
9374.00 9151.00 
9393.00 9149.00 
9416.00 9106.00 
9446.00 9095.00 
9458.00 9007.00 
9471.00 9000.00 
9476.00 8942.00 
9492.00 8916.00 
9502.00 8877.00 
9524.00 8815.00 
8541.00 9826.00 
8601.00 9787.00 
8658.00 9761.00 
8705.00 9752.00 
8717.00 9746.00 
8734.00 9743.00 
8757.00 9719.00 
8795.00 9705.00 
8818.00 9689.00 
8829.00 9674.00 
8849.00 9662.00 
8866.00 9655.00 
8894.00 9635.00 
8908.00 9626.00 
8909.00 9624.00 
8922.00 9622.00 
8940.00 9601.00 
8950.00 9587.00 
8960.00 9577.00 
8970.00 9573.00 
9003.00 9563.00 
9017.00 9559.00 
9034.00 9546.00 
9044.00 9528.00 
9058.00 9527.00 
9089.00 9501.00 
9095.00 9482.00 
9100.00 9478.00 
9113.00 9467.00 
9116.00 9457.00 
9124.00 9452.00 
9138.00 9440.00 
9151.00 9439.00 
9160.00 9430.00 
9168.00 9419.00 
9192.00 9396.00 
9193.00 9376.00 
9224.00 9370.00 
9230.00 9352.00 
9231.00 9332.00 
9247.00 9324.00 
9272.00 9314.00 
9306.00 9286.00 
9312.00 9266.00 
9315.00 9249.00 
9325.00 9240.00 
9331.00 9220.00 
9346.00 9207.00 
9375.00 9172.00 
9403.00 9148.00 
9413.00 9129.00 
9422.00 9097.00 
9444.00 9096.00 
9470.00 9070.00 
9491.00 9039.00 
9503.00 8986.00 
9527.00 8974.00 
9532.00 8939.00 
9539.00 8921.00 
9545.00 8861.00 
9571.00 8850.00 
8435.00 9820.00 
8444.00 9807.00 
8514.00 9803.00 
8576.00 9798.00 
8610.00 9791.00 
8612.00 9784.00 
8643.00 9778.00 
8645.00 9771.00 
8679.00 9764.00 
8683.00 9761.00 
8738.00 9749.00 
8752.00 9734.00 
8770.00 9720.00 
8776.00 9707.00 
8793.00 9705.00 
8801.00 9703.00 
8847.00 9695.00 
8849.00 9676.00 
8864.00 9665.00 
8871.00 9661.00 
8886.00 9651.00 
8909.00 9636.00 
8914.00 9633.00 
8940.00 9619.00 
8962.00 9606.00 
8981.00 9580.00 
9007.00 9565.00 
9016.00 9558.00 
9024.00 9552.00 
9038.00 9548.00 
9046.00 9538.00 
9060.00 9534.00 
9076.00 9507.00 
9080.00 9489.00 
9083.00 9487.00 
9096.00 9484.00 
9111.00 9472.00 
9118.00 9463.00 
9140.00 9449.00 
9148.00 9427.00 
9164.00 9413.00 
9176.00 9404.00 
9197.00 9388.00 
9209.00 9382.00 
9219.00 9374.00 
9225.00 9346.00 
9251.00 9335.00 
9253.00 9315.00 
9265.00 9305.00 
9301.00 9301.00 
9313.00 9281.00 
9315.00 9254.00 
9341.00 9250.00 
9372.00 9220.00 
9376.00 9195.00 
9402.00 9157.00 
9407.00 9153.00 
9435.00 9134.00 
9447.00 9006.00 
8706.00 9714.00 
8806.00 9699.00 
8819.00 9674.00 
8825.00 9670.00 
8854.00 9663.00 
8864.00 9634.00 
8881.00 9629.00 
8918.00 9627.00 
8928.00 9614.00 
8937.00 9613.00 
8958.00 9601.00 
8971.00 9581.00 
8976.00 9576.00 
8989.00 9566.00 
8993.00 9563.00 
9022.00 9556.00 
9030.00 9548.00 
9031.00 9524.00 
9049.00 9522.00 
9055.00 9508.00 
9063.00 9504.00 
9081.00 9500.00 
9092.00 9497.00 
9102.00 9484.00 
9112.00 9471.00 
9122.00 9462.00 
9135.00 9454.00 
9143.00 9445.00 
9150.00 9440.00 
9154.00 9427.00 
9162.00 9420.00 
9193.00 9415.00 
9201.00 9388.00 
9216.00 9380.00 
9218.00 9362.00 
9221.00 9359.00 
9235.00 9347.00 
9242.00 9338.00 
9244.00 9334.00 
9250.00 9323.00 
9254.00 9314.00 
9257.00 9306.00 
9261.00 9301.00 
9287.00 9299.00 
9292.00 9276.00 
9294.00 9250.00 
9307.00 9248.00 
9318.00 9234.00 
9334.00 9233.00 
9349.00 9213.00 
9360.00 9209.00 
9389.00 9158.00 
9397.00 9147.00 
9408.00 9107.00 
9428.00 9027.00 
8606.00 9769.00 
8723.00 9752.00 
8762.00 9716.00 
8799.00 9712.00 
8811.00 9711.00 
8819.00 9666.00 
8844.00 9657.00 
8878.00 9651.00 
8879.00 9625.00 
8885.00 9624.00 
8893.00 9623.00 
8924.00 9622.00 
8932.00 9607.00 
8966.00 9593.00 
8978.00 9574.00 
8993.00 9571.00 
9018.00 9555.00 
9033.00 9547.00 
9035.00 9532.00 
9057.00 9519.00 
9060.00 9514.00 
9075.00 9504.00 
9083.00 9483.00 
9086.00 9476.00 
9105.00 9470.00 
9124.00 9469.00 
9129.00 9460.00 
9137.00 9450.00 
9159.00 9415.00 
9173.00 9414.00 
9183.00 9410.00 
9188.00 9401.00 
9189.00 9384.00 
9213.00 9376.00 
9217.00 9363.00 
9227.00 9349.00 
9247.00 9345.00 
9267.00 9328.00 
9283.00 9311.00 
9293.00 9301.00 
9302.00 9284.00 
9311.00 9263.00 
9334.00 9248.00 
9351.00 9225.00 
9361.00 9205.00 
9386.00 9169.00 
9398.00 9151.00 
9406.00 9128.00 
9413.00 9110.00 
9416.00 9106.00 
9432.00 9096.00 
9442.00 9092.00 
9465.00 9067.00 
9472.00 9049.00 
9474.00 9032.00 
9490.00 9014.00 
9492.00 8997.00 
9512.00 8989.00 
9525.00 8956.00 
9534.00 8948.00 
9542.00 8910.00 
9548.00 8904.00 
9566.00 8891.00 
9573.00 8875.00 
9581.00 8815.00 
9595.00 8802.00 
9601.00 8771.00 
9623.00 8756.00 
9627.00 8715.00 
9641.00 8666.00 
8597.00 9731.00 
8674.00 9721.00 
8705.00 9712.00 
8768.00 9708.00 
8810.00 9694.00 
8832.00 9680.00 
8870.00 9661.00 
8882.00 9633.00 
8890.00 9625.00 
8891.00 9616.00 
8918.00 9612.00 
8937.00 9611.00 
8959.00 9597.00 
8966.00 9588.00 
8985.00 9567.00 
9017.00 9566.00 
9046.00 9543.00 
9050.00 9518.00 
9056.00 9512.00 
9081.00 9501.00 
9110.00 9478.00 
9121.00 9463.00 
9145.00 9447.00 
9146.00 9444.00 
9173.00 9426.00 
9188.00 9403.00 
9197.00 9392.00 
9212.00 9384.00 
9226.00 9369.00 
9228.00 9344.00 
9242.00 9343.00 
9247.00 9334.00 
9257.00 9321.00 
9276.00 9304.00 
9282.00 9299.00 
9286.00 9281.00 
9299.00 9269.00 
9316.00 9259.00 
9322.00 9250.00 
9337.00 9235.00 
9350.00 9218.00 
9362.00 9199.00 
9366.00 9189.00 
9372.00 9187.00 
9376.00 9178.00 
9388.00 9168.00 
9395.00 9151.00 
9404.00 9139.00 
9411.00 9122.00 
9416.00 9120.00 
9426.00 9107.00 
9435.00 9101.00 
9446.00 9083.00 
9450.00 9082.00 
9459.00 9039.00 
9466.00 9027.00 
9476.00 9026.00 
9481.00 9014.00 
9492.00 9006.00 
9497.00 8975.00 
9507.00 8952.00 
9521.00 8945.00 
9527.00 8932.00 
9547.00 8903.00 
9567.00 8841.00 
8758.00 9684.00 
8766.00 9664.00 
8826.00 9663.00 
8842.00 9653.00 
8869.00 9635.00 
8910.00 9626.00 
8913.00 9616.00 
8941.00 9606.00 
8982.00 9588.00 
9000.00 9531.00 
9018.00 9523.00 
9048.00 9516.00 
9052.00 9498.00 
9067.00 9488.00 
9087.00 9481.00 
9106.00 9459.00 
9111.00 9437.00 
9122.00 9427.00 
9140.00 9423.00 
9152.00 9417.00 
9174.00 9390.00 
9201.00 9358.00 
9220.00 9345.00 
9227.00 9332.00 
9232.00 9324.00 
9261.00 9313.00 
9263.00 9291.00 
9274.00 9285.00 
9283.00 9280.00 
9290.00 9271.00 
9294.00 9266.00 
9311.00 9252.00 
9319.00 9249.00 
9326.00 9248.00 
9332.00 9224.00 
9349.00 9207.00 
9368.00 9190.00 
9382.00 9185.00 
9385.00 9184.00 
9392.00 9173.00 
9406.00 9151.00 
9408.00 9143.00 
9412.00 9130.00 
9414.00 9117.00 
9422.00 9107.00 
9446.00 9092.00 
9450.00 9090.00 
9457.00 9084.00 
9464.00 9063.00 
9471.00 9057.00 
9473.00 9038.00 
9484.00 9032.00 
9492.00 9024.00 
9495.00 9021.00 
9522.00 8988.00 
9525.00 8983.00 
9542.00 8961.00 
9544.00 8925.00 
9548.00 8908.00 
9561.00 8903.00 
9579.00 8858.00 
9586.00 8831.00 
9593.00 8799.00 
9598.00 8765.00 
9610.00 8764.00 
9620.00 8612.00 
9646.00 8608.00 
8808.00 9667.00 
8873.00 9623.00 
8922.00 9618.00 
8948.00 9592.00 
8962.00 9573.00 
8974.00 9567.00 
8978.00 9551.00 
8996.00 9550.00 
9010.00 9540.00 
9018.00 9528.00 
9022.00 9521.00 
9036.00 9513.00 
9061.00 9499.00 
9068.00 9490.00 
9076.00 9476.00 
9112.00 9465.00 
9114.00 9455.00 
9123.00 9450.00 
9143.00 9443.00 
9147.00 9416.00 
9173.00 9409.00 
9186.00 9397.00 
9205.00 9371.00 
9214.00 9361.00 
9230.00 9353.00 
9249.00 9343.00 
9266.00 9319.00 
9275.00 9295.00 
9284.00 9289.00 
9292.00 9287.00 
9293.00 9267.00 
9319.00 9263.00 
9335.00 9246.00 
9342.00 9221.00 
9351.00 9213.00 
9355.00 9201.00 
9374.00 9191.00 
9389.00 9166.00 
9408.00 9160.00 
9421.00 9131.00 
9428.00 9104.00 
9432.00 9102.00 
9451.00 9077.00 
9453.00 9059.00 
9483.00 9057.00 
9491.00 9020.00 
9493.00 8998.00 
9509.00 8978.00 
9524.00 8974.00 
9525.00 8960.00 
9530.00 8956.00 
9541.00 8926.00 
9546.00 8918.00 
9553.00 8917.00 
9557.00 8899.00 
9569.00 8879.00 
9576.00 8861.00 
9581.00 8852.00 
9590.00 8830.00 
9594.00 8811.00 
9617.00 8777.00 
9619.00 8744.00 
9628.00 8670.00 
8688.00 9740.00 
8783.00 9723.00 
8794.00 9698.00 
8825.00 9684.00 
8849.00 9673.00 
8871.00 9659.00 
8883.00 9646.00 
8908.00 9634.00 
8911.00 9618.00 
8928.00 9612.00 
8952.00 9600.00 
8993.00 9581.00 
9006.00 9556.00 
9007.00 9552.00 
9015.00 9544.00 
9021.00 9533.00 
9034.00 9527.00 
9046.00 9512.00 
9052.00 9494.00 
9072.00 9489.00 
9081.00 9488.00 
9084.00 9471.00 
9105.00 9467.00 
9114.00 9466.00 
9119.00 9455.00 
9132.00 9446.00 
9141.00 9438.00 
9171.00 9419.00 
9190.00 9415.00 
9191.00 9398.00 
9193.00 9392.00 
9215.00 9371.00 
9224.00 9365.00 
9250.00 9349.00 
9253.00 9331.00 
9255.00 9317.00 
9268.00 9316.00 
9270.00 9302.00 
9273.00 9284.00 
9294.00 9283.00 
9310.00 9269.00 
9316.00 9259.00 
9351.00 9241.00 
9362.00 9219.00 
9391.00 9185.00 
9409.00 9162.00 
9416.00 9141.00 
9425.00 9133.00 
9454.00 9099.00 
9456.00 9085.00 
9472.00 9076.00 
9478.00 9055.00 
9481.00 9009.00 
9487.00 9006.00 
9495.00 9005.00 
9503.00 8997.00 
9528.00 8964.00 
9542.00 8941.00 
9553.00 8924.00 
9562.00 8886.00 
8712.00 9716.00 
8735.00 9692.00 
8778.00 9668.00 
8830.00 9644.00 
8860.00 9641.00 
8864.00 9615.00 
8869.00 9604.00 
8880.00 9599.00 
8906.00 9591.00 
8931.00 9583.00 
8939.00 9577.00 
8958.00 9571.00 
8961.00 9546.00 
8970.00 9541.00 
9000.00 9527.00 
9012.00 9524.00 
9017.00 9506.00 
9025.00 9499.00 
9044.00 9492.00 
9062.00 9482.00 
9076.00 9478.00 
9093.00 9467.00 
9104.00 9444.00 
9114.00 9437.00 
9131.00 9410.00 
9147.00 9402.00 
9157.00 9391.00 
9168.00 9387.00 
9195.00 9376.00 
9207.00 9360.00 
9224.00 9355.00 
9235.00 9322.00 
9249.00 9316.00 
9258.00 9310.00 
9278.00 9301.00 
9289.00 9265.00 
9310.00 9263.00 
9311.00 9236.00 
9314.00 9235.00 
9331.00 9227.00 
9342.00 9209.00 
9345.00 9203.00 
9363.00 9189.00 
9371.00 9176.00 
9374.00 9156.00 
9380.00 9141.00 
9409.00 9138.00 
9423.00 9111.00 
9428.00 9099.00 
9435.00 9096.00 
9444.00 9074.00 
9461.00 9049.00 
9468.00 9043.00 
9481.00 9035.00 
9488.00 8996.00 
9524.00 8971.00 
9541.00 8925.00 
9543.00 8882.00 
9555.00 8881.00 
9575.00 8868.00 
9585.00 8845.00 
9586.00 8789.00 
9617.00 8759.00 
9633.00 8620.00 
9666.00 8539.00 
8619.00 9723.00 
8652.00 9716.00 
8741.00 9702.00 
8764.00 9689.00 
8800.00 9681.00 
8813.00 9651.00 
8833.00 9639.00 
8848.00 9638.00 
8865.00 9626.00 
8901.00 9625.00 
8912.00 9590.00 
8916.00 9583.00 
8925.00 9580.00 
8936.00 9574.00 
8971.00 9570.00 
8974.00 9560.00 
9011.00 9557.00 
9027.00 9514.00 
9055.00 9503.00 
9060.00 9492.00 
9063.00 9482.00 
9072.00 9479.00 
9075.00 9470.00 
9114.00 9466.00 
9118.00 9460.00 
9144.00 9436.00 
9145.00 9422.00 
9169.00 9411.00 
9176.00 9401.00 
9184.00 9396.00 
9199.00 9387.00 
9211.00 9363.00 
9227.00 9348.00 
9232.00 9341.00 
9237.00 9330.00 
9268.00 9325.00 
9278.00 9299.00 
9295.00 9289.00 
9310.00 9276.00 
9328.00 9248.00 
9337.00 9242.00 
9338.00 9208.00 
9346.00 9205.00 
9358.00 9203.00 
9366.00 9197.00 
9375.00 9191.00 
9381.00 9176.00 
9386.00 9166.00 
9397.00 9161.00 
9409.00 9140.00 
9419.00 9131.00 
9430.00 9113.00 
9445.00 9106.00 
9452.00 9083.00 
9456.00 9074.00 
9458.00 9070.00 
9461.00 9063.00 
9470.00 9057.00 
9485.00 9050.00 
9492.00 9035.00 
9509.00 9006.00 
9516.00 8979.00 
9523.00 8962.00 
9542.00 8939.00 
9552.00 8936.00 
9558.00 8895.00 
9580.00 8851.00 
9591.00 8826.00 
