26879.00 25587.00 25807.00 
26969.00 25566.00 25732.00 
26986.00 25508.00 25836.00 
27013.00 25633.00 25644.00 
27027.00 25462.00 25788.00 
27038.00 25483.00 25760.00 
27038.00 25557.00 25729.00 
27043.00 25589.00 25663.00 
27046.00 25394.00 25618.00 
27047.00 25568.00 25615.00 
26463.00 26358.00 26423.00 
26524.00 26342.00 26511.00 
26527.00 26297.00 26469.00 
26570.00 26275.00 26521.00 
26630.00 26251.00 26483.00 
26638.00 26242.00 26194.00 
26667.00 26237.00 26524.00 
26669.00 26089.00 26416.00 
26709.00 26073.00 26401.00 
26715.00 26199.00 26337.00 
26725.00 26282.00 26145.00 
26737.00 26010.00 26468.00 
26743.00 26218.00 26308.00 
26779.00 26127.00 26330.00 
26779.00 26128.00 26205.00 
26787.00 26047.00 26362.00 
26800.00 26035.00 26316.00 
26801.00 26120.00 26201.00 
26844.00 25934.00 26327.00 
26850.00 26020.00 26102.00 
26565.00 26016.00 25813.00 
26567.00 26002.00 25801.00 
26643.00 26070.00 25772.00 
26647.00 25986.00 25831.00 
26817.00 26166.00 25763.00 
26835.00 25945.00 25885.00 
26862.00 26213.00 25709.00 
26888.00 26099.00 25610.00 
26889.00 26020.00 25674.00 
26896.00 26027.00 25613.00 
26431.00 25625.00 26152.00 
26489.00 25682.00 26138.00 
26506.00 25670.00 26128.00 
26543.00 25614.00 26136.00 
26548.00 25606.00 26214.00 
26584.00 25646.00 25944.00 
26595.00 25511.00 26229.00 
26607.00 25571.00 26035.00 
26661.00 25627.00 25957.00 
26672.00 25493.00 26385.00 
26717.00 25615.00 25935.00 
26806.00 25500.00 26250.00 
26826.00 25467.00 26089.00 
26867.00 25596.00 26028.00 
26397.00 25550.00 26142.00 
26424.00 25497.00 26152.00 
26589.00 25488.00 26172.00 
26654.00 25385.00 26222.00 
26718.00 25369.00 26188.00 
26733.00 25690.00 26015.00 
26765.00 25643.00 26049.00 
26785.00 25574.00 25839.00 
26806.00 25603.00 25720.00 
26846.00 25593.00 25670.00 
26860.00 25336.00 26157.00 
26865.00 25588.00 25833.00 
26880.00 25267.00 26145.00 
26888.00 25291.00 26059.00 
26897.00 25506.00 26033.00 
26941.00 25323.00 26053.00 
26942.00 25527.00 25925.00 
26953.00 25402.00 26041.00 
26959.00 25476.00 25859.00 
26422.00 25539.00 27033.00 
26467.00 25925.00 26746.00 
26479.00 26008.00 26719.00 
26525.00 25779.00 26932.00 
26562.00 26022.00 26591.00 
26563.00 25585.00 27015.00 
26605.00 25840.00 26900.00 
26606.00 25858.00 26742.00 
26611.00 25731.00 26919.00 
26615.00 25821.00 26784.00 
26639.00 25702.00 26958.00 
26651.00 25600.00 26861.00 
26674.00 25952.00 26725.00 
26676.00 25851.00 26769.00 
26677.00 25682.00 26853.00 
26731.00 25871.00 26722.00 
26770.00 25961.00 26644.00 
26773.00 25616.00 26581.00 
26716.00 25748.00 25935.00 
26724.00 25861.00 25914.00 
26792.00 25535.00 26220.00 
26831.00 25522.00 26293.00 
26859.00 25684.00 26172.00 
26867.00 25896.00 25728.00 
26903.00 25778.00 25652.00 
26904.00 25635.00 26218.00 
26936.00 25761.00 25928.00 
26949.00 25577.00 26110.00 
26955.00 25704.00 26054.00 
26971.00 25765.00 25660.00 
26980.00 25724.00 25721.00 
26992.00 25622.00 26092.00 
27026.00 25773.00 25612.00 
27038.00 25719.00 26052.00 
26633.00 26161.00 26419.00 
26695.00 26103.00 26530.00 
26752.00 26039.00 26656.00 
26758.00 25944.00 26606.00 
26768.00 26117.00 26420.00 
26824.00 26075.00 26560.00 
26841.00 26095.00 26306.00 
26842.00 26050.00 26426.00 
26848.00 26044.00 26490.00 
26864.00 26049.00 26457.00 
26874.00 26001.00 26470.00 
26886.00 26094.00 26398.00 
26892.00 25999.00 26532.00 
26895.00 26035.00 26404.00 
26897.00 25977.00 26415.00 
26917.00 25959.00 26390.00 
26936.00 25953.00 26540.00 
26950.00 25894.00 26475.00 
26024.00 25408.00 26332.00 
26097.00 25504.00 26321.00 
26131.00 25754.00 26302.00 
26156.00 25151.00 26334.00 
26178.00 25940.00 26140.00 
26273.00 25684.00 26307.00 
26285.00 25875.00 25967.00 
26337.00 25675.00 26086.00 
26339.00 25954.00 25889.00 
26349.00 25477.00 26135.00 
26352.00 25917.00 25872.00 
26381.00 25467.00 26282.00 
26404.00 25526.00 26129.00 
26560.00 25836.00 25897.00 
26969.00 26008.00 26624.00 
26981.00 25982.00 26893.00 
26995.00 25885.00 26845.00 
27024.00 25851.00 26767.00 
27034.00 26093.00 26607.00 
27039.00 25826.00 26817.00 
27049.00 25797.00 26896.00 
27050.00 25735.00 26845.00 
27085.00 25815.00 26792.00 
27095.00 25944.00 26592.00 
27110.00 25655.00 26866.00 
27123.00 25900.00 26765.00 
27167.00 25871.00 26641.00 
27168.00 25659.00 26853.00 
27172.00 25747.00 26780.00 
27177.00 25828.00 26606.00 
27181.00 25758.00 26648.00 
27186.00 25721.00 26851.00 
27218.00 25659.00 26842.00 
27232.00 25552.00 26815.00 
27291.00 25631.00 26805.00 
26267.00 25086.00 26289.00 
26332.00 24928.00 26288.00 
26420.00 25622.00 26078.00 
26421.00 25439.00 26286.00 
26455.00 25547.00 26139.00 
26509.00 25545.00 25972.00 
26526.00 24839.00 26271.00 
26537.00 25588.00 25855.00 
26560.00 25492.00 26185.00 
26620.00 24741.00 26195.00 
26620.00 24922.00 26016.00 
26631.00 24855.00 26123.00 
26638.00 24839.00 26073.00 
26715.00 25454.00 25790.00 
26142.00 25753.00 26539.00 
26206.00 25812.00 26440.00 
26230.00 25780.00 26393.00 
26272.00 25564.00 26717.00 
26297.00 25574.00 26572.00 
26297.00 25730.00 26507.00 
26315.00 25682.00 26242.00 
26365.00 25583.00 26507.00 
26369.00 25625.00 26464.00 
26408.00 25505.00 26503.00 
26426.00 25370.00 26569.00 
26504.00 25659.00 26441.00 
26520.00 25547.00 26345.00 
26012.00 25545.00 26213.00 
26062.00 25495.00 26366.00 
26082.00 25492.00 26319.00 
26116.00 25586.00 26056.00 
26210.00 25308.00 26334.00 
26250.00 25388.00 26235.00 
26404.00 25171.00 26312.00 
26430.00 25822.00 25695.00 
26431.00 25201.00 26220.00 
26439.00 25793.00 25718.00 
26477.00 25148.00 26219.00 
26521.00 25214.00 26173.00 
26543.00 25227.00 26029.00 
26628.00 25751.00 25651.00 
26645.00 25659.00 25641.00 
26651.00 25751.00 25630.00 
26652.00 25319.00 25715.00 
26694.00 25289.00 25967.00 
26118.00 25190.00 26216.00 
26143.00 25297.00 26183.00 
26389.00 25287.00 25949.00 
26399.00 25280.00 25808.00 
26402.00 24868.00 26385.00 
26491.00 24719.00 26350.00 
26661.00 25060.00 25866.00 
26674.00 24621.00 26276.00 
26677.00 24601.00 26307.00 
26728.00 25169.00 25785.00 
26747.00 24687.00 26138.00 
26801.00 24691.00 25980.00 
26822.00 24684.00 26046.00 
26100.00 25585.00 26256.00 
26105.00 25394.00 26241.00 
26116.00 25330.00 26242.00 
26176.00 25485.00 26102.00 
26191.00 25450.00 26150.00 
26195.00 25421.00 26232.00 
26217.00 25487.00 26096.00 
26252.00 25372.00 26167.00 
26262.00 25206.00 26150.00 
26304.00 25568.00 26046.00 
26342.00 25196.00 26118.00 
26357.00 25296.00 26102.00 
26360.00 25323.00 26059.00 
26230.00 25619.00 26337.00 
26306.00 25512.00 26587.00 
26323.00 25576.00 26453.00 
26326.00 25479.00 26556.00 
26425.00 25540.00 26488.00 
26635.00 25434.00 26048.00 
26702.00 24952.00 26505.00 
26866.00 25481.00 25925.00 
26934.00 25050.00 26379.00 
27043.00 24889.00 26169.00 
27083.00 24800.00 26237.00 
27104.00 25108.00 26022.00 
27114.00 25185.00 25831.00 
27120.00 24758.00 26154.00 
27215.00 25079.00 25986.00 
27221.00 24968.00 25923.00 
25528.00 25402.00 25800.00 
25625.00 25442.00 25702.00 
25674.00 25595.00 25621.00 
25704.00 25414.00 25679.00 
25841.00 25543.00 25320.00 
25917.00 25269.00 25638.00 
25936.00 25268.00 25539.00 
25975.00 25342.00 25190.00 
25981.00 25594.00 25142.00 
26038.00 25275.00 25103.00 
26069.00 25218.00 25578.00 
26075.00 25588.00 25065.00 
26151.00 25493.00 25079.00 
26196.00 25024.00 25541.00 
26214.00 25012.00 25197.00 
26236.00 24879.00 25348.00 
26614.00 25838.00 26553.00 
26632.00 25942.00 26173.00 
26638.00 25779.00 26674.00 
26657.00 25737.00 26551.00 
26685.00 25541.00 26699.00 
26704.00 25854.00 26525.00 
26731.00 25786.00 26498.00 
26760.00 25689.00 26593.00 
26830.00 25830.00 26236.00 
26847.00 25428.00 26536.00 
26852.00 25820.00 26179.00 
26861.00 25345.00 26631.00 
26890.00 25290.00 26561.00 
26943.00 25813.00 26445.00 
26986.00 25795.00 26026.00 
27010.00 25551.00 26299.00 
27063.00 25571.00 26204.00 
26492.00 25320.00 25503.00 
26677.00 25459.00 25437.00 
26680.00 25457.00 25464.00 
26717.00 25464.00 25391.00 
26728.00 25508.00 25309.00 
26747.00 25500.00 25287.00 
26767.00 25454.00 25279.00 
26794.00 25182.00 25330.00 
26814.00 25451.00 25278.00 
26836.00 25446.00 25286.00 
26905.00 25258.00 25207.00 
26919.00 26222.00 26070.00 
26953.00 26189.00 25977.00 
26954.00 26007.00 26035.00 
26968.00 25984.00 26085.00 
26971.00 26187.00 26028.00 
26986.00 26098.00 25953.00 
26992.00 26078.00 26015.00 
27006.00 26146.00 25901.00 
27037.00 26134.00 25919.00 
27041.00 26016.00 26032.00 
27061.00 25934.00 26054.00 
27088.00 26065.00 25933.00 
