24121.00 24272.00 25128.00 24142.00 
24138.00 24224.00 25163.00 24144.00 
24216.00 24210.00 25216.00 24234.00 
24247.00 23909.00 25045.00 24289.00 
24258.00 24148.00 25179.00 23901.00 
24285.00 24091.00 25104.00 24214.00 
24332.00 23908.00 25190.00 24140.00 
24391.00 23830.00 25453.00 24277.00 
24404.00 23809.00 25034.00 24155.00 
24410.00 23915.00 25194.00 24108.00 
24431.00 24095.00 25019.00 23841.00 
24471.00 24001.00 25098.00 23975.00 
24507.00 23905.00 25100.00 24099.00 
24518.00 24010.00 25175.00 23934.00 
24558.00 23869.00 25060.00 24019.00 
24571.00 23959.00 25104.00 23892.00 
24578.00 23935.00 25213.00 23945.00 
23851.00 23472.00 24893.00 24487.00 
23872.00 23701.00 24787.00 24318.00 
23885.00 23797.00 25093.00 24228.00 
23896.00 23786.00 25242.00 23987.00 
23941.00 23799.00 25276.00 23939.00 
24008.00 23687.00 24767.00 24257.00 
24047.00 23937.00 25001.00 24029.00 
24084.00 23850.00 24924.00 24015.00 
24153.00 23869.00 24983.00 23978.00 
24187.00 23539.00 25006.00 24259.00 
24239.00 23706.00 24986.00 23906.00 
24261.00 23581.00 25026.00 24199.00 
24293.00 23326.00 24892.00 24119.00 
24392.00 24433.00 24364.00 24962.00 
24442.00 24601.00 24648.00 24590.00 
24494.00 24331.00 24407.00 25322.00 
24505.00 24323.00 24678.00 24987.00 
24511.00 24058.00 24574.00 25105.00 
24518.00 24235.00 24656.00 25050.00 
24529.00 24469.00 24689.00 24845.00 
24531.00 24497.00 24566.00 24723.00 
24554.00 24484.00 24549.00 24837.00 
24554.00 24578.00 24608.00 24671.00 
24575.00 24280.00 24437.00 24967.00 
24591.00 24075.00 24526.00 25089.00 
24609.00 24366.00 24516.00 24772.00 
24638.00 24591.00 25335.00 24671.00 
24713.00 24593.00 25168.00 24677.00 
24809.00 24660.00 25107.00 24820.00 
24841.00 24516.00 25252.00 24698.00 
24897.00 24728.00 25138.00 24579.00 
24923.00 24683.00 25187.00 24517.00 
24978.00 24550.00 25079.00 24684.00 
24982.00 24677.00 25247.00 24661.00 
24996.00 24490.00 25018.00 24825.00 
25029.00 24655.00 25148.00 24579.00 
25032.00 24622.00 25240.00 24385.00 
25099.00 24539.00 25288.00 24600.00 
25113.00 24512.00 24737.00 24487.00 
25133.00 24675.00 25050.00 24240.00 
25159.00 24593.00 25123.00 24270.00 
25168.00 24715.00 25027.00 24420.00 
25197.00 24604.00 25022.00 24433.00 
24695.00 24185.00 25635.00 24579.00 
24737.00 24400.00 25710.00 24328.00 
24795.00 24271.00 25813.00 24373.00 
24830.00 24306.00 25754.00 24347.00 
24835.00 24243.00 25772.00 24473.00 
24841.00 24177.00 25863.00 24481.00 
24851.00 24237.00 25688.00 24537.00 
24864.00 24207.00 25832.00 24532.00 
24867.00 24143.00 25877.00 24584.00 
24880.00 24301.00 25739.00 24298.00 
24901.00 24277.00 25650.00 24489.00 
24905.00 24270.00 25721.00 24496.00 
24925.00 24329.00 25681.00 24444.00 
24943.00 24310.00 25578.00 24474.00 
24969.00 24293.00 25744.00 24382.00 
25010.00 24456.00 25682.00 24260.00 
25021.00 24398.00 25642.00 24275.00 
24324.00 24621.00 25821.00 24504.00 
24360.00 24609.00 25807.00 24466.00 
24452.00 24603.00 25803.00 24511.00 
24495.00 24577.00 25924.00 24488.00 
24603.00 24477.00 25894.00 24701.00 
24609.00 24449.00 25939.00 24659.00 
24622.00 24587.00 25773.00 24614.00 
24677.00 24484.00 25943.00 24520.00 
24706.00 24569.00 25989.00 24470.00 
24720.00 24521.00 25863.00 24569.00 
24734.00 24434.00 25940.00 24743.00 
24767.00 24575.00 25862.00 24489.00 
24818.00 24241.00 26202.00 24634.00 
24835.00 24233.00 26047.00 24682.00 
24877.00 24487.00 25900.00 24507.00 
23895.00 23984.00 25704.00 24363.00 
23988.00 24244.00 25506.00 24267.00 
24036.00 24118.00 25694.00 24269.00 
24112.00 24086.00 25672.00 24371.00 
24125.00 23992.00 25708.00 24312.00 
24132.00 24089.00 25758.00 24280.00 
24158.00 24009.00 25695.00 24316.00 
24160.00 23823.00 25451.00 24473.00 
24185.00 24057.00 25687.00 24199.00 
24191.00 23977.00 25572.00 24469.00 
24193.00 24002.00 25687.00 24359.00 
23639.00 24280.00 24658.00 24384.00 
23654.00 24087.00 24681.00 24472.00 
23697.00 24330.00 24620.00 24307.00 
23761.00 24348.00 24692.00 24305.00 
23830.00 24044.00 24645.00 24498.00 
23933.00 24213.00 24250.00 23875.00 
24024.00 24207.00 24401.00 24040.00 
24096.00 24080.00 24458.00 24128.00 
24206.00 24071.00 24389.00 24237.00 
24933.00 24803.00 25430.00 24937.00 
25022.00 24651.00 25378.00 25136.00 
25132.00 24605.00 25439.00 25010.00 
25132.00 24856.00 25380.00 24893.00 
25145.00 24676.00 25335.00 25035.00 
25146.00 24868.00 25357.00 24907.00 
25183.00 24750.00 25332.00 25009.00 
25224.00 24692.00 25394.00 24803.00 
25225.00 24828.00 25390.00 24914.00 
25231.00 24786.00 25210.00 24937.00 
25235.00 24698.00 25255.00 24993.00 
25272.00 24793.00 25205.00 24932.00 
25310.00 24741.00 25189.00 24897.00 
24086.00 23773.00 24506.00 24377.00 
24134.00 23737.00 24324.00 24602.00 
24137.00 23760.00 24399.00 24329.00 
24169.00 23863.00 24524.00 24317.00 
24180.00 23807.00 24535.00 24144.00 
24190.00 23725.00 24547.00 24144.00 
24194.00 23832.00 24384.00 24565.00 
24197.00 23744.00 24442.00 24141.00 
24208.00 23652.00 24356.00 24549.00 
24214.00 23567.00 24322.00 24628.00 
24226.00 23819.00 24324.00 24559.00 
24304.00 23729.00 24278.00 24554.00 
24834.00 23864.00 24857.00 24631.00 
24868.00 23852.00 24651.00 24910.00 
24891.00 23948.00 24586.00 24847.00 
24923.00 24011.00 24640.00 24760.00 
24925.00 24172.00 24711.00 24672.00 
24928.00 23816.00 24642.00 24782.00 
24947.00 23786.00 24659.00 24868.00 
24951.00 24144.00 24588.00 24655.00 
24964.00 23853.00 24816.00 24657.00 
24977.00 23962.00 24662.00 24772.00 
25021.00 24055.00 24665.00 24639.00 
25036.00 23904.00 24741.00 24722.00 
24177.00 24151.00 26048.00 24962.00 
24187.00 24203.00 26284.00 24748.00 
24204.00 24196.00 26284.00 24911.00 
24218.00 24120.00 26265.00 24845.00 
24220.00 24171.00 26262.00 24747.00 
24234.00 24167.00 26229.00 24904.00 
24238.00 24160.00 26212.00 24859.00 
24262.00 24257.00 26058.00 24904.00 
24272.00 24234.00 26285.00 24649.00 
24284.00 24205.00 26210.00 24800.00 
24293.00 24253.00 26007.00 24884.00 
24301.00 24170.00 26045.00 24858.00 
24302.00 24193.00 26121.00 24838.00 
24329.00 24265.00 26205.00 24752.00 
24343.00 24261.00 26369.00 24545.00 
24361.00 24145.00 26268.00 24783.00 
24389.00 24118.00 26210.00 24493.00 
24551.00 24143.00 26168.00 24563.00 
24722.00 23432.00 25300.00 24652.00 
24821.00 23398.00 25293.00 24592.00 
24824.00 23618.00 25333.00 24456.00 
24849.00 23495.00 25218.00 24579.00 
24982.00 23444.00 25287.00 24514.00 
25009.00 23692.00 25375.00 24326.00 
25018.00 23414.00 25135.00 24558.00 
25041.00 23750.00 25339.00 23910.00 
25085.00 23631.00 25038.00 24315.00 
25087.00 23791.00 25178.00 24005.00 
25090.00 23586.00 25005.00 24162.00 
25105.00 23750.00 25270.00 24134.00 
25153.00 23798.00 25318.00 23929.00 
25169.00 23804.00 25274.00 23988.00 
24146.00 24033.00 25477.00 24299.00 
24288.00 23971.00 25530.00 24290.00 
24329.00 24234.00 25349.00 24270.00 
24332.00 24030.00 25410.00 24420.00 
24359.00 24155.00 25499.00 24223.00 
24414.00 24032.00 25611.00 24176.00 
24415.00 24183.00 25366.00 24264.00 
24417.00 23967.00 25573.00 24149.00 
24422.00 24238.00 25382.00 24197.00 
24444.00 23963.00 25473.00 24239.00 
24465.00 24208.00 25417.00 24208.00 
24466.00 24089.00 25584.00 24123.00 
24472.00 24213.00 25473.00 24138.00 
24490.00 24239.00 25417.00 24142.00 
24296.00 24236.00 25179.00 24708.00 
24323.00 24202.00 25125.00 24895.00 
24334.00 24198.00 25057.00 24895.00 
24369.00 24273.00 25033.00 24858.00 
24393.00 24211.00 25087.00 24848.00 
24465.00 24117.00 25086.00 24751.00 
24534.00 24152.00 25045.00 24792.00 
24534.00 24415.00 24888.00 24515.00 
24538.00 24160.00 25070.00 24750.00 
24542.00 24036.00 25036.00 24723.00 
24574.00 24427.00 24987.00 24464.00 
24589.00 24462.00 24980.00 24293.00 
24603.00 24468.00 24920.00 24262.00 
24604.00 24424.00 24988.00 24351.00 
24293.00 24926.00 24549.00 24369.00 
24345.00 25009.00 24309.00 24331.00 
24393.00 24847.00 24513.00 24405.00 
24398.00 24815.00 24644.00 24348.00 
24465.00 24765.00 24635.00 24347.00 
24477.00 24749.00 24716.00 24373.00 
24503.00 24947.00 24585.00 24294.00 
24513.00 24756.00 24671.00 24349.00 
24534.00 24828.00 24586.00 24301.00 
24544.00 24876.00 24501.00 24302.00 
23900.00 22640.00 25119.00 24926.00 
23920.00 22901.00 24973.00 24861.00 
24147.00 23009.00 25356.00 24344.00 
24336.00 23141.00 25515.00 24279.00 
24375.00 22589.00 24957.00 24781.00 
24415.00 23470.00 24874.00 24427.00 
24456.00 22895.00 25390.00 24370.00 
24468.00 23307.00 25384.00 24076.00 
24537.00 23448.00 25301.00 23993.00 
24617.00 23531.00 25318.00 23992.00 
24598.00 23643.00 25460.00 25183.00 
24618.00 23689.00 25384.00 25190.00 
24626.00 23688.00 25443.00 25137.00 
24630.00 23647.00 25382.00 25170.00 
24633.00 23644.00 25439.00 25201.00 
24660.00 23524.00 25292.00 25227.00 
24698.00 23653.00 25475.00 25114.00 
24726.00 23683.00 25350.00 25177.00 
24732.00 23683.00 25375.00 25063.00 
24739.00 23626.00 25491.00 25185.00 
24788.00 23633.00 25463.00 25167.00 
24803.00 23573.00 25402.00 25137.00 
24831.00 23501.00 25391.00 25220.00 
24839.00 23491.00 25464.00 25198.00 
24899.00 23592.00 25363.00 25042.00 
24772.00 23549.00 25208.00 24325.00 
24815.00 23590.00 25230.00 24252.00 
24817.00 23424.00 25236.00 24404.00 
24825.00 23601.00 25173.00 23961.00 
24867.00 23417.00 25249.00 24263.00 
24869.00 23612.00 25113.00 24095.00 
24872.00 23348.00 25272.00 24365.00 
24890.00 23549.00 25214.00 24241.00 
24893.00 23570.00 25211.00 24218.00 
24897.00 23428.00 25235.00 24330.00 
24899.00 23449.00 25153.00 24466.00 
24910.00 23482.00 25208.00 24452.00 
24915.00 23490.00 25138.00 24437.00 
24922.00 23519.00 25043.00 24223.00 
24943.00 23353.00 25135.00 24353.00 
23883.00 23937.00 24651.00 24736.00 
23943.00 24204.00 24583.00 24711.00 
23962.00 24215.00 24595.00 24693.00 
23973.00 24176.00 24669.00 24730.00 
24027.00 23946.00 24380.00 24756.00 
24067.00 24219.00 24686.00 24691.00 
24117.00 24249.00 24559.00 24722.00 
24146.00 24276.00 24504.00 24573.00 
24162.00 24264.00 24506.00 24712.00 
24168.00 24311.00 24456.00 24616.00 
