18005.00 18737.00 
18069.00 18729.00 
18337.00 18725.00 
18395.00 18679.00 
18414.00 18671.00 
18415.00 18605.00 
18518.00 18568.00 
18519.00 18518.00 
18524.00 18453.00 
18602.00 18430.00 
18682.00 18409.00 
18714.00 18213.00 
18751.00 18201.00 
18752.00 18137.00 
18763.00 18048.00 
18801.00 18041.00 
18071.00 19225.00 
18127.00 19186.00 
18188.00 19174.00 
18228.00 19107.00 
18241.00 19032.00 
18415.00 18872.00 
18450.00 18841.00 
18487.00 18785.00 
18522.00 18773.00 
18534.00 18768.00 
18625.00 18765.00 
18647.00 18692.00 
18656.00 18646.00 
18669.00 18561.00 
18684.00 18547.00 
18731.00 18478.00 
17683.00 19348.00 
17805.00 19342.00 
17819.00 19291.00 
17828.00 19285.00 
17965.00 19262.00 
17966.00 19185.00 
18219.00 19008.00 
18235.00 18947.00 
18269.00 18819.00 
18493.00 18642.00 
18595.00 18629.00 
18603.00 18532.00 
18643.00 18531.00 
18669.00 18346.00 
18682.00 18315.00 
18039.00 19083.00 
18175.00 19081.00 
18196.00 19079.00 
18241.00 19033.00 
18248.00 19016.00 
18297.00 19004.00 
18309.00 18992.00 
18453.00 18838.00 
18478.00 18825.00 
18509.00 18811.00 
18513.00 18804.00 
18582.00 18690.00 
18587.00 18645.00 
18640.00 18603.00 
18771.00 18590.00 
18774.00 18524.00 
18791.00 18486.00 
18806.00 18482.00 
18858.00 18461.00 
18885.00 18311.00 
18887.00 18224.00 
17909.00 18853.00 
17946.00 18781.00 
18039.00 18753.00 
18138.00 18632.00 
18270.00 18600.00 
18287.00 18531.00 
18290.00 18528.00 
18352.00 18405.00 
18440.00 18354.00 
18448.00 18294.00 
18515.00 18255.00 
18520.00 18087.00 
18572.00 18084.00 
18596.00 18048.00 
17942.00 19251.00 
18022.00 19233.00 
18071.00 19212.00 
18103.00 19158.00 
18182.00 19130.00 
18202.00 19002.00 
18256.00 18966.00 
18363.00 18907.00 
18396.00 18774.00 
18420.00 18705.00 
18428.00 18695.00 
18429.00 18688.00 
18577.00 18611.00 
18607.00 18560.00 
18615.00 18526.00 
18620.00 18478.00 
18660.00 18436.00 
18457.00 19004.00 
18484.00 19000.00 
18493.00 18969.00 
18515.00 18961.00 
18606.00 18806.00 
18672.00 18735.00 
18696.00 18690.00 
18739.00 18685.00 
18761.00 18670.00 
18791.00 18601.00 
18829.00 18587.00 
18022.00 18906.00 
18056.00 18895.00 
18193.00 18886.00 
18206.00 18877.00 
18231.00 18850.00 
18442.00 18654.00 
18443.00 18638.00 
18547.00 18517.00 
18551.00 18499.00 
18562.00 18440.00 
18733.00 18437.00 
18739.00 18355.00 
18048.00 18883.00 
18049.00 18865.00 
18238.00 18862.00 
18294.00 18802.00 
18388.00 18760.00 
18394.00 18757.00 
18493.00 18670.00 
18589.00 18575.00 
18673.00 18557.00 
18743.00 18378.00 
18766.00 18365.00 
18797.00 18317.00 
18817.00 18269.00 
17696.00 19410.00 
17749.00 19379.00 
17752.00 19373.00 
17787.00 19346.00 
17794.00 19345.00 
17860.00 19311.00 
17960.00 19254.00 
18086.00 19208.00 
18115.00 19093.00 
18127.00 18965.00 
18273.00 18930.00 
18391.00 18904.00 
18448.00 18828.00 
18467.00 18776.00 
18505.00 18774.00 
17969.00 19252.00 
18039.00 19213.00 
18078.00 19196.00 
18146.00 19162.00 
18183.00 19100.00 
18260.00 19088.00 
18311.00 19055.00 
18457.00 18983.00 
18467.00 18940.00 
18544.00 18905.00 
18571.00 18869.00 
18609.00 18807.00 
18650.00 18723.00 
18671.00 18702.00 
18678.00 18666.00 
18730.00 18650.00 
18796.00 18533.00 
17852.00 19157.00 
17875.00 19040.00 
18053.00 18953.00 
18144.00 18843.00 
18146.00 18804.00 
18211.00 18754.00 
18231.00 18752.00 
18323.00 18669.00 
18436.00 18659.00 
18454.00 18547.00 
18471.00 18461.00 
17969.00 18995.00 
17997.00 18980.00 
18045.00 18963.00 
18059.00 18929.00 
18300.00 18877.00 
18335.00 18858.00 
18358.00 18809.00 
18374.00 18794.00 
18400.00 18717.00 
18502.00 18679.00 
18586.00 18544.00 
18622.00 18418.00 
18657.00 18381.00 
18701.00 18340.00 
18108.00 19124.00 
18187.00 18992.00 
18306.00 18827.00 
18379.00 18774.00 
18404.00 18737.00 
18468.00 18675.00 
18517.00 18634.00 
18615.00 18627.00 
18653.00 18598.00 
18679.00 18551.00 
18689.00 18525.00 
18692.00 18470.00 
18699.00 18465.00 
18705.00 18315.00 
18708.00 18285.00 
18089.00 19008.00 
18211.00 19001.00 
18215.00 18989.00 
18219.00 18961.00 
18244.00 18957.00 
18293.00 18921.00 
18321.00 18877.00 
18364.00 18860.00 
18371.00 18807.00 
18468.00 18714.00 
18553.00 18706.00 
18555.00 18666.00 
18573.00 18631.00 
18634.00 18489.00 
18673.00 18478.00 
17738.00 19090.00 
17748.00 19089.00 
17774.00 19061.00 
17868.00 18984.00 
17908.00 18979.00 
17964.00 18958.00 
18048.00 18935.00 
18235.00 18847.00 
18256.00 18778.00 
18330.00 18670.00 
18332.00 18643.00 
18358.00 18619.00 
18418.00 18610.00 
18468.00 18580.00 
18565.00 18471.00 
18596.00 18396.00 
18639.00 18355.00 
18645.00 18320.00 
18727.00 18155.00 
18100.00 19038.00 
18149.00 19028.00 
18212.00 19010.00 
18258.00 18974.00 
18307.00 18951.00 
18342.00 18885.00 
18364.00 18840.00 
18448.00 18813.00 
18498.00 18730.00 
18514.00 18712.00 
18515.00 18696.00 
18530.00 18675.00 
18559.00 18652.00 
18597.00 18624.00 
18654.00 18621.00 
18655.00 18559.00 
18690.00 18534.00 
18706.00 18516.00 
18725.00 18513.00 
18735.00 18464.00 
18319.00 18981.00 
18323.00 18962.00 
18351.00 18926.00 
18366.00 18891.00 
18469.00 18877.00 
18528.00 18876.00 
18544.00 18798.00 
18566.00 18772.00 
18595.00 18756.00 
18741.00 18618.00 
18837.00 18545.00 
18851.00 18533.00 
18953.00 18456.00 
19031.00 18251.00 
19046.00 18176.00 
19085.00 18039.00 
19106.00 17987.00 
19117.00 17967.00 
17868.00 19177.00 
17873.00 19152.00 
17909.00 19139.00 
17986.00 19099.00 
18191.00 18996.00 
18213.00 18889.00 
18339.00 18844.00 
18373.00 18805.00 
18410.00 18804.00 
18442.00 18774.00 
18515.00 18708.00 
18527.00 18617.00 
18594.00 18603.00 
18031.00 19080.00 
18067.00 19073.00 
18352.00 19037.00 
18370.00 18973.00 
18409.00 18953.00 
18471.00 18867.00 
18497.00 18765.00 
18550.00 18707.00 
18574.00 18684.00 
18689.00 18577.00 
18694.00 18541.00 
18696.00 18520.00 
18710.00 18511.00 
18731.00 18485.00 
18764.00 18460.00 
