16691.00 17406.00 18034.00 
16761.00 17605.00 17937.00 
16814.00 17584.00 17900.00 
16828.00 17590.00 17855.00 
16842.00 17537.00 17835.00 
16900.00 17532.00 17988.00 
16902.00 17507.00 17996.00 
16911.00 17595.00 17820.00 
16913.00 17475.00 17951.00 
16948.00 17416.00 17978.00 
16958.00 17427.00 17904.00 
16994.00 17539.00 17811.00 
16138.00 17423.00 17300.00 
16159.00 17159.00 17758.00 
16170.00 17280.00 17662.00 
16182.00 17397.00 17520.00 
16238.00 17383.00 17468.00 
16241.00 17337.00 17552.00 
16449.00 17440.00 17299.00 
16455.00 17044.00 17470.00 
16619.00 17627.00 16739.00 
16685.00 16984.00 17180.00 
16685.00 17477.00 16740.00 
16798.00 16766.00 17139.00 
16861.00 17435.00 16757.00 
17045.00 16881.00 16690.00 
16106.00 17837.00 17764.00 
16164.00 17797.00 17744.00 
16165.00 17858.00 17643.00 
16226.00 17930.00 17571.00 
16234.00 17758.00 17852.00 
16328.00 17783.00 17741.00 
16329.00 17632.00 17913.00 
16374.00 17481.00 17988.00 
16374.00 17974.00 17502.00 
16398.00 17711.00 17894.00 
16437.00 18042.00 17480.00 
16444.00 17932.00 17438.00 
16457.00 17605.00 17788.00 
16473.00 17494.00 17982.00 
16477.00 18040.00 17300.00 
16482.00 17920.00 17301.00 
16495.00 17942.00 17250.00 
16531.00 17574.00 17811.00 
16540.00 17512.00 17905.00 
16629.00 17580.00 17779.00 
16642.00 17553.00 17562.00 
16666.00 17606.00 17549.00 
16541.00 17196.00 17681.00 
16602.00 17306.00 17610.00 
16676.00 17339.00 17558.00 
16705.00 17202.00 17626.00 
16791.00 17396.00 17472.00 
16821.00 17441.00 17392.00 
16841.00 17162.00 17586.00 
16865.00 17404.00 17317.00 
16886.00 17283.00 17571.00 
16890.00 17418.00 17287.00 
16890.00 17443.00 17284.00 
16920.00 17131.00 17407.00 
16971.00 17357.00 17293.00 
16728.00 17792.00 17458.00 
16759.00 17844.00 17245.00 
16856.00 17483.00 17601.00 
16918.00 18007.00 17085.00 
17019.00 17341.00 17646.00 
17089.00 17306.00 17450.00 
17211.00 17739.00 16691.00 
17262.00 17716.00 16900.00 
17320.00 17687.00 16759.00 
17323.00 17636.00 16732.00 
17337.00 17631.00 16766.00 
17377.00 17179.00 17157.00 
17394.00 17211.00 17067.00 
16569.00 17349.00 18018.00 
16601.00 17249.00 18116.00 
16737.00 17296.00 18021.00 
16825.00 17526.00 17783.00 
16850.00 17137.00 18097.00 
16860.00 17491.00 17799.00 
16890.00 17378.00 17871.00 
16932.00 17128.00 18110.00 
16933.00 17451.00 17487.00 
16959.00 17374.00 17959.00 
16970.00 17035.00 18129.00 
16989.00 17359.00 17867.00 
17007.00 17359.00 17821.00 
17029.00 17421.00 17541.00 
17071.00 16807.00 18141.00 
17073.00 17274.00 18094.00 
17096.00 17254.00 17907.00 
17111.00 17346.00 17627.00 
17135.00 17109.00 17771.00 
17138.00 16890.00 18116.00 
17204.00 17047.00 17690.00 
17225.00 17173.00 17612.00 
17282.00 16996.00 18055.00 
16681.00 17936.00 17746.00 
16722.00 17899.00 17785.00 
16848.00 17885.00 17834.00 
16877.00 17944.00 17680.00 
16904.00 17917.00 17474.00 
17033.00 17906.00 17660.00 
17049.00 17852.00 17687.00 
17059.00 17877.00 17639.00 
17076.00 17862.00 17622.00 
17113.00 17853.00 17623.00 
17152.00 17817.00 17440.00 
17173.00 17781.00 17586.00 
17192.00 17474.00 17916.00 
17207.00 17752.00 17468.00 
17229.00 17520.00 17803.00 
17272.00 17478.00 17853.00 
17341.00 17660.00 17422.00 
17342.00 17600.00 17667.00 
17346.00 17627.00 17622.00 
16507.00 17720.00 17617.00 
16532.00 17687.00 17620.00 
16537.00 17655.00 17651.00 
16550.00 17582.00 17703.00 
16580.00 17684.00 17598.00 
16646.00 17680.00 17525.00 
16697.00 17705.00 17472.00 
16799.00 17397.00 17722.00 
16827.00 17614.00 17355.00 
16852.00 17762.00 17146.00 
16895.00 17294.00 17793.00 
16946.00 17635.00 17271.00 
16993.00 17592.00 17308.00 
17021.00 17612.00 17126.00 
17033.00 17444.00 17554.00 
17063.00 17530.00 17270.00 
17099.00 17335.00 17466.00 
17109.00 17393.00 17229.00 
16090.00 17767.00 17389.00 
16141.00 17951.00 17284.00 
16156.00 18002.00 17190.00 
16165.00 17875.00 17237.00 
16214.00 17705.00 17620.00 
16297.00 17974.00 17109.00 
16310.00 17513.00 17610.00 
16321.00 17774.00 17356.00 
16340.00 17957.00 17111.00 
16368.00 17496.00 17669.00 
16503.00 17429.00 17489.00 
16506.00 18017.00 17043.00 
16577.00 17327.00 17685.00 
16579.00 17278.00 17692.00 
16651.00 17392.00 17313.00 
16728.00 17661.00 17059.00 
16749.00 17641.00 16957.00 
16772.00 17287.00 17638.00 
16797.00 17258.00 17466.00 
16774.00 17962.00 17771.00 
16807.00 17935.00 17856.00 
16835.00 18006.00 17759.00 
16840.00 17984.00 17762.00 
16895.00 18055.00 17665.00 
16913.00 18018.00 17720.00 
17058.00 17622.00 17727.00 
17059.00 17993.00 17632.00 
17123.00 18018.00 17389.00 
17141.00 17917.00 17439.00 
17157.00 17618.00 17859.00 
17257.00 17949.00 17428.00 
17319.00 17914.00 17154.00 
17327.00 17689.00 17595.00 
17347.00 17913.00 17458.00 
17364.00 17833.00 17387.00 
17378.00 17784.00 17316.00 
17398.00 17637.00 17454.00 
17421.00 17662.00 17415.00 
17436.00 17714.00 17369.00 
17449.00 17635.00 17416.00 
16723.00 17772.00 17902.00 
16809.00 17770.00 18010.00 
16810.00 17663.00 17960.00 
16818.00 17765.00 17865.00 
16822.00 17810.00 17851.00 
16834.00 17774.00 17700.00 
16841.00 17760.00 17826.00 
16860.00 17742.00 17832.00 
16880.00 17731.00 17955.00 
16889.00 17723.00 17694.00 
16906.00 17720.00 17727.00 
16914.00 17654.00 17780.00 
16976.00 17670.00 17777.00 
16795.00 17683.00 17631.00 
16796.00 17646.00 17739.00 
16808.00 17527.00 17731.00 
16809.00 17657.00 17659.00 
16816.00 17430.00 17863.00 
16879.00 17665.00 17595.00 
16880.00 17655.00 17716.00 
16883.00 17567.00 17655.00 
16910.00 17610.00 17646.00 
16936.00 17677.00 17551.00 
16944.00 17701.00 17540.00 
17061.00 17655.00 17471.00 
17167.00 17640.00 17594.00 
17190.00 17549.00 17488.00 
17193.00 17613.00 17419.00 
17213.00 17417.00 17575.00 
17224.00 17373.00 17715.00 
17243.00 17291.00 17687.00 
17268.00 17396.00 17582.00 
17283.00 17394.00 17662.00 
17295.00 17357.00 17683.00 
16440.00 17215.00 18019.00 
16460.00 17352.00 17995.00 
16493.00 17349.00 17927.00 
16510.00 16910.00 18195.00 
16520.00 17069.00 18185.00 
16559.00 17317.00 18016.00 
16600.00 17022.00 18171.00 
16618.00 17199.00 18131.00 
16636.00 17211.00 17853.00 
16660.00 17164.00 18002.00 
16680.00 17308.00 17725.00 
16705.00 17131.00 18002.00 
16711.00 17303.00 17721.00 
17011.00 17448.00 17224.00 
17097.00 17356.00 17521.00 
17161.00 17540.00 17088.00 
17163.00 17142.00 17559.00 
17185.00 17700.00 16804.00 
17212.00 17692.00 16970.00 
17257.00 17365.00 17236.00 
17289.00 17257.00 17457.00 
17297.00 17655.00 17026.00 
17321.00 17189.00 17458.00 
17335.00 17003.00 17589.00 
17336.00 17439.00 17052.00 
17346.00 17363.00 17208.00 
17350.00 16742.00 17649.00 
17351.00 17129.00 17505.00 
17353.00 16973.00 17637.00 
17381.00 17377.00 17070.00 
17415.00 17106.00 17535.00 
17424.00 17251.00 17277.00 
17428.00 17085.00 17588.00 
17452.00 17188.00 17427.00 
17468.00 17169.00 17303.00 
16774.00 17711.00 17744.00 
16796.00 17742.00 17677.00 
16940.00 17765.00 17535.00 
16951.00 17575.00 17695.00 
16951.00 17665.00 17537.00 
16987.00 17699.00 17371.00 
16995.00 17496.00 17641.00 
17008.00 17745.00 17331.00 
17052.00 17604.00 17554.00 
17064.00 17489.00 17735.00 
17130.00 17492.00 17540.00 
16501.00 17364.00 17935.00 
16515.00 17247.00 17913.00 
16560.00 17321.00 17891.00 
16578.00 17115.00 17917.00 
16674.00 17558.00 17545.00 
16729.00 17418.00 17833.00 
16808.00 17534.00 17481.00 
16944.00 17609.00 17334.00 
16961.00 17605.00 17360.00 
16985.00 17536.00 17371.00 
17001.00 17171.00 17605.00 
17004.00 17553.00 17335.00 
17070.00 17111.00 17634.00 
16111.00 17729.00 17615.00 
16133.00 17803.00 17506.00 
16142.00 17701.00 17654.00 
16178.00 17737.00 17614.00 
16187.00 17720.00 17638.00 
16192.00 17805.00 17037.00 
16271.00 17772.00 17578.00 
16433.00 17473.00 17744.00 
16439.00 17455.00 17746.00 
16469.00 17720.00 17360.00 
16861.00 17718.00 18107.00 
16863.00 17707.00 18139.00 
16875.00 17694.00 18123.00 
16884.00 17490.00 18194.00 
16897.00 17724.00 18046.00 
16899.00 17721.00 18064.00 
17004.00 17843.00 17723.00 
17019.00 17760.00 17619.00 
17058.00 17401.00 18132.00 
17271.00 17519.00 17601.00 
17273.00 17324.00 18110.00 
17292.00 17645.00 17595.00 
17309.00 17592.00 17532.00 
17316.00 17207.00 17937.00 
17327.00 17575.00 17551.00 
17372.00 17193.00 18002.00 
17415.00 17505.00 17539.00 
17418.00 17145.00 18027.00 
17434.00 17104.00 17906.00 
17472.00 17150.00 17889.00 
17515.00 17274.00 17696.00 
17551.00 17381.00 17660.00 
16207.00 17776.00 17999.00 
16233.00 17933.00 17937.00 
16249.00 17692.00 17992.00 
16289.00 17821.00 17858.00 
16292.00 18029.00 17700.00 
16334.00 18020.00 17798.00 
16335.00 17967.00 17795.00 
16353.00 18077.00 17682.00 
16482.00 17657.00 17865.00 
16505.00 18141.00 17532.00 
16636.00 18018.00 17344.00 
16697.00 17407.00 17910.00 
16702.00 17443.00 17881.00 
16703.00 18126.00 17260.00 
16748.00 17396.00 17935.00 
16754.00 18104.00 17176.00 
16759.00 17425.00 17909.00 
16865.00 18076.00 17206.00 
16869.00 17369.00 17837.00 
17008.00 17579.00 17530.00 
16722.00 17681.00 17288.00 
16735.00 17659.00 17466.00 
16739.00 17641.00 17438.00 
16776.00 17635.00 17400.00 
16825.00 17396.00 17608.00 
16905.00 17629.00 17448.00 
16935.00 17583.00 17598.00 
16958.00 17688.00 17201.00 
16973.00 17638.00 17109.00 
16992.00 17554.00 17516.00 
16998.00 17539.00 17268.00 
17052.00 17593.00 17157.00 
17058.00 17537.00 17097.00 
17064.00 17594.00 17088.00 
