8129.00 8691.00 8873.00 
8169.00 8883.00 8777.00 
8229.00 8761.00 8854.00 
8254.00 8581.00 8860.00 
8273.00 8968.00 8756.00 
8294.00 8704.00 8848.00 
8313.00 9039.00 8350.00 
8415.00 9032.00 8674.00 
8590.00 8549.00 8729.00 
8597.00 9121.00 8189.00 
8740.00 8349.00 8666.00 
8766.00 9002.00 8239.00 
8804.00 8510.00 8551.00 
8923.00 8630.00 8375.00 
8959.00 8403.00 8513.00 
9035.00 8583.00 8272.00 
9067.00 8430.00 8351.00 
9075.00 8950.00 7969.00 
9113.00 8859.00 8148.00 
9124.00 8948.00 8013.00 
8118.00 8727.00 8593.00 
8121.00 8866.00 8523.00 
8123.00 8778.00 8560.00 
8152.00 8635.00 8665.00 
8179.00 8735.00 8565.00 
8195.00 8700.00 8611.00 
8206.00 8884.00 8509.00 
8219.00 8685.00 8661.00 
8263.00 8571.00 8638.00 
8302.00 8926.00 8422.00 
8303.00 8682.00 8353.00 
8392.00 8466.00 8566.00 
8423.00 9119.00 8194.00 
8493.00 8550.00 8370.00 
8544.00 8988.00 8122.00 
8547.00 9028.00 8116.00 
8562.00 8825.00 8280.00 
8601.00 8463.00 8353.00 
8724.00 8938.00 8178.00 
8632.00 8827.00 8304.00 
8645.00 8817.00 8462.00 
8651.00 8797.00 8350.00 
8662.00 8764.00 8417.00 
8747.00 8767.00 8248.00 
8787.00 8828.00 8188.00 
8791.00 8671.00 8350.00 
8822.00 8705.00 8220.00 
8834.00 8846.00 8127.00 
8844.00 8568.00 8309.00 
8864.00 8561.00 8367.00 
8883.00 8567.00 8314.00 
8913.00 8674.00 8243.00 
8941.00 8739.00 8217.00 
8956.00 8820.00 8184.00 
8959.00 8666.00 8308.00 
8350.00 8775.00 8519.00 
8437.00 8664.00 8554.00 
8661.00 8249.00 8719.00 
8683.00 8327.00 8661.00 
8686.00 8836.00 8343.00 
8698.00 8797.00 8411.00 
8707.00 8255.00 8646.00 
8806.00 8822.00 8183.00 
8830.00 8299.00 8632.00 
8867.00 8588.00 8354.00 
8930.00 8497.00 8451.00 
8939.00 8476.00 8392.00 
8953.00 8667.00 8286.00 
8962.00 8714.00 8161.00 
8968.00 8535.00 8251.00 
8270.00 8962.00 8340.00 
8283.00 9043.00 8333.00 
8319.00 8971.00 8292.00 
8332.00 9090.00 8189.00 
8535.00 8678.00 8292.00 
8591.00 9110.00 7917.00 
8611.00 8493.00 8392.00 
8624.00 9013.00 8117.00 
8659.00 8619.00 8390.00 
8666.00 9076.00 7970.00 
8668.00 9040.00 7976.00 
8699.00 8539.00 8363.00 
8709.00 8484.00 8279.00 
8735.00 8567.00 8203.00 
8744.00 8993.00 7954.00 
8362.00 8786.00 8791.00 
8399.00 8764.00 8780.00 
8411.00 8984.00 8598.00 
8413.00 8896.00 8494.00 
8462.00 8625.00 8866.00 
8477.00 8695.00 8655.00 
8509.00 8594.00 8876.00 
8518.00 8644.00 8710.00 
8527.00 8782.00 8600.00 
8586.00 8618.00 8828.00 
8690.00 9014.00 8402.00 
8699.00 8335.00 8904.00 
8718.00 8652.00 8569.00 
8748.00 8290.00 8947.00 
8748.00 8966.00 8432.00 
8778.00 8304.00 8924.00 
8879.00 8983.00 8275.00 
8882.00 8920.00 8353.00 
8902.00 8554.00 8382.00 
8927.00 8956.00 8339.00 
8969.00 8909.00 8265.00 
8971.00 8305.00 8624.00 
8980.00 8268.00 8681.00 
9069.00 8758.00 8280.00 
7783.00 8639.00 8824.00 
7790.00 8275.00 8944.00 
7793.00 8755.00 8697.00 
7836.00 8816.00 8654.00 
7851.00 8621.00 8873.00 
8159.00 8637.00 8529.00 
8373.00 8366.00 8715.00 
8459.00 8475.00 8613.00 
8506.00 8929.00 8166.00 
8684.00 8654.00 8094.00 
8754.00 8548.00 8157.00 
7869.00 9047.00 8582.00 
7881.00 9082.00 8561.00 
7920.00 9222.00 8094.00 
7958.00 9042.00 8511.00 
8024.00 9012.00 8427.00 
8105.00 8942.00 8557.00 
8139.00 8640.00 8465.00 
8163.00 8576.00 8524.00 
8199.00 9117.00 8125.00 
8452.00 8550.00 8528.00 
8464.00 8470.00 8478.00 
8549.00 8957.00 7957.00 
8599.00 8909.00 8064.00 
8098.00 8954.00 8575.00 
8126.00 9025.00 8550.00 
8145.00 8900.00 8631.00 
8178.00 9006.00 8544.00 
8205.00 8914.00 8562.00 
8247.00 9173.00 8297.00 
8275.00 8845.00 8700.00 
8283.00 9150.00 8344.00 
8291.00 8773.00 8667.00 
8314.00 9156.00 8339.00 
8314.00 9172.00 8328.00 
8343.00 8811.00 8655.00 
8346.00 9118.00 8444.00 
8384.00 8850.00 8540.00 
8391.00 9143.00 8372.00 
8405.00 8796.00 8618.00 
8471.00 9103.00 8362.00 
8528.00 9010.00 8254.00 
8582.00 8531.00 8655.00 
8647.00 8692.00 8519.00 
8694.00 8706.00 8509.00 
8695.00 8559.00 8628.00 
8704.00 8679.00 8506.00 
8713.00 8706.00 8494.00 
8716.00 8671.00 8555.00 
8771.00 8640.00 8602.00 
8805.00 8581.00 8578.00 
8911.00 8507.00 8580.00 
8922.00 8743.00 8414.00 
8930.00 8776.00 8364.00 
8956.00 8738.00 8335.00 
8985.00 8658.00 8373.00 
8103.00 8861.00 8802.00 
8113.00 8992.00 8787.00 
8212.00 9073.00 8769.00 
8218.00 9180.00 8527.00 
8233.00 9156.00 8719.00 
8250.00 9129.00 8646.00 
8260.00 9176.00 8533.00 
8263.00 9091.00 8732.00 
8283.00 8966.00 8702.00 
8300.00 9026.00 8654.00 
8382.00 8788.00 8763.00 
8487.00 8975.00 8351.00 
8489.00 8794.00 8688.00 
8492.00 9114.00 8318.00 
8502.00 9147.00 8316.00 
8509.00 8700.00 8722.00 
8517.00 8749.00 8667.00 
8520.00 8727.00 8629.00 
8215.00 8767.00 8838.00 
8228.00 8793.00 8694.00 
8267.00 8748.00 8826.00 
8300.00 8704.00 8890.00 
8301.00 8743.00 8883.00 
8386.00 8711.00 8714.00 
8429.00 8446.00 8916.00 
8511.00 8470.00 8904.00 
8668.00 8259.00 8907.00 
8672.00 8326.00 8866.00 
8711.00 8325.00 8885.00 
8745.00 8297.00 8873.00 
8747.00 8252.00 8845.00 
8776.00 8284.00 8834.00 
8808.00 8883.00 8300.00 
8811.00 8285.00 8762.00 
8830.00 8810.00 8319.00 
8847.00 8848.00 8317.00 
8879.00 8735.00 8305.00 
8892.00 8563.00 8517.00 
8926.00 8313.00 8647.00 
8965.00 8578.00 8372.00 
8975.00 8461.00 8582.00 
8236.00 9074.00 8678.00 
8257.00 9288.00 8555.00 
8264.00 9232.00 8675.00 
8273.00 9210.00 8585.00 
8286.00 9303.00 8489.00 
8323.00 9356.00 8438.00 
8416.00 9444.00 8258.00 
8477.00 9071.00 8690.00 
8498.00 8913.00 8636.00 
8507.00 9392.00 8229.00 
8533.00 9330.00 8164.00 
8630.00 9290.00 8181.00 
8647.00 8939.00 8562.00 
8679.00 8906.00 8480.00 
8715.00 9260.00 8283.00 
8719.00 9132.00 8255.00 
8722.00 9203.00 8135.00 
8733.00 8915.00 8458.00 
8766.00 9165.00 8197.00 
8769.00 9032.00 8432.00 
8771.00 9100.00 8242.00 
8787.00 8880.00 8414.00 
8274.00 8644.00 8530.00 
8292.00 8635.00 8564.00 
8307.00 8650.00 8518.00 
8334.00 8498.00 8589.00 
8346.00 8480.00 8609.00 
8347.00 8468.00 8622.00 
8351.00 8683.00 8470.00 
8370.00 8589.00 8566.00 
8380.00 8451.00 8589.00 
8414.00 8838.00 8351.00 
8438.00 8518.00 8588.00 
8476.00 8638.00 8438.00 
7976.00 8981.00 8920.00 
7984.00 8992.00 8905.00 
8006.00 8983.00 8839.00 
8022.00 8963.00 8870.00 
8028.00 8862.00 8936.00 
8030.00 8759.00 8950.00 
8081.00 9027.00 8806.00 
8119.00 8724.00 8964.00 
8133.00 8823.00 8845.00 
8213.00 8692.00 8965.00 
8322.00 9196.00 8345.00 
8448.00 8616.00 8897.00 
8459.00 9001.00 8323.00 
8489.00 8406.00 8862.00 
8491.00 8382.00 8913.00 
8641.00 8264.00 8893.00 
8694.00 8310.00 8714.00 
8695.00 9089.00 8252.00 
8705.00 8244.00 8818.00 
8712.00 9053.00 8221.00 
8786.00 8306.00 8817.00 
8815.00 8168.00 8705.00 
8817.00 8955.00 8161.00 
8828.00 8205.00 8663.00 
8865.00 8383.00 8592.00 
8867.00 8822.00 8333.00 
8868.00 8282.00 8606.00 
8090.00 8725.00 8884.00 
8142.00 8746.00 8812.00 
8291.00 8872.00 8757.00 
8358.00 9017.00 8494.00 
8398.00 8665.00 8806.00 
8418.00 8700.00 8772.00 
8444.00 8645.00 8837.00 
8445.00 9000.00 8607.00 
8457.00 8852.00 8609.00 
8466.00 8668.00 8801.00 
8487.00 8623.00 8789.00 
8541.00 8565.00 8783.00 
8558.00 8699.00 8730.00 
8637.00 8703.00 8689.00 
8686.00 8996.00 8474.00 
8696.00 8874.00 8483.00 
8700.00 9022.00 8466.00 
8767.00 9008.00 8464.00 
8801.00 8667.00 8495.00 
8847.00 8818.00 8417.00 
8850.00 8871.00 8411.00 
8864.00 8815.00 8418.00 
8897.00 8575.00 8358.00 
7847.00 9002.00 8576.00 
7887.00 8942.00 8598.00 
7897.00 8926.00 8595.00 
8024.00 8856.00 8641.00 
8117.00 8966.00 8590.00 
8157.00 8783.00 8734.00 
8165.00 8754.00 8769.00 
8179.00 8829.00 8728.00 
8204.00 8794.00 8723.00 
8219.00 8730.00 8765.00 
8222.00 9026.00 8471.00 
8235.00 8670.00 8765.00 
8388.00 8493.00 8749.00 
8480.00 8345.00 8782.00 
8492.00 8430.00 8729.00 
8581.00 8521.00 8724.00 
8598.00 8502.00 8575.00 
8703.00 8342.00 8510.00 
8803.00 8862.00 8182.00 
8353.00 8686.00 8831.00 
8363.00 8657.00 8826.00 
8391.00 8847.00 8798.00 
8402.00 8690.00 8801.00 
8402.00 8802.00 8775.00 
8433.00 8784.00 8747.00 
8469.00 8666.00 8743.00 
8482.00 8849.00 8518.00 
8504.00 8751.00 8659.00 
8524.00 8695.00 8661.00 
8540.00 8749.00 8658.00 
8557.00 8536.00 8824.00 
8557.00 8615.00 8721.00 
8561.00 8663.00 8701.00 
8563.00 8686.00 8673.00 
8577.00 8559.00 8723.00 
8579.00 8710.00 8639.00 
8585.00 8619.00 8635.00 
8222.00 8863.00 8764.00 
8224.00 8468.00 8975.00 
8228.00 8553.00 8894.00 
8243.00 8482.00 8952.00 
8285.00 8826.00 8709.00 
8305.00 8643.00 8888.00 
8336.00 8443.00 9005.00 
8449.00 8665.00 8845.00 
8491.00 8939.00 8559.00 
8677.00 8511.00 8708.00 
8684.00 8375.00 8815.00 
8685.00 8259.00 8761.00 
8733.00 8160.00 8787.00 
8739.00 8878.00 8221.00 
8744.00 8870.00 8313.00 
8787.00 8826.00 8317.00 
8898.00 8408.00 8499.00 
8929.00 8677.00 8377.00 
8967.00 8605.00 8448.00 
8522.00 8888.00 8737.00 
8555.00 8862.00 8676.00 
8576.00 8950.00 8641.00 
8582.00 8916.00 8665.00 
8604.00 8816.00 8737.00 
8635.00 8784.00 8749.00 
8655.00 8753.00 8734.00 
8662.00 8670.00 8794.00 
8663.00 8831.00 8714.00 
8699.00 8816.00 8712.00 
8705.00 8831.00 8643.00 
8715.00 8748.00 8733.00 
8729.00 8736.00 8719.00 
8729.00 8744.00 8648.00 
8751.00 8729.00 8612.00 
8771.00 8755.00 8565.00 
8779.00 8713.00 8654.00 
8807.00 8685.00 8602.00 
