26512.00 27341.00 
26545.00 27330.00 
26563.00 27257.00 
26742.00 27146.00 
26882.00 27070.00 
26967.00 27036.00 
26987.00 26877.00 
27010.00 26785.00 
27033.00 26766.00 
27079.00 26708.00 
27106.00 26673.00 
27115.00 26667.00 
26559.00 27304.00 
26616.00 27283.00 
26808.00 27272.00 
26857.00 27173.00 
26883.00 27132.00 
27000.00 27064.00 
27018.00 27004.00 
27024.00 27003.00 
27102.00 26996.00 
27151.00 26955.00 
27167.00 26945.00 
27204.00 26862.00 
27212.00 26800.00 
27214.00 26755.00 
27297.00 26742.00 
27354.00 26646.00 
27361.00 26559.00 
27380.00 26552.00 
27404.00 26524.00 
27406.00 26521.00 
27416.00 26406.00 
26068.00 27420.00 
26315.00 27390.00 
26322.00 27368.00 
26336.00 27319.00 
26387.00 27239.00 
26446.00 27230.00 
26612.00 27205.00 
26621.00 27054.00 
26708.00 26999.00 
26749.00 26907.00 
26859.00 26870.00 
26881.00 26729.00 
26905.00 26715.00 
25875.00 27866.00 
26112.00 27858.00 
26152.00 27840.00 
26213.00 27813.00 
26244.00 27759.00 
26250.00 27756.00 
26282.00 27747.00 
26342.00 27707.00 
26399.00 27603.00 
26435.00 27574.00 
26470.00 27483.00 
26557.00 27375.00 
26567.00 27305.00 
26587.00 27294.00 
26658.00 27258.00 
26488.00 27100.00 
26617.00 27095.00 
26641.00 27050.00 
26643.00 27041.00 
26697.00 27032.00 
26790.00 26985.00 
26792.00 26939.00 
26801.00 26854.00 
26884.00 26723.00 
26914.00 26491.00 
27130.00 26456.00 
27179.00 26453.00 
27211.00 26392.00 
27247.00 26377.00 
26413.00 27322.00 
26543.00 27276.00 
26619.00 27137.00 
26671.00 27090.00 
26757.00 27020.00 
26970.00 26915.00 
26994.00 26865.00 
27055.00 26857.00 
27088.00 26607.00 
27133.00 26593.00 
27158.00 26483.00 
27194.00 26424.00 
26694.00 27364.00 
26761.00 27339.00 
26880.00 27332.00 
26888.00 27277.00 
26952.00 27251.00 
26972.00 27237.00 
26973.00 27210.00 
26982.00 27204.00 
26985.00 27194.00 
26987.00 27175.00 
27103.00 27173.00 
27263.00 26939.00 
26099.00 27336.00 
26236.00 27317.00 
26237.00 27314.00 
26340.00 27298.00 
26344.00 27283.00 
26362.00 27173.00 
26544.00 27129.00 
26561.00 27067.00 
26648.00 27019.00 
26661.00 26975.00 
26842.00 26874.00 
26913.00 26865.00 
26966.00 26690.00 
27017.00 26623.00 
27067.00 26492.00 
27076.00 26432.00 
27084.00 26406.00 
27114.00 26402.00 
27152.00 26391.00 
27158.00 26349.00 
25455.00 27169.00 
25693.00 27143.00 
25757.00 27021.00 
25917.00 26986.00 
25926.00 26957.00 
26016.00 26950.00 
26062.00 26858.00 
26163.00 26772.00 
26197.00 26706.00 
26325.00 26529.00 
26333.00 26463.00 
26961.00 26994.00 
27023.00 26879.00 
27040.00 26855.00 
27089.00 26836.00 
27137.00 26789.00 
27256.00 26759.00 
27292.00 26699.00 
27304.00 26612.00 
27340.00 26604.00 
27396.00 26591.00 
27408.00 26515.00 
27466.00 26489.00 
26748.00 27216.00 
26776.00 27186.00 
26824.00 27156.00 
26972.00 27109.00 
27016.00 27087.00 
27172.00 26933.00 
27214.00 26763.00 
27310.00 26691.00 
27320.00 26576.00 
27343.00 26536.00 
27345.00 26513.00 
27381.00 26501.00 
27426.00 26499.00 
25696.00 27834.00 
25756.00 27804.00 
25764.00 27794.00 
25777.00 27779.00 
26077.00 27725.00 
26099.00 27687.00 
26130.00 27541.00 
26312.00 27498.00 
26347.00 27410.00 
26384.00 27360.00 
26620.00 27314.00 
26637.00 27307.00 
26660.00 27279.00 
26721.00 27231.00 
26814.00 27144.00 
26853.00 27057.00 
26894.00 27024.00 
26992.00 26937.00 
27005.00 26828.00 
27021.00 26806.00 
27043.00 26800.00 
27084.00 26767.00 
27110.00 26656.00 
26787.00 26569.00 
26861.00 26538.00 
27007.00 26405.00 
27074.00 26354.00 
27103.00 26218.00 
27200.00 26172.00 
27240.00 26114.00 
27253.00 26074.00 
27289.00 26047.00 
27295.00 25896.00 
26574.00 27426.00 
26636.00 27353.00 
26735.00 27328.00 
26765.00 27248.00 
26769.00 27211.00 
26788.00 27132.00 
26858.00 27100.00 
25755.00 27331.00 
25942.00 27297.00 
26049.00 27210.00 
26077.00 27142.00 
26088.00 27097.00 
26145.00 27043.00 
26278.00 27028.00 
26296.00 26894.00 
26540.00 26736.00 
26565.00 26626.00 
26632.00 26532.00 
26703.00 26484.00 
26718.00 26451.00 
26795.00 26221.00 
26324.00 27442.00 
26468.00 27407.00 
26521.00 27338.00 
26601.00 27331.00 
26646.00 27328.00 
26835.00 27133.00 
27047.00 26958.00 
27073.00 26927.00 
27188.00 26882.00 
27205.00 26820.00 
27255.00 26733.00 
26427.00 27201.00 
26568.00 27181.00 
26582.00 27096.00 
26584.00 27040.00 
26641.00 27035.00 
26655.00 27012.00 
26750.00 26960.00 
26781.00 26935.00 
26832.00 26892.00 
26932.00 26838.00 
26980.00 26780.00 
27116.00 26703.00 
27133.00 26581.00 
27187.00 26579.00 
27207.00 26505.00 
27216.00 26444.00 
27258.00 26395.00 
27304.00 26217.00 
26707.00 26840.00 
26839.00 26593.00 
26871.00 26543.00 
26980.00 26522.00 
26993.00 26471.00 
27061.00 26390.00 
27108.00 26305.00 
27241.00 26276.00 
27260.00 26268.00 
27321.00 26216.00 
27365.00 26158.00 
27381.00 26143.00 
27406.00 26089.00 
27475.00 26067.00 
27483.00 26000.00 
27494.00 25994.00 
27518.00 25908.00 
27525.00 25830.00 
27550.00 25828.00 
27569.00 25586.00 
27615.00 25448.00 
26223.00 26968.00 
26350.00 26924.00 
26377.00 26875.00 
26403.00 26835.00 
26433.00 26826.00 
26476.00 26822.00 
26493.00 26752.00 
26516.00 26735.00 
26644.00 26703.00 
26686.00 26514.00 
26700.00 26494.00 
26784.00 26457.00 
26857.00 26358.00 
26849.00 26770.00 
26854.00 26757.00 
26961.00 26692.00 
27080.00 26653.00 
27103.00 26612.00 
27424.00 26515.00 
27437.00 26330.00 
27504.00 26188.00 
27516.00 26171.00 
27543.00 26127.00 
27544.00 26097.00 
27550.00 26035.00 
27607.00 26013.00 
27609.00 25771.00 
