18155.00 19688.00 
18188.00 19668.00 
18194.00 19660.00 
18219.00 19649.00 
18259.00 19642.00 
18265.00 19631.00 
18302.00 19624.00 
18317.00 19604.00 
18325.00 19588.00 
18380.00 19584.00 
18385.00 19579.00 
18390.00 19568.00 
18401.00 19557.00 
18433.00 19548.00 
18468.00 19525.00 
18470.00 19485.00 
18486.00 19484.00 
18539.00 19476.00 
18549.00 19455.00 
18574.00 19431.00 
18606.00 19413.00 
18629.00 19407.00 
18638.00 19382.00 
18649.00 19366.00 
18671.00 19362.00 
18691.00 19326.00 
18699.00 19306.00 
18703.00 19305.00 
18707.00 19303.00 
18724.00 19287.00 
18735.00 19282.00 
18738.00 19271.00 
18760.00 19268.00 
18780.00 19249.00 
18803.00 19245.00 
18813.00 19201.00 
18814.00 19192.00 
18818.00 19190.00 
18843.00 19183.00 
18854.00 19177.00 
18889.00 19156.00 
18904.00 19122.00 
18906.00 19110.00 
18927.00 19107.00 
18938.00 19087.00 
18940.00 19057.00 
18950.00 19054.00 
18954.00 19040.00 
18964.00 19031.00 
18990.00 19029.00 
19004.00 19012.00 
19027.00 18983.00 
19058.00 18956.00 
19064.00 18922.00 
19084.00 18920.00 
19090.00 18883.00 
19095.00 18879.00 
19104.00 18872.00 
19109.00 18855.00 
19120.00 18853.00 
19147.00 18823.00 
19165.00 18802.00 
19170.00 18772.00 
19178.00 18754.00 
19208.00 18727.00 
19214.00 18715.00 
19218.00 18685.00 
19238.00 18676.00 
19279.00 18576.00 
18177.00 19645.00 
18234.00 19620.00 
18259.00 19615.00 
18321.00 19598.00 
18322.00 19591.00 
18352.00 19567.00 
18393.00 19561.00 
18397.00 19540.00 
18432.00 19536.00 
18460.00 19519.00 
18475.00 19503.00 
18477.00 19498.00 
18480.00 19482.00 
18505.00 19481.00 
18520.00 19470.00 
18525.00 19466.00 
18541.00 19457.00 
18551.00 19454.00 
18558.00 19442.00 
18560.00 19433.00 
18561.00 19424.00 
18569.00 19412.00 
18606.00 19410.00 
18617.00 19390.00 
18623.00 19366.00 
18626.00 19364.00 
18657.00 19360.00 
18659.00 19352.00 
18668.00 19341.00 
18675.00 19331.00 
18693.00 19327.00 
18704.00 19324.00 
18721.00 19304.00 
18722.00 19296.00 
18728.00 19288.00 
18734.00 19277.00 
18739.00 19258.00 
18753.00 19256.00 
18768.00 19254.00 
18778.00 19247.00 
18780.00 19246.00 
18794.00 19226.00 
18810.00 19220.00 
18820.00 19219.00 
18835.00 19194.00 
18848.00 19186.00 
18861.00 19165.00 
18865.00 19145.00 
18873.00 19137.00 
18875.00 19128.00 
18889.00 19125.00 
18903.00 19115.00 
18921.00 19111.00 
18934.00 19097.00 
18935.00 19078.00 
18943.00 19072.00 
18961.00 19062.00 
18966.00 19056.00 
18967.00 19049.00 
18989.00 19041.00 
18992.00 19012.00 
19004.00 18989.00 
19008.00 18986.00 
19016.00 18979.00 
19029.00 18968.00 
19035.00 18967.00 
19053.00 18953.00 
19063.00 18943.00 
19079.00 18925.00 
19085.00 18922.00 
19110.00 18903.00 
19113.00 18856.00 
19119.00 18838.00 
19133.00 18834.00 
19158.00 18830.00 
19166.00 18784.00 
19192.00 18766.00 
19203.00 18729.00 
19220.00 18698.00 
19242.00 18684.00 
19249.00 18621.00 
18167.00 19673.00 
18241.00 19656.00 
18260.00 19634.00 
18262.00 19606.00 
18295.00 19600.00 
18316.00 19598.00 
18355.00 19590.00 
18359.00 19574.00 
18393.00 19567.00 
18395.00 19548.00 
18419.00 19547.00 
18421.00 19531.00 
18427.00 19530.00 
18431.00 19509.00 
18446.00 19507.00 
18482.00 19504.00 
18489.00 19478.00 
18503.00 19477.00 
18512.00 19467.00 
18530.00 19460.00 
18531.00 19440.00 
18548.00 19436.00 
18554.00 19430.00 
18576.00 19424.00 
18590.00 19412.00 
18604.00 19384.00 
18629.00 19372.00 
18638.00 19366.00 
18670.00 19336.00 
18685.00 19332.00 
18720.00 19298.00 
18738.00 19291.00 
18760.00 19256.00 
18784.00 19242.00 
18794.00 19223.00 
18808.00 19204.00 
18840.00 19167.00 
18845.00 19151.00 
18866.00 19145.00 
18891.00 19127.00 
18896.00 19111.00 
18899.00 19104.00 
18908.00 19102.00 
18911.00 19085.00 
18943.00 19067.00 
18967.00 19036.00 
18975.00 19018.00 
18983.00 19015.00 
18991.00 19009.00 
19018.00 18977.00 
19019.00 18955.00 
19050.00 18942.00 
19053.00 18897.00 
19057.00 18888.00 
19063.00 18887.00 
19080.00 18885.00 
19105.00 18856.00 
19118.00 18834.00 
19126.00 18828.00 
19137.00 18805.00 
19141.00 18770.00 
19152.00 18763.00 
19163.00 18741.00 
18057.00 19712.00 
18078.00 19691.00 
18094.00 19680.00 
18103.00 19676.00 
18132.00 19674.00 
18154.00 19653.00 
18220.00 19640.00 
18257.00 19633.00 
18310.00 19606.00 
18318.00 19580.00 
18337.00 19574.00 
18351.00 19555.00 
18391.00 19547.00 
18411.00 19538.00 
18418.00 19528.00 
18424.00 19517.00 
18452.00 19511.00 
18462.00 19501.00 
18463.00 19493.00 
18470.00 19485.00 
18478.00 19478.00 
18486.00 19467.00 
18499.00 19463.00 
18532.00 19452.00 
18538.00 19441.00 
18542.00 19439.00 
18550.00 19437.00 
18554.00 19430.00 
18558.00 19422.00 
18559.00 19414.00 
18574.00 19407.00 
18581.00 19404.00 
18611.00 19398.00 
18626.00 19389.00 
18656.00 19370.00 
18678.00 19334.00 
18711.00 19309.00 
18723.00 19293.00 
18733.00 19290.00 
18739.00 19271.00 
18748.00 19252.00 
18795.00 19251.00 
18801.00 19235.00 
18817.00 19212.00 
18820.00 19205.00 
18831.00 19202.00 
18849.00 19198.00 
18862.00 19172.00 
18898.00 19140.00 
18923.00 19101.00 
18927.00 19081.00 
18932.00 19077.00 
18939.00 19055.00 
18950.00 19054.00 
18964.00 19052.00 
18983.00 19040.00 
19001.00 19024.00 
19005.00 18989.00 
19013.00 18975.00 
19025.00 18968.00 
19061.00 18952.00 
19086.00 18903.00 
19093.00 18902.00 
19102.00 18869.00 
19114.00 18866.00 
19128.00 18847.00 
19139.00 18825.00 
19154.00 18800.00 
19163.00 18765.00 
19178.00 18759.00 
19190.00 18756.00 
19195.00 18738.00 
19213.00 18708.00 
19221.00 18641.00 
18060.00 19767.00 
18083.00 19759.00 
18134.00 19744.00 
18136.00 19735.00 
18142.00 19734.00 
18194.00 19711.00 
18195.00 19701.00 
18217.00 19684.00 
18238.00 19675.00 
18248.00 19670.00 
18270.00 19653.00 
18342.00 19627.00 
18352.00 19616.00 
18357.00 19595.00 
18361.00 19592.00 
18370.00 19580.00 
18374.00 19570.00 
18394.00 19567.00 
18395.00 19562.00 
18431.00 19558.00 
18456.00 19544.00 
18470.00 19527.00 
18479.00 19523.00 
18497.00 19518.00 
18500.00 19490.00 
18543.00 19475.00 
18554.00 19460.00 
18567.00 19432.00 
18594.00 19429.00 
18607.00 19409.00 
18621.00 19402.00 
18633.00 19383.00 
18641.00 19373.00 
18644.00 19361.00 
18662.00 19360.00 
18667.00 19352.00 
18673.00 19343.00 
18692.00 19342.00 
18693.00 19328.00 
18699.00 19324.00 
18705.00 19316.00 
18724.00 19315.00 
18728.00 19298.00 
18738.00 19282.00 
18764.00 19273.00 
18780.00 19265.00 
18797.00 19244.00 
18812.00 19238.00 
18829.00 19213.00 
18846.00 19190.00 
18852.00 19173.00 
18862.00 19166.00 
18863.00 19155.00 
18872.00 19134.00 
18880.00 19128.00 
18903.00 19126.00 
18910.00 19103.00 
18916.00 19097.00 
18924.00 19086.00 
18950.00 19082.00 
18962.00 19059.00 
18985.00 19039.00 
19002.00 19012.00 
19011.00 18992.00 
19026.00 18964.00 
19033.00 18949.00 
19041.00 18906.00 
19061.00 18892.00 
19087.00 18883.00 
19127.00 18841.00 
18116.00 19689.00 
18168.00 19686.00 
18215.00 19667.00 
18242.00 19652.00 
18253.00 19649.00 
18262.00 19636.00 
18277.00 19626.00 
18329.00 19619.00 
18346.00 19589.00 
18362.00 19584.00 
18386.00 19571.00 
18396.00 19561.00 
18415.00 19554.00 
18417.00 19551.00 
18434.00 19537.00 
18446.00 19520.00 
18465.00 19519.00 
18470.00 19512.00 
18484.00 19497.00 
18489.00 19491.00 
18517.00 19490.00 
18530.00 19467.00 
18541.00 19461.00 
18542.00 19453.00 
18551.00 19451.00 
18560.00 19445.00 
18572.00 19430.00 
18585.00 19428.00 
18591.00 19425.00 
18609.00 19414.00 
18661.00 19398.00 
18681.00 19348.00 
18682.00 19340.00 
18710.00 19328.00 
18727.00 19317.00 
18730.00 19292.00 
18735.00 19289.00 
18747.00 19286.00 
18764.00 19284.00 
18770.00 19255.00 
18785.00 19247.00 
18799.00 19237.00 
18817.00 19217.00 
18825.00 19213.00 
18835.00 19194.00 
18858.00 19173.00 
18871.00 19159.00 
18885.00 19157.00 
18902.00 19129.00 
18919.00 19108.00 
18928.00 19096.00 
18935.00 19080.00 
18939.00 19060.00 
18970.00 19053.00 
18977.00 19005.00 
18988.00 18998.00 
18996.00 18965.00 
19023.00 18961.00 
19040.00 18935.00 
19051.00 18915.00 
19056.00 18893.00 
19078.00 18846.00 
18117.00 19663.00 
18190.00 19654.00 
18209.00 19643.00 
18229.00 19633.00 
18296.00 19622.00 
18306.00 19615.00 
18336.00 19592.00 
18381.00 19585.00 
18382.00 19557.00 
18434.00 19544.00 
18461.00 19543.00 
18470.00 19510.00 
18507.00 19504.00 
18521.00 19481.00 
18524.00 19472.00 
18529.00 19468.00 
18544.00 19467.00 
18584.00 19460.00 
18609.00 19430.00 
18622.00 19423.00 
18632.00 19409.00 
18650.00 19395.00 
18665.00 19379.00 
18680.00 19355.00 
18688.00 19345.00 
18698.00 19341.00 
18700.00 19340.00 
18713.00 19328.00 
18730.00 19326.00 
18733.00 19317.00 
18735.00 19316.00 
18738.00 19297.00 
18758.00 19281.00 
18776.00 19279.00 
18778.00 19272.00 
18790.00 19265.00 
18791.00 19255.00 
18804.00 19251.00 
18820.00 19241.00 
18829.00 19230.00 
18830.00 19221.00 
18837.00 19210.00 
18849.00 19198.00 
18855.00 19195.00 
18866.00 19178.00 
18874.00 19172.00 
18897.00 19164.00 
18903.00 19146.00 
18908.00 19140.00 
18913.00 19130.00 
18920.00 19122.00 
18936.00 19114.00 
18962.00 19106.00 
18974.00 19090.00 
18992.00 19063.00 
18998.00 19056.00 
19002.00 19046.00 
19007.00 19013.00 
19043.00 19009.00 
19056.00 18982.00 
19066.00 18971.00 
19079.00 18965.00 
19099.00 18941.00 
19123.00 18928.00 
19131.00 18913.00 
19170.00 18861.00 
19174.00 18812.00 
19182.00 18778.00 
19206.00 18768.00 
19209.00 18728.00 
19232.00 18720.00 
19239.00 18697.00 
19271.00 18621.00 
19281.00 18611.00 
19321.00 18583.00 
17934.00 19825.00 
17944.00 19821.00 
17951.00 19816.00 
17975.00 19813.00 
18016.00 19799.00 
18021.00 19789.00 
18025.00 19784.00 
18041.00 19781.00 
18089.00 19778.00 
18102.00 19773.00 
18110.00 19762.00 
18112.00 19750.00 
18139.00 19745.00 
18175.00 19728.00 
18189.00 19725.00 
18200.00 19707.00 
18205.00 19704.00 
18234.00 19696.00 
18244.00 19685.00 
18269.00 19678.00 
18303.00 19652.00 
18309.00 19651.00 
18321.00 19639.00 
18361.00 19635.00 
18383.00 19608.00 
18387.00 19576.00 
18410.00 19569.00 
18430.00 19563.00 
18470.00 19538.00 
18502.00 19506.00 
18515.00 19483.00 
18548.00 19478.00 
18576.00 19461.00 
18583.00 19440.00 
18589.00 19438.00 
18599.00 19430.00 
18602.00 19423.00 
18620.00 19404.00 
18631.00 19401.00 
18632.00 19382.00 
18641.00 19381.00 
18642.00 19374.00 
18662.00 19365.00 
18671.00 19359.00 
18675.00 19340.00 
18684.00 19331.00 
18685.00 19327.00 
18693.00 19326.00 
18725.00 19320.00 
18726.00 19311.00 
18743.00 19304.00 
18751.00 19278.00 
18766.00 19254.00 
18782.00 19237.00 
18824.00 19219.00 
18836.00 19205.00 
18857.00 19199.00 
18859.00 19180.00 
18879.00 19173.00 
18893.00 19132.00 
18929.00 19108.00 
18953.00 19103.00 
18963.00 19053.00 
18970.00 19030.00 
18988.00 19027.00 
18995.00 19024.00 
19036.00 18990.00 
19045.00 18911.00 
19051.00 18881.00 
19083.00 18876.00 
19092.00 18859.00 
19111.00 18800.00 
18509.00 19441.00 
18546.00 19384.00 
18550.00 19359.00 
18579.00 19343.00 
18592.00 19337.00 
18632.00 19324.00 
18712.00 19289.00 
18747.00 19265.00 
18762.00 19193.00 
18811.00 19190.00 
18813.00 19172.00 
18818.00 19148.00 
18829.00 19143.00 
18840.00 19119.00 
18865.00 19112.00 
18889.00 19100.00 
18895.00 19079.00 
18925.00 19078.00 
18945.00 19026.00 
18991.00 19015.00 
19020.00 19014.00 
19032.00 18962.00 
19039.00 18959.00 
19090.00 18934.00 
19103.00 18873.00 
19140.00 18854.00 
19153.00 18815.00 
19157.00 18791.00 
19164.00 18787.00 
19186.00 18782.00 
19218.00 18740.00 
19240.00 18722.00 
19243.00 18706.00 
19260.00 18680.00 
19279.00 18653.00 
19298.00 18612.00 
19311.00 18603.00 
19313.00 18578.00 
19324.00 18559.00 
19327.00 18556.00 
19337.00 18551.00 
19347.00 18538.00 
19357.00 18522.00 
19359.00 18507.00 
19366.00 18498.00 
19375.00 18488.00 
19377.00 18486.00 
19392.00 18470.00 
19427.00 18434.00 
19428.00 18418.00 
19445.00 18383.00 
19455.00 18355.00 
19457.00 18333.00 
19466.00 18324.00 
19469.00 18302.00 
19475.00 18295.00 
19484.00 18273.00 
19498.00 18203.00 
19527.00 18169.00 
18340.00 19514.00 
18390.00 19503.00 
18407.00 19501.00 
18411.00 19489.00 
18454.00 19472.00 
18498.00 19468.00 
18510.00 19443.00 
18542.00 19437.00 
18592.00 19421.00 
18598.00 19388.00 
18608.00 19382.00 
18632.00 19377.00 
18639.00 19362.00 
18641.00 19353.00 
18651.00 19350.00 
18670.00 19344.00 
18674.00 19323.00 
18713.00 19317.00 
18721.00 19294.00 
18737.00 19287.00 
18748.00 19270.00 
18750.00 19269.00 
18758.00 19256.00 
18772.00 19244.00 
18787.00 19243.00 
18810.00 19229.00 
18813.00 19216.00 
18815.00 19202.00 
18816.00 19200.00 
18824.00 19198.00 
18827.00 19186.00 
18840.00 19184.00 
18863.00 19180.00 
18871.00 19161.00 
18880.00 19147.00 
18889.00 19129.00 
18895.00 19120.00 
18939.00 19111.00 
18961.00 19062.00 
18972.00 19042.00 
18985.00 19036.00 
18986.00 19017.00 
18996.00 19015.00 
19002.00 19011.00 
19004.00 18996.00 
19022.00 18990.00 
19023.00 18966.00 
19059.00 18961.00 
19092.00 18924.00 
19116.00 18891.00 
19124.00 18875.00 
19138.00 18836.00 
19148.00 18830.00 
19159.00 18809.00 
19175.00 18796.00 
19191.00 18785.00 
19199.00 18779.00 
19214.00 18750.00 
19221.00 18737.00 
19222.00 18713.00 
19236.00 18700.00 
19238.00 18686.00 
19274.00 18623.00 
19277.00 18615.00 
19291.00 18606.00 
19304.00 18597.00 
19319.00 18578.00 
19328.00 18552.00 
19343.00 18549.00 
19345.00 18516.00 
19385.00 18492.00 
18324.00 19541.00 
18331.00 19520.00 
18393.00 19509.00 
18413.00 19501.00 
18423.00 19490.00 
18459.00 19474.00 
18467.00 19466.00 
18477.00 19463.00 
18480.00 19456.00 
18489.00 19446.00 
18498.00 19439.00 
18499.00 19432.00 
18509.00 19423.00 
18544.00 19418.00 
18556.00 19411.00 
18616.00 19410.00 
18633.00 19372.00 
18635.00 19345.00 
18643.00 19341.00 
18667.00 19326.00 
18686.00 19306.00 
18711.00 19294.00 
18716.00 19270.00 
18742.00 19266.00 
18743.00 19255.00 
18773.00 19251.00 
18793.00 19250.00 
18836.00 19209.00 
18878.00 19167.00 
18892.00 19142.00 
18938.00 19118.00 
18942.00 19101.00 
18952.00 19063.00 
18957.00 19058.00 
18977.00 19049.00 
18981.00 19031.00 
19003.00 19021.00 
19013.00 19011.00 
19044.00 18975.00 
19051.00 18951.00 
19057.00 18926.00 
19074.00 18920.00 
19083.00 18912.00 
19094.00 18910.00 
19107.00 18879.00 
19110.00 18871.00 
19112.00 18867.00 
19144.00 18863.00 
19163.00 18811.00 
19168.00 18787.00 
19176.00 18783.00 
19185.00 18775.00 
19202.00 18754.00 
19203.00 18734.00 
19213.00 18731.00 
19241.00 18700.00 
19242.00 18652.00 
19256.00 18644.00 
19272.00 18641.00 
19281.00 18617.00 
19294.00 18594.00 
19323.00 18569.00 
19325.00 18558.00 
19347.00 18537.00 
17977.00 19758.00 
17993.00 19752.00 
18006.00 19730.00 
18053.00 19725.00 
18097.00 19701.00 
18168.00 19700.00 
18178.00 19695.00 
18215.00 19675.00 
18221.00 19661.00 
18225.00 19642.00 
18278.00 19639.00 
18307.00 19622.00 
18328.00 19596.00 
18338.00 19578.00 
18347.00 19568.00 
18366.00 19565.00 
18380.00 19546.00 
18409.00 19526.00 
18425.00 19520.00 
18450.00 19509.00 
18457.00 19491.00 
18469.00 19488.00 
18482.00 19476.00 
18500.00 19470.00 
18508.00 19458.00 
18520.00 19444.00 
18534.00 19421.00 
18545.00 19409.00 
18557.00 19407.00 
18565.00 19405.00 
18576.00 19402.00 
18594.00 19393.00 
18599.00 19380.00 
18610.00 19377.00 
18613.00 19351.00 
18623.00 19346.00 
18665.00 19345.00 
18684.00 19322.00 
18692.00 19300.00 
18697.00 19269.00 
18746.00 19260.00 
18753.00 19235.00 
18758.00 19214.00 
18759.00 19207.00 
18807.00 19205.00 
18808.00 19173.00 
18813.00 19171.00 
18840.00 19164.00 
18842.00 19130.00 
18878.00 19116.00 
18918.00 19085.00 
18949.00 19038.00 
18992.00 19015.00 
18996.00 18986.00 
19015.00 18967.00 
19039.00 18960.00 
19041.00 18911.00 
19052.00 18869.00 
19059.00 18865.00 
19071.00 18863.00 
19087.00 18841.00 
19116.00 18834.00 
19137.00 18802.00 
19147.00 18798.00 
19172.00 18722.00 
19188.00 18608.00 
18035.00 19725.00 
18063.00 19722.00 
18113.00 19707.00 
18141.00 19704.00 
18161.00 19676.00 
18207.00 19665.00 
18252.00 19654.00 
18268.00 19627.00 
18278.00 19624.00 
18323.00 19615.00 
18325.00 19605.00 
18330.00 19595.00 
18373.00 19578.00 
18401.00 19560.00 
18405.00 19547.00 
18417.00 19538.00 
18419.00 19527.00 
18431.00 19525.00 
18440.00 19522.00 
18463.00 19491.00 
18474.00 19486.00 
18490.00 19485.00 
18509.00 19462.00 
18516.00 19450.00 
18554.00 19440.00 
18562.00 19422.00 
18568.00 19388.00 
18631.00 19386.00 
18642.00 19366.00 
18654.00 19354.00 
18680.00 19339.00 
18693.00 19325.00 
18702.00 19307.00 
18706.00 19296.00 
18716.00 19276.00 
18718.00 19272.00 
18729.00 19263.00 
18739.00 19256.00 
18758.00 19255.00 
18769.00 19229.00 
18771.00 19216.00 
18794.00 19203.00 
18829.00 19198.00 
18830.00 19182.00 
18841.00 19166.00 
18853.00 19141.00 
18867.00 19133.00 
18870.00 19119.00 
18889.00 19107.00 
18909.00 19102.00 
18923.00 19078.00 
18935.00 19044.00 
18944.00 19043.00 
18950.00 19042.00 
18964.00 19036.00 
18971.00 19009.00 
18975.00 19003.00 
18993.00 18991.00 
19006.00 18988.00 
19009.00 18971.00 
19032.00 18969.00 
19037.00 18921.00 
19075.00 18913.00 
19087.00 18875.00 
19092.00 18859.00 
19117.00 18836.00 
19131.00 18826.00 
19140.00 18779.00 
19163.00 18776.00 
19192.00 18677.00 
19207.00 18641.00 
19233.00 18519.00 
18271.00 19667.00 
18330.00 19639.00 
18371.00 19593.00 
18401.00 19592.00 
18404.00 19579.00 
18416.00 19569.00 
18432.00 19555.00 
18437.00 19547.00 
18444.00 19539.00 
18452.00 19530.00 
18488.00 19528.00 
18497.00 19506.00 
18514.00 19498.00 
18540.00 19488.00 
18568.00 19468.00 
18598.00 19459.00 
18612.00 19435.00 
18634.00 19429.00 
18652.00 19399.00 
18658.00 19386.00 
18661.00 19365.00 
18676.00 19355.00 
18678.00 19354.00 
18681.00 19331.00 
18711.00 19329.00 
18723.00 19324.00 
18732.00 19318.00 
18746.00 19292.00 
18763.00 19285.00 
18767.00 19275.00 
18779.00 19271.00 
18803.00 19264.00 
18807.00 19227.00 
18830.00 19218.00 
18832.00 19199.00 
18854.00 19194.00 
18860.00 19191.00 
18861.00 19186.00 
18886.00 19183.00 
18890.00 19157.00 
18899.00 19148.00 
18904.00 19134.00 
18912.00 19128.00 
18917.00 19120.00 
18923.00 19105.00 
18930.00 19103.00 
18934.00 19099.00 
18939.00 19091.00 
18947.00 19088.00 
18972.00 19069.00 
18997.00 19028.00 
19023.00 19026.00 
19033.00 19012.00 
19036.00 18961.00 
19045.00 18949.00 
19051.00 18944.00 
19091.00 18937.00 
19107.00 18901.00 
19113.00 18843.00 
19117.00 18838.00 
19135.00 18831.00 
19141.00 18779.00 
19160.00 18776.00 
19173.00 18763.00 
19192.00 18758.00 
19203.00 18683.00 
19205.00 18680.00 
19230.00 18670.00 
18381.00 19502.00 
18411.00 19498.00 
18418.00 19494.00 
18427.00 19491.00 
18480.00 19475.00 
18510.00 19459.00 
18512.00 19438.00 
18540.00 19423.00 
18564.00 19410.00 
18579.00 19400.00 
18599.00 19382.00 
18611.00 19373.00 
18626.00 19365.00 
18634.00 19359.00 
18638.00 19358.00 
18662.00 19338.00 
18665.00 19319.00 
18687.00 19312.00 
18696.00 19307.00 
18712.00 19283.00 
18726.00 19277.00 
18733.00 19273.00 
18759.00 19270.00 
18773.00 19250.00 
18794.00 19235.00 
18819.00 19203.00 
18847.00 19169.00 
18858.00 19166.00 
18859.00 19148.00 
18879.00 19143.00 
18891.00 19122.00 
18895.00 19099.00 
18911.00 19094.00 
18921.00 19088.00 
18923.00 19080.00 
18945.00 19070.00 
18946.00 19068.00 
18980.00 19045.00 
18988.00 19021.00 
19007.00 18992.00 
19015.00 18988.00 
19019.00 18974.00 
19032.00 18969.00 
19037.00 18944.00 
19073.00 18943.00 
19099.00 18888.00 
19112.00 18876.00 
19118.00 18843.00 
19129.00 18836.00 
19137.00 18832.00 
19139.00 18817.00 
19162.00 18809.00 
19165.00 18783.00 
19200.00 18759.00 
19227.00 18735.00 
19249.00 18688.00 
19256.00 18673.00 
19257.00 18655.00 
19266.00 18621.00 
19270.00 18608.00 
19272.00 18594.00 
19273.00 18591.00 
19291.00 18589.00 
19315.00 18563.00 
19329.00 18498.00 
18295.00 19542.00 
18303.00 19538.00 
18357.00 19532.00 
18389.00 19513.00 
18420.00 19497.00 
18452.00 19486.00 
18484.00 19476.00 
18505.00 19468.00 
18512.00 19450.00 
18516.00 19449.00 
18554.00 19440.00 
18579.00 19435.00 
18583.00 19403.00 
18598.00 19397.00 
18601.00 19387.00 
18607.00 19375.00 
18647.00 19374.00 
18650.00 19357.00 
18660.00 19346.00 
18684.00 19342.00 
18705.00 19333.00 
18711.00 19312.00 
18749.00 19299.00 
18750.00 19276.00 
18772.00 19244.00 
18799.00 19242.00 
18803.00 19221.00 
18811.00 19211.00 
18843.00 19200.00 
18861.00 19191.00 
18870.00 19185.00 
18885.00 19160.00 
18887.00 19154.00 
18907.00 19149.00 
18920.00 19135.00 
18923.00 19120.00 
18960.00 19107.00 
18963.00 19074.00 
18966.00 19070.00 
18976.00 19053.00 
18978.00 19046.00 
19022.00 19027.00 
19030.00 19004.00 
19044.00 18992.00 
19054.00 18982.00 
19057.00 18969.00 
19072.00 18955.00 
19088.00 18934.00 
19098.00 18927.00 
19108.00 18919.00 
19126.00 18890.00 
19138.00 18874.00 
19139.00 18848.00 
19169.00 18842.00 
19186.00 18830.00 
19190.00 18828.00 
19196.00 18799.00 
19227.00 18769.00 
19238.00 18739.00 
19244.00 18710.00 
19250.00 18701.00 
19285.00 18682.00 
19291.00 18673.00 
19311.00 18623.00 
19329.00 18614.00 
19341.00 18573.00 
19342.00 18554.00 
19353.00 18525.00 
19361.00 18483.00 
19373.00 18437.00 
19381.00 18386.00 
19397.00 18374.00 
19426.00 18365.00 
17834.00 19872.00 
17850.00 19869.00 
17928.00 19847.00 
17932.00 19821.00 
17972.00 19817.00 
17987.00 19802.00 
18039.00 19792.00 
18049.00 19783.00 
18079.00 19777.00 
18082.00 19773.00 
18101.00 19748.00 
18136.00 19743.00 
18169.00 19724.00 
18178.00 19715.00 
18188.00 19712.00 
18197.00 19703.00 
18212.00 19693.00 
18233.00 19688.00 
18265.00 19649.00 
18277.00 19637.00 
18306.00 19634.00 
18328.00 19622.00 
18337.00 19608.00 
18340.00 19606.00 
18343.00 19597.00 
18350.00 19595.00 
18355.00 19589.00 
18366.00 19585.00 
18386.00 19582.00 
18387.00 19557.00 
18399.00 19554.00 
18421.00 19547.00 
18455.00 19528.00 
18457.00 19494.00 
18495.00 19489.00 
18530.00 19453.00 
18576.00 19425.00 
18577.00 19418.00 
18591.00 19399.00 
18597.00 19390.00 
18639.00 19374.00 
18646.00 19348.00 
18682.00 19332.00 
18692.00 19316.00 
18726.00 19303.00 
18748.00 19292.00 
18782.00 19234.00 
18817.00 19225.00 
18823.00 19181.00 
18840.00 19170.00 
18851.00 19160.00 
18862.00 19143.00 
18866.00 19132.00 
18875.00 19112.00 
18884.00 19108.00 
18918.00 19095.00 
18919.00 19085.00 
18925.00 19040.00 
18944.00 19039.00 
18952.00 19024.00 
18979.00 19013.00 
19062.00 18958.00 
19064.00 18836.00 
19097.00 18822.00 
19111.00 18814.00 
19122.00 18790.00 
19139.00 18745.00 
19152.00 18677.00 
17987.00 19760.00 
18042.00 19718.00 
18085.00 19714.00 
18114.00 19709.00 
18156.00 19696.00 
18174.00 19685.00 
18212.00 19665.00 
18217.00 19657.00 
18226.00 19655.00 
18244.00 19650.00 
18264.00 19638.00 
18284.00 19630.00 
18301.00 19627.00 
18347.00 19596.00 
18360.00 19590.00 
18369.00 19574.00 
18379.00 19568.00 
18380.00 19560.00 
18413.00 19551.00 
18423.00 19538.00 
18437.00 19531.00 
18439.00 19528.00 
18464.00 19512.00 
18473.00 19495.00 
18483.00 19483.00 
18497.00 19482.00 
18499.00 19472.00 
18516.00 19468.00 
18532.00 19455.00 
18539.00 19442.00 
18551.00 19441.00 
18555.00 19439.00 
18595.00 19418.00 
18598.00 19402.00 
18611.00 19394.00 
18621.00 19386.00 
18633.00 19374.00 
18638.00 19359.00 
18639.00 19355.00 
18658.00 19352.00 
18695.00 19350.00 
18713.00 19319.00 
18714.00 19314.00 
18725.00 19304.00 
18727.00 19295.00 
18734.00 19282.00 
18754.00 19271.00 
18768.00 19269.00 
18774.00 19253.00 
18786.00 19245.00 
18797.00 19216.00 
18818.00 19211.00 
18836.00 19195.00 
18843.00 19162.00 
18876.00 19152.00 
18900.00 19133.00 
18923.00 19103.00 
18927.00 19083.00 
18944.00 19069.00 
18962.00 19055.00 
18964.00 19050.00 
18972.00 19035.00 
18997.00 19033.00 
19005.00 19011.00 
19010.00 18994.00 
19015.00 18989.00 
19029.00 18976.00 
19045.00 18943.00 
19070.00 18928.00 
19072.00 18920.00 
19096.00 18910.00 
19107.00 18893.00 
19129.00 18867.00 
19159.00 18832.00 
19168.00 18792.00 
19199.00 18788.00 
17993.00 19786.00 
18035.00 19776.00 
18065.00 19753.00 
18126.00 19748.00 
18139.00 19738.00 
18191.00 19729.00 
18196.00 19709.00 
18205.00 19708.00 
18226.00 19687.00 
18239.00 19684.00 
18252.00 19673.00 
18276.00 19671.00 
18298.00 19663.00 
18315.00 19650.00 
18340.00 19634.00 
18341.00 19621.00 
18355.00 19610.00 
18363.00 19603.00 
18376.00 19595.00 
18400.00 19593.00 
18416.00 19572.00 
18431.00 19567.00 
18449.00 19561.00 
18456.00 19544.00 
18469.00 19529.00 
18495.00 19516.00 
18502.00 19505.00 
18535.00 19497.00 
18551.00 19475.00 
18559.00 19472.00 
18569.00 19454.00 
18598.00 19437.00 
18602.00 19428.00 
18610.00 19419.00 
18635.00 19410.00 
18646.00 19380.00 
18649.00 19368.00 
18669.00 19362.00 
18681.00 19361.00 
18682.00 19352.00 
18693.00 19346.00 
18720.00 19332.00 
18741.00 19322.00 
18759.00 19283.00 
18769.00 19260.00 
18771.00 19258.00 
18780.00 19247.00 
18796.00 19246.00 
18812.00 19236.00 
18813.00 19214.00 
18823.00 19206.00 
18828.00 19200.00 
18841.00 19176.00 
18865.00 19169.00 
18891.00 19143.00 
18895.00 19132.00 
18909.00 19127.00 
18925.00 19081.00 
18950.00 19072.00 
18966.00 19051.00 
18975.00 19016.00 
18986.00 19003.00 
18993.00 18982.00 
19050.00 18976.00 
19055.00 18814.00 
18157.00 19674.00 
18201.00 19646.00 
18241.00 19643.00 
18271.00 19631.00 
18290.00 19613.00 
18344.00 19607.00 
18374.00 19596.00 
18381.00 19584.00 
18388.00 19578.00 
18396.00 19568.00 
18444.00 19554.00 
18452.00 19544.00 
18461.00 19538.00 
18499.00 19530.00 
18512.00 19508.00 
18514.00 19498.00 
18525.00 19489.00 
18543.00 19469.00 
18549.00 19458.00 
18558.00 19454.00 
18583.00 19450.00 
18584.00 19440.00 
18587.00 19435.00 
18623.00 19430.00 
18639.00 19410.00 
18664.00 19385.00 
18674.00 19374.00 
18677.00 19361.00 
18711.00 19354.00 
18719.00 19338.00 
18720.00 19327.00 
18723.00 19317.00 
18724.00 19313.00 
18732.00 19306.00 
18745.00 19301.00 
18769.00 19292.00 
18778.00 19284.00 
18785.00 19273.00 
18801.00 19259.00 
18817.00 19254.00 
18819.00 19221.00 
18824.00 19207.00 
18844.00 19204.00 
18863.00 19199.00 
18870.00 19178.00 
18885.00 19172.00 
18902.00 19170.00 
18907.00 19139.00 
18928.00 19104.00 
18949.00 19100.00 
18972.00 19081.00 
18984.00 19053.00 
19000.00 19037.00 
19004.00 19033.00 
19020.00 19032.00 
19041.00 19008.00 
19043.00 18989.00 
19052.00 18969.00 
19061.00 18961.00 
19075.00 18943.00 
19089.00 18928.00 
19096.00 18916.00 
19098.00 18881.00 
19164.00 18866.00 
19168.00 18786.00 
19189.00 18772.00 
19193.00 18693.00 
19205.00 18692.00 
19243.00 18683.00 
