26078.00 26867.00 27939.00 
26122.00 26943.00 27891.00 
26171.00 26238.00 28229.00 
26221.00 27072.00 27816.00 
26229.00 26581.00 28121.00 
26243.00 27203.00 27687.00 
26302.00 27302.00 27579.00 
26315.00 27163.00 27713.00 
26318.00 26158.00 28281.00 
26332.00 27296.00 27593.00 
26365.00 27229.00 27678.00 
26383.00 27366.00 27462.00 
26527.00 27402.00 27396.00 
26640.00 27564.00 27126.00 
26728.00 25765.00 28351.00 
26832.00 26232.00 27614.00 
26865.00 27693.00 26923.00 
26871.00 27826.00 26354.00 
26907.00 25543.00 28306.00 
27013.00 27160.00 26980.00 
27051.00 27900.00 26155.00 
27322.00 25017.00 28332.00 
27374.00 27865.00 25805.00 
27652.00 24811.00 28180.00 
27687.00 24815.00 28120.00 
27726.00 27073.00 26070.00 
27750.00 25596.00 27674.00 
27758.00 26322.00 26904.00 
27921.00 27705.00 25506.00 
28215.00 27568.00 25447.00 
28222.00 24799.00 27895.00 
28271.00 27532.00 25479.00 
28281.00 27527.00 25374.00 
28307.00 24749.00 27833.00 
28490.00 26358.00 26117.00 
28495.00 27308.00 25558.00 
28499.00 24840.00 27695.00 
28507.00 27285.00 25614.00 
28570.00 24869.00 27633.00 
28579.00 27176.00 25526.00 
28622.00 25759.00 27040.00 
28695.00 27100.00 25581.00 
28722.00 27085.00 25375.00 
28797.00 27001.00 25403.00 
28858.00 24971.00 27387.00 
28883.00 25034.00 27336.00 
28896.00 26873.00 25339.00 
28938.00 26804.00 25345.00 
29015.00 25070.00 27100.00 
29030.00 24991.00 27033.00 
29144.00 26414.00 25453.00 
29180.00 26311.00 25373.00 
29209.00 25455.00 26015.00 
29249.00 25232.00 26587.00 
29314.00 25132.00 26341.00 
29320.00 26040.00 25686.00 
29432.00 25726.00 25877.00 
26171.00 26707.00 28116.00 
26296.00 26204.00 28467.00 
26332.00 26630.00 28226.00 
26373.00 27344.00 27456.00 
26408.00 27220.00 27669.00 
26432.00 26649.00 28212.00 
26441.00 26018.00 28502.00 
26448.00 26999.00 27927.00 
26454.00 26797.00 28105.00 
26468.00 27056.00 27856.00 
26477.00 27458.00 27109.00 
26514.00 26875.00 28018.00 
26523.00 27305.00 27536.00 
26563.00 27438.00 27292.00 
26610.00 25821.00 28527.00 
26765.00 27644.00 26475.00 
26821.00 25336.00 28568.00 
26921.00 27577.00 26812.00 
26963.00 25450.00 28457.00 
27031.00 26268.00 27787.00 
27085.00 25277.00 28550.00 
27187.00 27083.00 27108.00 
27253.00 27639.00 26460.00 
27505.00 24861.00 28351.00 
27528.00 27626.00 26152.00 
27684.00 24851.00 28241.00 
27766.00 26258.00 27040.00 
27787.00 27583.00 26054.00 
27882.00 25609.00 27856.00 
27887.00 24979.00 28179.00 
27959.00 27072.00 26490.00 
27996.00 27525.00 25957.00 
28001.00 27522.00 25864.00 
28165.00 24876.00 28016.00 
28226.00 25075.00 27991.00 
28311.00 27393.00 25971.00 
28339.00 25037.00 27913.00 
28445.00 25170.00 27856.00 
28508.00 25218.00 27700.00 
28552.00 27258.00 25854.00 
28558.00 25113.00 27667.00 
28583.00 25652.00 27177.00 
28619.00 27104.00 25896.00 
28627.00 27184.00 25865.00 
28637.00 26423.00 26518.00 
28651.00 25093.00 27538.00 
28749.00 26951.00 25786.00 
28772.00 25321.00 27409.00 
28877.00 26733.00 25894.00 
28878.00 25081.00 27258.00 
28915.00 25129.00 27185.00 
28925.00 26591.00 25883.00 
28927.00 25140.00 27167.00 
28985.00 26404.00 25976.00 
29002.00 26384.00 26049.00 
29116.00 26046.00 26100.00 
29152.00 25833.00 26357.00 
29170.00 25589.00 26434.00 
29218.00 25478.00 26598.00 
26160.00 26946.00 28006.00 
26162.00 26809.00 28105.00 
26164.00 27105.00 27901.00 
26191.00 26740.00 28168.00 
26202.00 27233.00 27776.00 
26215.00 27128.00 27886.00 
26280.00 27767.00 26965.00 
26315.00 27773.00 26846.00 
26330.00 27428.00 27508.00 
26332.00 27396.00 27579.00 
26379.00 26496.00 28262.00 
26476.00 26038.00 28377.00 
26482.00 27961.00 26450.00 
26761.00 25910.00 28367.00 
26835.00 27965.00 26159.00 
26899.00 28006.00 26111.00 
26929.00 26500.00 27789.00 
26968.00 27258.00 27005.00 
26982.00 25825.00 28321.00 
27154.00 25666.00 28293.00 
27181.00 28000.00 26019.00 
27621.00 26423.00 26944.00 
27678.00 25712.00 27738.00 
27816.00 27308.00 26279.00 
27839.00 27805.00 25609.00 
27869.00 25441.00 28045.00 
28208.00 27661.00 25511.00 
28299.00 27601.00 25545.00 
28358.00 25060.00 27846.00 
28404.00 25067.00 27797.00 
28433.00 27498.00 25467.00 
28438.00 26466.00 26206.00 
28441.00 25093.00 27773.00 
28444.00 27464.00 25653.00 
28475.00 25094.00 27732.00 
28492.00 27447.00 25483.00 
28502.00 27334.00 25629.00 
28505.00 25836.00 27044.00 
28534.00 27384.00 25589.00 
28565.00 27363.00 25448.00 
28595.00 25234.00 27648.00 
28609.00 25207.00 27720.00 
28667.00 25268.00 27564.00 
28680.00 25026.00 27516.00 
28742.00 25089.00 27444.00 
28761.00 27095.00 25607.00 
28787.00 25154.00 27385.00 
28854.00 25174.00 27242.00 
28864.00 26974.00 25473.00 
28873.00 26963.00 25525.00 
28918.00 25221.00 27016.00 
28942.00 26859.00 25548.00 
28973.00 26799.00 25592.00 
28982.00 25665.00 26727.00 
29002.00 26638.00 25749.00 
29024.00 25991.00 26418.00 
29042.00 25950.00 26285.00 
29061.00 26082.00 26145.00 
29087.00 26330.00 25787.00 
26350.00 26905.00 27740.00 
26368.00 27067.00 27700.00 
26389.00 27162.00 27603.00 
26412.00 27099.00 27651.00 
26460.00 27192.00 27569.00 
26465.00 26867.00 27769.00 
26486.00 26498.00 27974.00 
26491.00 27338.00 27390.00 
26630.00 27349.00 27388.00 
26661.00 26357.00 28037.00 
26667.00 27221.00 27503.00 
26681.00 27704.00 26602.00 
26682.00 26035.00 28172.00 
26724.00 27438.00 27240.00 
26752.00 27567.00 26966.00 
26815.00 25705.00 28228.00 
27013.00 25560.00 28197.00 
27046.00 27838.00 26358.00 
27074.00 27182.00 26857.00 
27083.00 26446.00 27654.00 
27176.00 25450.00 28234.00 
27256.00 25198.00 28238.00 
27564.00 25183.00 28188.00 
27805.00 25646.00 27608.00 
27814.00 25167.00 28058.00 
27890.00 27818.00 25526.00 
27896.00 27246.00 26239.00 
27942.00 26505.00 26961.00 
27957.00 25204.00 27993.00 
28000.00 27794.00 25441.00 
28180.00 27711.00 25392.00 
28241.00 25063.00 27848.00 
28413.00 27549.00 25296.00 
28424.00 25024.00 27741.00 
28452.00 27505.00 25483.00 
28498.00 27430.00 25624.00 
28546.00 27393.00 25581.00 
28551.00 25040.00 27654.00 
28600.00 27201.00 25471.00 
28607.00 25738.00 26918.00 
28613.00 26489.00 26226.00 
28652.00 25128.00 27527.00 
28684.00 25127.00 27493.00 
28763.00 25082.00 27406.00 
28778.00 27149.00 25301.00 
28799.00 27125.00 25285.00 
28882.00 25264.00 27092.00 
28939.00 25463.00 26976.00 
29011.00 26609.00 25446.00 
29055.00 25523.00 26618.00 
29058.00 26413.00 25501.00 
29111.00 26260.00 25643.00 
29116.00 25584.00 26413.00 
29191.00 25885.00 25948.00 
29197.00 25654.00 26130.00 
29222.00 25789.00 26016.00 
26416.00 27483.00 27259.00 
26427.00 27524.00 27226.00 
26469.00 27322.00 27486.00 
26494.00 27466.00 27322.00 
26495.00 27466.00 27316.00 
26565.00 27013.00 27830.00 
26572.00 27294.00 27521.00 
26593.00 26618.00 27987.00 
26600.00 27290.00 27521.00 
26605.00 26742.00 27940.00 
26647.00 26883.00 27870.00 
26649.00 27060.00 27742.00 
26674.00 26449.00 27926.00 
26747.00 27389.00 27377.00 
26748.00 27695.00 26713.00 
26841.00 27814.00 26643.00 
26861.00 27832.00 26561.00 
26926.00 26185.00 28038.00 
27241.00 25827.00 28077.00 
27330.00 27810.00 26283.00 
27349.00 27113.00 26633.00 
27360.00 27846.00 26127.00 
27400.00 25896.00 27978.00 
27408.00 27778.00 26015.00 
27468.00 26535.00 27306.00 
27616.00 25564.00 27999.00 
27653.00 27744.00 25938.00 
27848.00 25391.00 27838.00 
27938.00 25562.00 27797.00 
27972.00 25781.00 27265.00 
27980.00 25335.00 27744.00 
27980.00 27568.00 25729.00 
28102.00 27190.00 26024.00 
28179.00 26703.00 26807.00 
28250.00 27427.00 25662.00 
28521.00 25355.00 27509.00 
28544.00 27239.00 25465.00 
28572.00 25269.00 27473.00 
28580.00 27228.00 25551.00 
28585.00 27178.00 25687.00 
28625.00 25292.00 27436.00 
28632.00 25231.00 27406.00 
28632.00 27084.00 25378.00 
28661.00 25317.00 27394.00 
28687.00 25237.00 27320.00 
28706.00 25963.00 26742.00 
28718.00 26563.00 26048.00 
28797.00 25287.00 27305.00 
28830.00 25191.00 27130.00 
28832.00 26939.00 25502.00 
28838.00 26924.00 25388.00 
28881.00 25403.00 27091.00 
28888.00 26830.00 25504.00 
28889.00 25320.00 27072.00 
28939.00 26745.00 25524.00 
28956.00 25450.00 26971.00 
28990.00 26584.00 25569.00 
29017.00 25417.00 26775.00 
29098.00 25664.00 26612.00 
29185.00 26096.00 26035.00 
29192.00 25918.00 26252.00 
29201.00 26040.00 26029.00 
26756.00 26642.00 27837.00 
26789.00 27243.00 27361.00 
26831.00 27220.00 27426.00 
26836.00 26323.00 27993.00 
26844.00 26202.00 28054.00 
26854.00 27385.00 27192.00 
26882.00 25511.00 28140.00 
26893.00 27031.00 27573.00 
26897.00 26889.00 27667.00 
26907.00 27090.00 27540.00 
26922.00 26703.00 27793.00 
26938.00 27260.00 27334.00 
26951.00 26951.00 27622.00 
26958.00 25893.00 28078.00 
27074.00 27555.00 26893.00 
27338.00 27713.00 26470.00 
27423.00 27768.00 26298.00 
27452.00 25422.00 28086.00 
27564.00 26911.00 26792.00 
27585.00 26199.00 27507.00 
27608.00 27748.00 25997.00 
27632.00 25348.00 28081.00 
27679.00 27585.00 26238.00 
27734.00 25303.00 28016.00 
27897.00 27634.00 25625.00 
28252.00 25055.00 27783.00 
28347.00 25605.00 27554.00 
28349.00 26262.00 26859.00 
28365.00 27494.00 25522.00 
28367.00 26956.00 26234.00 
28507.00 27433.00 25682.00 
28534.00 25148.00 27681.00 
28663.00 25106.00 27569.00 
28677.00 27292.00 25434.00 
28798.00 27214.00 25366.00 
28856.00 27184.00 25401.00 
28867.00 25050.00 27415.00 
28884.00 25013.00 27376.00 
28885.00 25042.00 27350.00 
28894.00 27101.00 25399.00 
28951.00 25106.00 27301.00 
28955.00 26885.00 25381.00 
28974.00 25468.00 26809.00 
28974.00 27011.00 25328.00 
28979.00 26201.00 26092.00 
28980.00 25091.00 27251.00 
29000.00 25205.00 27217.00 
29001.00 25207.00 27211.00 
29033.00 26904.00 25324.00 
29114.00 26733.00 25306.00 
29168.00 25234.00 26975.00 
29179.00 26589.00 25308.00 
29232.00 26436.00 25463.00 
29243.00 25287.00 26807.00 
29252.00 25192.00 26754.00 
29298.00 25218.00 26608.00 
29306.00 26175.00 25536.00 
29329.00 25201.00 26528.00 
29354.00 25889.00 25920.00 
29360.00 25441.00 26061.00 
29367.00 25798.00 26045.00 
26462.00 26233.00 28148.00 
26522.00 26744.00 27965.00 
26554.00 25724.00 28285.00 
26583.00 26665.00 28012.00 
26598.00 27012.00 27747.00 
26604.00 27169.00 27574.00 
26616.00 27064.00 27659.00 
26619.00 26977.00 27757.00 
26639.00 27278.00 27360.00 
26707.00 26910.00 27713.00 
26713.00 27405.00 26984.00 
26750.00 27363.00 27156.00 
26902.00 25445.00 28317.00 
27051.00 27503.00 26673.00 
27052.00 27467.00 26856.00 
27118.00 25390.00 28303.00 
27325.00 25251.00 28233.00 
27335.00 26902.00 26983.00 
27512.00 26289.00 27760.00 
27533.00 27544.00 26298.00 
27671.00 27541.00 26140.00 
27697.00 24994.00 28085.00 
27728.00 27534.00 25939.00 
27908.00 25013.00 27973.00 
28043.00 25442.00 27661.00 
28055.00 25082.00 27903.00 
28072.00 26947.00 26326.00 
28078.00 26303.00 27061.00 
28089.00 27407.00 25575.00 
28354.00 25026.00 27742.00 
28459.00 25039.00 27628.00 
28520.00 25290.00 27546.00 
28592.00 27275.00 25752.00 
28596.00 27255.00 25716.00 
28623.00 25148.00 27495.00 
28625.00 24807.00 27472.00 
28653.00 27221.00 25709.00 
28674.00 25104.00 27432.00 
28701.00 24944.00 27420.00 
28728.00 26156.00 26236.00 
28741.00 24813.00 27341.00 
28741.00 25416.00 26899.00 
28758.00 27105.00 25672.00 
28809.00 24932.00 27262.00 
28835.00 26981.00 25735.00 
28882.00 25134.00 27153.00 
28889.00 26951.00 25653.00 
28926.00 26885.00 25724.00 
28976.00 26846.00 25606.00 
29022.00 25135.00 26930.00 
29058.00 26642.00 25430.00 
29096.00 26631.00 25575.00 
29202.00 25394.00 26475.00 
29222.00 26392.00 25548.00 
29261.00 26148.00 25414.00 
29305.00 25906.00 25719.00 
29343.00 25536.00 26088.00 
29403.00 25454.00 26046.00 
26539.00 26223.00 28128.00 
26583.00 27088.00 27650.00 
26604.00 27200.00 27492.00 
26617.00 26822.00 27895.00 
26623.00 27400.00 27192.00 
26657.00 27037.00 27632.00 
26669.00 27181.00 27510.00 
26674.00 26329.00 28104.00 
26686.00 26953.00 27769.00 
26701.00 27487.00 26997.00 
26759.00 27618.00 26792.00 
26766.00 27321.00 27302.00 
26933.00 25794.00 28237.00 
26947.00 25624.00 28305.00 
27065.00 27658.00 26618.00 
27105.00 27690.00 26470.00 
27250.00 25643.00 28261.00 
27283.00 25149.00 28230.00 
27285.00 27678.00 26271.00 
27292.00 26985.00 26938.00 
27309.00 27716.00 26240.00 
27417.00 26406.00 27701.00 
27664.00 27654.00 25986.00 
27788.00 25276.00 28082.00 
27837.00 27605.00 26055.00 
28035.00 25091.00 27989.00 
28053.00 26394.00 27018.00 
28055.00 25714.00 27655.00 
28092.00 27563.00 25866.00 
28140.00 27121.00 26446.00 
28249.00 27504.00 25968.00 
28288.00 25121.00 27904.00 
28372.00 25162.00 27851.00 
28377.00 25095.00 27854.00 
28499.00 25054.00 27739.00 
28499.00 27402.00 25831.00 
28511.00 27396.00 25770.00 
28541.00 27400.00 25653.00 
28573.00 25443.00 27566.00 
28593.00 27318.00 25798.00 
28609.00 25050.00 27674.00 
28609.00 25383.00 27546.00 
28658.00 27033.00 25690.00 
28687.00 25782.00 27010.00 
28697.00 26421.00 26390.00 
28700.00 25334.00 27446.00 
28765.00 27125.00 25630.00 
28838.00 25078.00 27243.00 
28854.00 24809.00 27224.00 
28860.00 26987.00 25574.00 
28938.00 26827.00 25645.00 
29021.00 25076.00 26980.00 
29046.00 25222.00 26917.00 
29087.00 26523.00 25665.00 
29129.00 26401.00 25760.00 
29203.00 25476.00 26546.00 
29226.00 26120.00 25988.00 
29229.00 25604.00 26180.00 
29269.00 25733.00 26175.00 
29285.00 25476.00 26293.00 
26328.00 27451.00 26899.00 
26473.00 27447.00 27063.00 
26518.00 27101.00 27631.00 
26521.00 27280.00 27498.00 
26552.00 27237.00 27522.00 
26565.00 27202.00 27538.00 
26573.00 26583.00 27963.00 
26672.00 26841.00 27852.00 
26689.00 26949.00 27794.00 
26707.00 26779.00 27892.00 
26971.00 27692.00 26643.00 
26987.00 25923.00 28175.00 
27072.00 27113.00 26960.00 
27142.00 27726.00 26416.00 
27264.00 26663.00 27699.00 
27270.00 25675.00 28199.00 
27372.00 27832.00 26031.00 
27488.00 27833.00 25750.00 
27541.00 25406.00 28070.00 
27610.00 25405.00 28044.00 
27645.00 27746.00 25561.00 
27646.00 27713.00 25557.00 
27652.00 27061.00 26228.00 
27708.00 25754.00 27608.00 
27762.00 25398.00 27979.00 
27778.00 27689.00 25458.00 
27853.00 26532.00 27036.00 
28004.00 25479.00 27852.00 
28129.00 25099.00 27719.00 
28221.00 27521.00 25374.00 
28294.00 25584.00 27604.00 
28336.00 25147.00 27621.00 
28340.00 27441.00 25240.00 
28384.00 25177.00 27597.00 
28387.00 26454.00 26324.00 
28394.00 25341.00 27582.00 
28414.00 27149.00 25777.00 
28427.00 27402.00 25321.00 
28453.00 25926.00 27076.00 
28472.00 27330.00 25545.00 
28507.00 25594.00 27424.00 
28555.00 27271.00 25304.00 
28565.00 25456.00 27370.00 
28578.00 25329.00 27423.00 
28686.00 27129.00 25359.00 
28821.00 27025.00 25284.00 
28827.00 26993.00 25145.00 
28856.00 26952.00 25216.00 
28874.00 26895.00 25490.00 
28898.00 25473.00 26890.00 
28983.00 25702.00 26586.00 
29007.00 25794.00 26294.00 
29017.00 26499.00 25634.00 
29036.00 26259.00 25681.00 
29057.00 26032.00 26113.00 
29100.00 25856.00 26242.00 
26456.00 27305.00 27433.00 
26492.00 27438.00 27249.00 
26533.00 27220.00 27551.00 
26540.00 26956.00 27774.00 
26547.00 27404.00 27281.00 
26565.00 26665.00 27977.00 
26608.00 27556.00 26922.00 
26610.00 26601.00 28003.00 
26613.00 27116.00 27608.00 
26614.00 27539.00 26974.00 
26619.00 27493.00 27091.00 
26749.00 26815.00 27875.00 
26754.00 27755.00 26509.00 
26774.00 27067.00 27631.00 
26784.00 26987.00 27694.00 
26843.00 26228.00 28078.00 
26946.00 25761.00 28244.00 
27005.00 27674.00 26107.00 
27136.00 25669.00 28241.00 
27248.00 27215.00 26977.00 
27253.00 26456.00 27597.00 
27346.00 27739.00 26075.00 
27439.00 25259.00 28252.00 
27694.00 27725.00 25820.00 
27838.00 25110.00 28067.00 
27858.00 26424.00 26922.00 
27866.00 25728.00 27577.00 
27884.00 27138.00 26301.00 
27936.00 25150.00 28047.00 
27954.00 27618.00 25641.00 
28157.00 25063.00 27974.00 
28179.00 27478.00 25670.00 
28357.00 27323.00 25484.00 
28364.00 27311.00 25572.00 
28386.00 25082.00 27796.00 
28394.00 27253.00 25705.00 
28477.00 25162.00 27722.00 
28495.00 27168.00 25528.00 
28510.00 25127.00 27609.00 
28515.00 26397.00 26234.00 
28530.00 27136.00 25736.00 
28581.00 25862.00 26978.00 
28623.00 26985.00 25471.00 
28664.00 26964.00 25640.00 
28694.00 25172.00 27448.00 
28804.00 26690.00 25927.00 
28859.00 25093.00 27112.00 
28951.00 26448.00 25821.00 
28960.00 25370.00 26834.00 
28966.00 26422.00 25853.00 
28968.00 25156.00 26854.00 
28973.00 25371.00 26521.00 
29007.00 26113.00 26151.00 
29032.00 25848.00 26193.00 
26226.00 27329.00 27705.00 
26241.00 26769.00 28184.00 
26263.00 27268.00 27739.00 
26302.00 26722.00 28226.00 
26315.00 27469.00 27580.00 
26332.00 27433.00 27596.00 
26340.00 26692.00 28236.00 
26406.00 27220.00 27810.00 
26417.00 27893.00 26700.00 
26435.00 27751.00 27070.00 
26458.00 27354.00 27647.00 
26512.00 26151.00 28385.00 
26533.00 27538.00 27397.00 
26568.00 27348.00 27637.00 
26570.00 27126.00 27876.00 
26643.00 27966.00 26500.00 
26756.00 25853.00 28325.00 
26769.00 27968.00 26319.00 
26809.00 27885.00 26358.00 
26944.00 26695.00 27805.00 
26971.00 27312.00 27128.00 
26999.00 25803.00 28396.00 
27091.00 27995.00 25955.00 
27276.00 28014.00 25842.00 
27372.00 25462.00 28308.00 
27465.00 25383.00 28233.00 
27525.00 28001.00 25720.00 
27557.00 26678.00 27122.00 
27629.00 27340.00 26519.00 
27630.00 27909.00 25884.00 
27682.00 26159.00 27800.00 
27693.00 25310.00 28203.00 
27939.00 25276.00 28097.00 
28008.00 25272.00 28057.00 
28052.00 25279.00 28030.00 
28156.00 27694.00 25722.00 
28174.00 27676.00 25734.00 
28187.00 25274.00 27907.00 
28209.00 26648.00 26408.00 
28223.00 25498.00 27849.00 
28241.00 27648.00 25626.00 
28248.00 25352.00 27891.00 
28254.00 25425.00 27773.00 
28269.00 27618.00 25624.00 
28273.00 26128.00 27195.00 
28289.00 25325.00 27811.00 
28289.00 27383.00 26012.00 
28351.00 27549.00 25641.00 
28390.00 25585.00 27662.00 
28397.00 27513.00 25650.00 
28459.00 27442.00 25673.00 
28473.00 25322.00 27600.00 
28480.00 27387.00 25609.00 
28549.00 27161.00 25795.00 
28628.00 25349.00 27305.00 
28630.00 25534.00 27169.00 
28715.00 25358.00 26972.00 
28760.00 26765.00 25882.00 
28789.00 26655.00 25745.00 
28801.00 25871.00 26353.00 
28833.00 25664.00 26738.00 
28885.00 25775.00 26532.00 
28920.00 26330.00 25946.00 
28948.00 25949.00 26173.00 
28992.00 26001.00 25935.00 
26272.00 26498.00 28009.00 
26313.00 26560.00 27936.00 
26328.00 26797.00 27832.00 
26332.00 27002.00 27592.00 
26359.00 27319.00 27218.00 
26467.00 27011.00 27585.00 
26485.00 26881.00 27714.00 
26502.00 26092.00 27949.00 
26528.00 27276.00 27341.00 
26528.00 27421.00 27119.00 
26578.00 27546.00 26939.00 
26581.00 26890.00 27387.00 
26625.00 27581.00 26816.00 
26651.00 27267.00 27280.00 
26762.00 27223.00 27358.00 
26806.00 27654.00 26476.00 
26829.00 27738.00 26139.00 
26895.00 25752.00 28091.00 
27103.00 27748.00 26106.00 
27241.00 26126.00 27363.00 
27357.00 25534.00 28044.00 
27358.00 27583.00 26068.00 
27377.00 25419.00 28125.00 
27391.00 26934.00 26793.00 
27433.00 27690.00 25927.00 
27563.00 25438.00 28048.00 
27772.00 27648.00 25524.00 
27958.00 25040.00 27884.00 
27975.00 25462.00 27375.00 
27989.00 25082.00 27873.00 
28068.00 26288.00 26815.00 
28129.00 27546.00 25453.00 
28131.00 27006.00 26141.00 
28137.00 25040.00 27774.00 
28240.00 27483.00 25411.00 
28276.00 24928.00 27660.00 
28382.00 27411.00 25324.00 
28437.00 24781.00 27523.00 
28487.00 24875.00 27495.00 
28627.00 27322.00 25214.00 
28659.00 25184.00 27333.00 
28723.00 27216.00 25065.00 
28743.00 25171.00 27264.00 
28749.00 25059.00 27360.00 
28750.00 25056.00 27279.00 
28751.00 26958.00 25437.00 
28762.00 25590.00 26786.00 
28801.00 27143.00 25259.00 
28813.00 26346.00 26154.00 
28826.00 27158.00 25120.00 
28840.00 27096.00 25301.00 
28847.00 25027.00 27183.00 
28888.00 24968.00 27164.00 
28914.00 24992.00 27134.00 
28983.00 26957.00 25256.00 
28984.00 26954.00 25180.00 
28997.00 26918.00 25220.00 
29006.00 25127.00 26878.00 
29061.00 25192.00 26739.00 
29098.00 25293.00 26726.00 
29237.00 26179.00 25346.00 
29238.00 25586.00 26210.00 
29278.00 25999.00 25681.00 
29367.00 26084.00 25411.00 
26547.00 26848.00 27804.00 
26603.00 26288.00 27967.00 
26663.00 27161.00 27499.00 
26670.00 26953.00 27774.00 
26696.00 26255.00 28103.00 
26742.00 27220.00 27451.00 
26758.00 26961.00 27717.00 
26782.00 27102.00 27417.00 
26866.00 27406.00 27126.00 
26939.00 27409.00 27057.00 
27035.00 27490.00 26808.00 
27141.00 25846.00 28097.00 
27255.00 25571.00 28008.00 
27314.00 27641.00 26398.00 
27326.00 27721.00 26307.00 
27370.00 25235.00 28084.00 
27373.00 26398.00 27402.00 
27475.00 27678.00 26102.00 
27496.00 27162.00 26820.00 
27568.00 27718.00 26039.00 
27623.00 27757.00 25797.00 
27794.00 25175.00 27999.00 
27952.00 25074.00 27926.00 
28031.00 27665.00 25610.00 
28042.00 27631.00 25490.00 
28094.00 26493.00 26774.00 
28095.00 25808.00 27401.00 
28126.00 27141.00 26147.00 
28414.00 27521.00 25461.00 
28471.00 24976.00 27672.00 
28540.00 27413.00 25409.00 
28607.00 24992.00 27571.00 
28649.00 27394.00 25504.00 
28698.00 25049.00 27517.00 
28709.00 27306.00 25578.00 
28743.00 27260.00 25656.00 
28746.00 25090.00 27501.00 
28770.00 25203.00 27458.00 
28782.00 26443.00 26115.00 
28782.00 27226.00 25636.00 
28797.00 27167.00 25507.00 
28803.00 25850.00 26869.00 
28806.00 25305.00 27401.00 
28819.00 25459.00 27338.00 
28869.00 27118.00 25350.00 
28940.00 27086.00 25629.00 
28990.00 26987.00 25568.00 
29028.00 25201.00 27244.00 
29066.00 26876.00 25350.00 
29129.00 26748.00 25469.00 
29157.00 25243.00 26914.00 
29199.00 25142.00 26714.00 
29337.00 25502.00 26547.00 
29365.00 26410.00 25581.00 
29413.00 25808.00 26098.00 
29416.00 25624.00 26263.00 
29427.00 26255.00 25632.00 
29434.00 25762.00 26133.00 
29477.00 26039.00 25757.00 
26711.00 27169.00 27257.00 
26791.00 26854.00 27655.00 
26877.00 27058.00 27505.00 
26947.00 27119.00 27389.00 
26982.00 27284.00 27194.00 
26996.00 27020.00 27548.00 
27043.00 26362.00 27913.00 
27047.00 26726.00 27728.00 
27069.00 27004.00 27495.00 
27103.00 26954.00 27561.00 
27107.00 27295.00 27104.00 
27217.00 26192.00 27963.00 
27218.00 26997.00 27463.00 
27218.00 27370.00 26820.00 
27324.00 26003.00 27990.00 
27365.00 27413.00 26780.00 
27424.00 27537.00 26408.00 
27470.00 25847.00 28040.00 
27490.00 25694.00 28063.00 
27628.00 25419.00 27965.00 
27722.00 27514.00 26147.00 
27735.00 26262.00 27411.00 
27833.00 25394.00 27967.00 
27847.00 26941.00 26764.00 
28041.00 25245.00 27940.00 
28055.00 27400.00 25828.00 
28276.00 27364.00 25651.00 
28287.00 27345.00 25483.00 
28337.00 25491.00 27383.00 
28353.00 27340.00 25610.00 
28400.00 26921.00 26044.00 
28413.00 26304.00 26857.00 
28418.00 27295.00 25428.00 
28422.00 24949.00 27782.00 
28574.00 24853.00 27687.00 
28630.00 27178.00 25495.00 
28748.00 24809.00 27515.00 
28772.00 27085.00 25467.00 
28775.00 27075.00 25464.00 
28863.00 26993.00 25382.00 
28897.00 25103.00 27448.00 
28905.00 25036.00 27489.00 
28926.00 26093.00 25891.00 
28961.00 25050.00 27334.00 
28963.00 26938.00 25236.00 
28966.00 26897.00 25350.00 
28976.00 26868.00 25416.00 
28996.00 25490.00 26687.00 
29003.00 26822.00 25294.00 
29062.00 26786.00 25289.00 
29075.00 25240.00 27118.00 
29083.00 25140.00 27100.00 
29083.00 26736.00 25257.00 
29278.00 25266.00 26746.00 
29329.00 26320.00 25486.00 
29349.00 26215.00 25346.00 
29431.00 25363.00 26241.00 
29442.00 25989.00 25426.00 
29510.00 25842.00 25547.00 
29525.00 25739.00 25623.00 
29528.00 25375.00 25984.00 
26504.00 26819.00 27875.00 
26518.00 26650.00 27959.00 
26582.00 26825.00 27778.00 
26663.00 26919.00 27663.00 
26707.00 26586.00 28032.00 
26745.00 27019.00 27556.00 
26751.00 26637.00 27939.00 
26766.00 26881.00 27627.00 
26766.00 27038.00 27512.00 
26789.00 26212.00 28252.00 
26815.00 26186.00 28268.00 
26902.00 27169.00 27284.00 
26976.00 25830.00 28352.00 
27048.00 27340.00 26931.00 
27067.00 25667.00 28368.00 
27245.00 25414.00 28386.00 
27309.00 27486.00 26579.00 
27361.00 25203.00 28297.00 
27518.00 26855.00 26830.00 
27534.00 26125.00 27644.00 
27556.00 25217.00 28261.00 
27628.00 27476.00 26122.00 
27774.00 27473.00 26162.00 
27881.00 25215.00 28133.00 
27954.00 27434.00 25900.00 
28024.00 24955.00 28002.00 
28061.00 27426.00 25925.00 
28201.00 26019.00 26780.00 
28218.00 27323.00 25751.00 
28237.00 25259.00 27589.00 
28259.00 24729.00 27844.00 
28271.00 27305.00 25891.00 
28320.00 26854.00 26106.00 
28456.00 24910.00 27793.00 
28614.00 25178.00 27671.00 
28617.00 24766.00 27651.00 
28715.00 27081.00 25742.00 
28854.00 26941.00 25590.00 
28859.00 24991.00 27493.00 
28874.00 26886.00 25667.00 
28907.00 25055.00 27438.00 
28933.00 24896.00 27438.00 
28945.00 26768.00 25495.00 
28995.00 24993.00 27307.00 
29034.00 26708.00 25736.00 
29045.00 26749.00 25636.00 
29071.00 26727.00 25630.00 
29099.00 25398.00 26894.00 
29109.00 26128.00 26136.00 
29120.00 25179.00 26998.00 
29170.00 25153.00 27002.00 
29187.00 26542.00 25686.00 
29267.00 25399.00 26594.00 
29285.00 26321.00 25873.00 
29288.00 26280.00 25588.00 
29378.00 25932.00 26110.00 
29392.00 25622.00 26290.00 
29396.00 25780.00 26119.00 
29412.00 25654.00 26139.00 
26282.00 26470.00 28033.00 
26321.00 26750.00 27874.00 
26447.00 27478.00 27081.00 
26578.00 27045.00 27673.00 
26623.00 27115.00 27595.00 
26628.00 26182.00 28080.00 
26644.00 27213.00 27475.00 
26654.00 26986.00 27739.00 
26690.00 26901.00 27828.00 
26710.00 27506.00 27049.00 
26749.00 26714.00 27914.00 
26762.00 25880.00 28146.00 
26777.00 27140.00 27548.00 
26791.00 27332.00 27281.00 
26826.00 27080.00 27618.00 
26837.00 27657.00 26625.00 
26874.00 27623.00 26743.00 
26877.00 25450.00 28170.00 
26966.00 27686.00 26081.00 
26970.00 25394.00 28203.00 
27227.00 25238.00 28244.00 
27265.00 26417.00 27712.00 
27296.00 27173.00 27101.00 
27457.00 27845.00 25971.00 
27511.00 27839.00 25865.00 
27696.00 25186.00 28057.00 
27756.00 25618.00 27645.00 
27849.00 25113.00 27971.00 
27870.00 26445.00 26999.00 
27907.00 27713.00 25781.00 
27924.00 27183.00 26403.00 
28032.00 25111.00 27875.00 
28094.00 24986.00 27802.00 
28170.00 27549.00 25596.00 
28265.00 25149.00 27682.00 
28299.00 27436.00 25572.00 
28394.00 27395.00 25574.00 
28403.00 25246.00 27545.00 
28403.00 27364.00 25656.00 
28405.00 25126.00 27557.00 
28420.00 24878.00 27552.00 
28489.00 25583.00 26899.00 
28519.00 27216.00 25664.00 
28534.00 27087.00 25576.00 
28535.00 26372.00 26263.00 
28545.00 25286.00 27422.00 
28559.00 25184.00 27413.00 
28579.00 27135.00 25511.00 
28581.00 25368.00 27347.00 
28652.00 25184.00 27281.00 
28697.00 26984.00 25558.00 
28705.00 24977.00 27186.00 
28725.00 26950.00 25650.00 
28739.00 26914.00 25663.00 
28857.00 25169.00 26949.00 
28889.00 26594.00 25630.00 
28912.00 26388.00 25765.00 
28952.00 25086.00 26736.00 
29028.00 25197.00 26617.00 
29074.00 25970.00 26098.00 
29098.00 25835.00 26063.00 
29122.00 25340.00 26312.00 
29143.00 25427.00 26093.00 
26066.00 27073.00 27881.00 
26073.00 26665.00 28250.00 
26108.00 26821.00 28121.00 
26138.00 26389.00 28404.00 
26142.00 26417.00 28360.00 
26177.00 27201.00 27700.00 
26197.00 26928.00 28053.00 
26222.00 27053.00 27940.00 
26244.00 27184.00 27834.00 
26292.00 27426.00 27355.00 
26314.00 27121.00 27873.00 
26330.00 26953.00 28016.00 
26333.00 27321.00 27577.00 
26419.00 27457.00 27307.00 
26431.00 26064.00 28430.00 
26570.00 25521.00 28465.00 
26641.00 27617.00 26943.00 
26696.00 26312.00 27873.00 
26702.00 27646.00 26682.00 
26717.00 27631.00 26613.00 
26832.00 27114.00 27266.00 
27029.00 27604.00 26369.00 
27032.00 25303.00 28420.00 
27490.00 26388.00 27252.00 
27515.00 25726.00 27857.00 
27564.00 25035.00 28216.00 
27571.00 27179.00 26628.00 
27798.00 25161.00 28160.00 
27845.00 27549.00 26277.00 
27883.00 27593.00 25798.00 
27992.00 25152.00 28051.00 
28039.00 25142.00 28035.00 
28044.00 27464.00 26059.00 
28097.00 27426.00 25928.00 
28113.00 25213.00 27964.00 
28190.00 27388.00 26019.00 
28200.00 25083.00 27891.00 
28229.00 25733.00 27243.00 
28258.00 26469.00 26633.00 
28276.00 25167.00 27812.00 
28293.00 27224.00 26127.00 
28347.00 25220.00 27802.00 
28373.00 25239.00 27761.00 
28396.00 25322.00 27683.00 
28451.00 27164.00 26075.00 
28457.00 27205.00 26004.00 
28468.00 27168.00 25972.00 
28483.00 27181.00 25953.00 
28507.00 27122.00 25879.00 
28541.00 27079.00 25998.00 
28554.00 25299.00 27456.00 
28634.00 25383.00 27224.00 
28667.00 26762.00 26142.00 
28685.00 26721.00 25914.00 
28765.00 25405.00 26859.00 
28765.00 26361.00 25924.00 
28806.00 26204.00 26048.00 
28829.00 25862.00 26369.00 
28876.00 25589.00 26548.00 
28884.00 25533.00 26569.00 
26477.00 27017.00 27468.00 
26525.00 26998.00 27553.00 
26534.00 26816.00 27715.00 
26575.00 26742.00 27772.00 
26590.00 26875.00 27679.00 
26618.00 26980.00 27578.00 
26654.00 26634.00 27827.00 
26671.00 26551.00 27856.00 
26748.00 26934.00 27608.00 
26793.00 26474.00 27896.00 
26799.00 27266.00 27257.00 
26807.00 27209.00 27300.00 
26890.00 27255.00 27225.00 
26949.00 27417.00 26923.00 
27000.00 26513.00 27545.00 
27008.00 27480.00 26875.00 
27038.00 27618.00 26409.00 
27117.00 26016.00 27998.00 
27174.00 27628.00 26154.00 
27210.00 25792.00 28021.00 
27262.00 27647.00 26114.00 
27413.00 27677.00 25680.00 
27420.00 27687.00 25571.00 
27540.00 25508.00 28062.00 
27643.00 27658.00 25465.00 
27666.00 25530.00 28018.00 
27761.00 27297.00 26213.00 
27769.00 26532.00 26812.00 
27794.00 25838.00 27547.00 
27980.00 27565.00 25500.00 
28050.00 25082.00 27738.00 
28095.00 25257.00 27722.00 
28330.00 27451.00 25433.00 
28330.00 27467.00 25401.00 
28345.00 25077.00 27593.00 
28389.00 25250.00 27542.00 
28396.00 27415.00 25350.00 
28422.00 25141.00 27567.00 
28438.00 26618.00 26215.00 
28444.00 25184.00 27497.00 
28449.00 27375.00 25234.00 
28465.00 25871.00 26880.00 
28481.00 27343.00 25356.00 
28493.00 27288.00 25491.00 
28493.00 27304.00 25459.00 
28545.00 27253.00 25437.00 
28577.00 25112.00 27395.00 
28603.00 27230.00 25266.00 
28690.00 27022.00 25103.00 
28724.00 27007.00 25448.00 
28878.00 25085.00 26939.00 
28917.00 26520.00 25275.00 
28948.00 26515.00 25606.00 
28967.00 25334.00 26672.00 
28984.00 25264.00 26815.00 
29075.00 25520.00 26232.00 
29099.00 25955.00 25886.00 
29111.00 25764.00 26049.00 
29123.00 25931.00 26044.00 
26475.00 27179.00 27734.00 
26486.00 27317.00 27588.00 
26490.00 27487.00 27171.00 
26492.00 27239.00 27652.00 
26537.00 27017.00 27776.00 
26539.00 27320.00 27575.00 
26569.00 26733.00 27962.00 
26572.00 26779.00 27934.00 
26618.00 26980.00 27706.00 
26638.00 27501.00 27078.00 
26719.00 26260.00 28171.00 
26779.00 26042.00 28265.00 
26897.00 25784.00 28281.00 
27047.00 25633.00 28266.00 
27061.00 27735.00 26485.00 
27098.00 27772.00 26256.00 
27174.00 26224.00 27645.00 
27187.00 26914.00 26968.00 
27297.00 27651.00 26400.00 
27307.00 25097.00 28263.00 
27456.00 27740.00 26046.00 
27771.00 24956.00 28029.00 
27887.00 26236.00 27020.00 
27918.00 25182.00 27963.00 
27936.00 25624.00 27715.00 
28034.00 27012.00 26402.00 
28165.00 27455.00 26051.00 
28406.00 27304.00 25950.00 
28411.00 24778.00 27755.00 
28416.00 24950.00 27715.00 
28488.00 27193.00 25777.00 
28537.00 25001.00 27613.00 
28558.00 27171.00 25867.00 
28575.00 27156.00 25851.00 
28609.00 25560.00 26989.00 
28617.00 25012.00 27532.00 
28677.00 27051.00 25789.00 
28699.00 24926.00 27458.00 
28707.00 26328.00 26394.00 
28708.00 27024.00 25765.00 
28788.00 24924.00 27347.00 
28793.00 26940.00 25753.00 
28804.00 25005.00 27308.00 
28843.00 26844.00 25662.00 
28916.00 26773.00 25764.00 
28984.00 25138.00 27002.00 
29021.00 26616.00 25681.00 
29031.00 25190.00 26883.00 
29155.00 26357.00 25741.00 
29158.00 25102.00 26660.00 
29206.00 25328.00 26049.00 
29229.00 25245.00 26371.00 
29303.00 25942.00 25869.00 
29333.00 25323.00 26075.00 
26278.00 26892.00 27929.00 
26296.00 26835.00 27980.00 
26332.00 27048.00 27853.00 
26449.00 26506.00 28134.00 
26475.00 27169.00 27707.00 
26509.00 27094.00 27769.00 
26536.00 27403.00 27398.00 
26537.00 26249.00 28231.00 
26537.00 27274.00 27618.00 
26586.00 26230.00 28132.00 
26646.00 27487.00 27235.00 
26646.00 27576.00 27119.00 
26678.00 27625.00 26783.00 
26803.00 27008.00 27522.00 
26842.00 25950.00 28169.00 
27021.00 27699.00 26605.00 
27114.00 27769.00 26249.00 
27325.00 25787.00 28057.00 
27344.00 25510.00 28020.00 
27418.00 26994.00 26844.00 
27479.00 27661.00 26181.00 
27573.00 26395.00 27575.00 
27637.00 27803.00 25927.00 
27867.00 27775.00 25688.00 
27887.00 25642.00 27856.00 
27975.00 25487.00 27807.00 
27991.00 26225.00 26749.00 
28002.00 27738.00 25652.00 
28003.00 26939.00 26076.00 
28117.00 27659.00 25525.00 
28140.00 25351.00 27709.00 
28151.00 25751.00 27518.00 
28178.00 27633.00 25571.00 
28416.00 27428.00 25528.00 
28494.00 25466.00 27517.00 
28526.00 25585.00 27503.00 
28562.00 27287.00 25505.00 
28638.00 27186.00 25643.00 
28652.00 25429.00 27431.00 
28663.00 25336.00 27391.00 
28739.00 25304.00 27327.00 
28745.00 27097.00 25450.00 
28801.00 26382.00 26275.00 
28805.00 26995.00 25568.00 
28808.00 25454.00 27279.00 
28812.00 25522.00 27277.00 
28834.00 25771.00 26959.00 
28986.00 26756.00 25720.00 
28995.00 26724.00 25457.00 
29082.00 25320.00 26831.00 
29101.00 26592.00 25690.00 
29139.00 26498.00 25718.00 
29211.00 26355.00 25735.00 
29245.00 25522.00 26346.00 
29267.00 25753.00 26204.00 
29284.00 25926.00 26127.00 
29315.00 26020.00 25847.00 
29324.00 25915.00 25946.00 
