24064.00 25543.00 26816.00 25866.00 
24073.00 25586.00 26856.00 25773.00 
24092.00 25595.00 26806.00 25810.00 
24179.00 25556.00 26685.00 26107.00 
24188.00 25770.00 26647.00 25881.00 
24198.00 25662.00 26560.00 26063.00 
24205.00 25721.00 26753.00 25650.00 
24212.00 25581.00 26639.00 26085.00 
24249.00 25300.00 26768.00 26090.00 
24255.00 25208.00 26717.00 26186.00 
24442.00 25827.00 26421.00 25826.00 
24447.00 25104.00 26489.00 26191.00 
24505.00 25247.00 26200.00 26346.00 
24543.00 25382.00 27015.00 24995.00 
24628.00 24990.00 26879.00 25828.00 
24738.00 25903.00 26593.00 25029.00 
24816.00 24536.00 26796.00 25926.00 
24824.00 24500.00 25501.00 26302.00 
24863.00 24321.00 26761.00 25861.00 
24875.00 25502.00 25616.00 25823.00 
24886.00 25527.00 26654.00 24669.00 
24959.00 23946.00 27086.00 25614.00 
24995.00 24656.00 27074.00 25123.00 
25028.00 25823.00 25764.00 25773.00 
25085.00 25795.00 26773.00 24667.00 
25233.00 23738.00 26478.00 26034.00 
25340.00 26002.00 25632.00 25101.00 
25359.00 25528.00 26945.00 24370.00 
25367.00 25823.00 26752.00 24398.00 
25377.00 23742.00 26747.00 25839.00 
25409.00 25906.00 25383.00 25642.00 
25412.00 25505.00 24963.00 26040.00 
25436.00 25660.00 26876.00 24295.00 
25570.00 25740.00 24841.00 25948.00 
25739.00 23301.00 26679.00 25973.00 
25790.00 25665.00 24834.00 25864.00 
25807.00 24020.00 25648.00 26123.00 
25818.00 23263.00 26620.00 25832.00 
25838.00 23361.00 26881.00 25568.00 
25875.00 23190.00 26660.00 25756.00 
25899.00 23529.00 26574.00 25723.00 
25921.00 25253.00 24904.00 26011.00 
25938.00 24149.00 26586.00 24400.00 
25945.00 23640.00 26967.00 24971.00 
25955.00 24639.00 24937.00 26056.00 
25964.00 23464.00 26364.00 25808.00 
25969.00 24195.00 25371.00 25852.00 
25984.00 23421.00 26697.00 25553.00 
25986.00 23518.00 26109.00 25934.00 
26012.00 23295.00 26693.00 25655.00 
26013.00 25556.00 24762.00 25732.00 
26015.00 25451.00 25372.00 24675.00 
26038.00 25909.00 25177.00 24943.00 
26041.00 25464.00 26841.00 23911.00 
26088.00 23773.00 26896.00 25045.00 
26103.00 25538.00 26786.00 23844.00 
26107.00 25689.00 24840.00 25634.00 
26113.00 24333.00 25308.00 25974.00 
26116.00 24524.00 27019.00 23931.00 
26118.00 25479.00 24995.00 25681.00 
26146.00 25941.00 25935.00 24210.00 
26166.00 25651.00 26655.00 23946.00 
26167.00 25872.00 25445.00 24664.00 
26181.00 25670.00 24971.00 25585.00 
26183.00 25781.00 26505.00 23839.00 
26208.00 25819.00 26369.00 24125.00 
26219.00 23777.00 26575.00 24867.00 
26226.00 25644.00 24863.00 25526.00 
26227.00 25571.00 26695.00 23801.00 
26245.00 25717.00 26537.00 23860.00 
26261.00 25783.00 26445.00 23935.00 
26266.00 25693.00 26526.00 23869.00 
26268.00 25657.00 24937.00 25481.00 
26287.00 24891.00 24954.00 25788.00 
26288.00 24687.00 26878.00 23858.00 
26297.00 24484.00 24719.00 25812.00 
26329.00 25626.00 25816.00 24215.00 
26348.00 23816.00 25762.00 25789.00 
26376.00 24657.00 26780.00 23787.00 
26381.00 25537.00 24999.00 25444.00 
26441.00 24321.00 26927.00 24002.00 
26498.00 25487.00 24920.00 25181.00 
26542.00 24712.00 25349.00 25102.00 
23915.00 25319.00 27027.00 25953.00 
23917.00 25254.00 27170.00 25925.00 
23976.00 25375.00 26943.00 25937.00 
23983.00 25431.00 27101.00 25784.00 
24037.00 25291.00 27014.00 25945.00 
24114.00 25298.00 27139.00 25784.00 
24134.00 25428.00 27011.00 25834.00 
24141.00 25598.00 26877.00 25758.00 
24179.00 25031.00 27233.00 25875.00 
24252.00 25496.00 26252.00 26028.00 
24298.00 25417.00 27241.00 25323.00 
24311.00 25469.00 26207.00 26076.00 
24361.00 25224.00 27359.00 25070.00 
24472.00 24347.00 26957.00 26180.00 
24475.00 25587.00 27112.00 25148.00 
24678.00 24601.00 27400.00 25829.00 
24686.00 25728.00 26182.00 25677.00 
24716.00 25360.00 25959.00 25723.00 
24818.00 24393.00 27523.00 24957.00 
24863.00 24432.00 27185.00 26029.00 
24863.00 25680.00 27231.00 24573.00 
24921.00 25357.00 27026.00 24676.00 
25011.00 25687.00 25376.00 26039.00 
25095.00 25779.00 27168.00 24432.00 
25117.00 25728.00 25351.00 25967.00 
25119.00 25804.00 26199.00 24732.00 
25133.00 25671.00 25209.00 26067.00 
25151.00 23722.00 27359.00 25893.00 
25164.00 25577.00 25289.00 26100.00 
25233.00 23939.00 26915.00 26170.00 
25243.00 25429.00 27359.00 24546.00 
25328.00 24277.00 26167.00 26325.00 
25523.00 23617.00 27072.00 26063.00 
25604.00 25694.00 27168.00 24289.00 
25621.00 23775.00 26029.00 26417.00 
25729.00 23563.00 27222.00 25721.00 
25765.00 23486.00 26935.00 26025.00 
25895.00 23512.00 26980.00 25896.00 
25916.00 25298.00 27279.00 24130.00 
25933.00 23430.00 26998.00 25859.00 
25976.00 24309.00 25437.00 26148.00 
26010.00 23478.00 27013.00 25766.00 
26010.00 23894.00 27258.00 24910.00 
26028.00 24471.00 27424.00 24419.00 
26039.00 24236.00 26992.00 24707.00 
26054.00 24005.00 25920.00 25721.00 
26058.00 23483.00 26954.00 25792.00 
26064.00 23413.00 26909.00 25825.00 
26074.00 25091.00 24983.00 26084.00 
26078.00 25728.00 26610.00 24074.00 
26087.00 23635.00 26500.00 25993.00 
26094.00 24377.00 27326.00 24536.00 
26116.00 25420.00 25841.00 24682.00 
26134.00 23381.00 26902.00 25724.00 
26155.00 25526.00 27078.00 23844.00 
26166.00 25343.00 24907.00 25840.00 
26167.00 25204.00 24950.00 25956.00 
26177.00 25606.00 26974.00 24035.00 
26191.00 25432.00 24886.00 25781.00 
26200.00 23742.00 26981.00 25411.00 
26234.00 25420.00 27069.00 24076.00 
26255.00 25437.00 24939.00 25737.00 
26265.00 25757.00 25278.00 25083.00 
26270.00 25489.00 27089.00 24013.00 
26277.00 25149.00 27180.00 24059.00 
26300.00 25372.00 27061.00 24097.00 
26301.00 24997.00 24968.00 25993.00 
26312.00 25456.00 27007.00 24091.00 
26343.00 25359.00 27042.00 24004.00 
26351.00 24754.00 27034.00 24249.00 
26364.00 25253.00 24825.00 25744.00 
26375.00 23907.00 26662.00 25301.00 
26383.00 25457.00 24903.00 25555.00 
26416.00 23827.00 25772.00 25927.00 
26416.00 24350.00 26063.00 24962.00 
26437.00 25543.00 26648.00 23939.00 
26439.00 25334.00 25418.00 24759.00 
26449.00 24620.00 24973.00 25709.00 
26466.00 23705.00 26219.00 25697.00 
26521.00 25533.00 25783.00 24321.00 
26538.00 25463.00 26438.00 23975.00 
24558.00 25615.00 26476.00 26268.00 
24568.00 25615.00 26726.00 26220.00 
24581.00 25809.00 26854.00 25885.00 
24584.00 25686.00 26945.00 25945.00 
24600.00 25588.00 26633.00 26330.00 
24606.00 25680.00 26738.00 26183.00 
24633.00 25707.00 26792.00 26124.00 
24641.00 25719.00 26961.00 25876.00 
24646.00 25659.00 26791.00 26121.00 
24755.00 25958.00 26606.00 25622.00 
24787.00 25221.00 26860.00 26215.00 
24825.00 25615.00 25596.00 26433.00 
24852.00 25475.00 27017.00 25331.00 
24882.00 24921.00 26685.00 26315.00 
24890.00 25061.00 26988.00 26154.00 
24943.00 25893.00 25586.00 26234.00 
24971.00 26044.00 25785.00 25933.00 
25109.00 25605.00 26627.00 24990.00 
25267.00 25088.00 25678.00 26424.00 
25290.00 25639.00 25523.00 26222.00 
25319.00 25679.00 25284.00 26300.00 
25333.00 26176.00 26043.00 24947.00 
25374.00 25866.00 26899.00 24766.00 
25386.00 24178.00 26842.00 26366.00 
25405.00 24433.00 27036.00 26210.00 
25454.00 24234.00 27059.00 26152.00 
25495.00 25834.00 25300.00 26120.00 
25509.00 24045.00 26831.00 26305.00 
25528.00 25555.00 27045.00 24355.00 
25552.00 25823.00 25400.00 26113.00 
25635.00 24575.00 27158.00 25241.00 
25803.00 26080.00 26725.00 24438.00 
25966.00 23431.00 26962.00 26008.00 
25989.00 25929.00 26927.00 24067.00 
26027.00 25675.00 24778.00 26118.00 
26123.00 23531.00 26859.00 25978.00 
26133.00 25783.00 26959.00 24074.00 
26146.00 23623.00 26715.00 26032.00 
26148.00 25838.00 25086.00 25562.00 
26169.00 24323.00 25427.00 26093.00 
26170.00 26014.00 26686.00 24030.00 
26177.00 25504.00 24796.00 26161.00 
26196.00 23659.00 26618.00 26154.00 
26203.00 25017.00 26975.00 24599.00 
26225.00 25985.00 25725.00 24376.00 
26226.00 25553.00 24713.00 26036.00 
26245.00 25107.00 25227.00 26216.00 
26252.00 25730.00 26865.00 23972.00 
26259.00 23981.00 27046.00 25173.00 
26259.00 24179.00 25743.00 26288.00 
26266.00 23981.00 26080.00 26185.00 
26277.00 25696.00 24739.00 25912.00 
26291.00 25078.00 25260.00 26183.00 
26295.00 25655.00 26913.00 24081.00 
26320.00 23656.00 26854.00 25688.00 
26324.00 25677.00 26846.00 24077.00 
26331.00 25825.00 26639.00 23996.00 
26338.00 24756.00 25247.00 26268.00 
26338.00 25625.00 24790.00 25916.00 
26340.00 25918.00 26437.00 23944.00 
26378.00 25694.00 26720.00 24050.00 
26380.00 23632.00 26554.00 25872.00 
26381.00 24390.00 26671.00 24869.00 
26387.00 25610.00 25052.00 25544.00 
26426.00 23563.00 26814.00 25488.00 
26447.00 25077.00 26898.00 24161.00 
26463.00 23876.00 25652.00 26022.00 
26491.00 25722.00 25526.00 25038.00 
26501.00 25565.00 26067.00 24444.00 
26502.00 24939.00 25059.00 25967.00 
26512.00 24264.00 26810.00 24735.00 
26519.00 25562.00 25075.00 25246.00 
26558.00 24955.00 25947.00 25126.00 
26595.00 23697.00 26651.00 25245.00 
26603.00 24744.00 26667.00 24353.00 
23835.00 25406.00 26914.00 26283.00 
23919.00 25483.00 26947.00 26245.00 
23936.00 25425.00 26883.00 26352.00 
23974.00 25387.00 26871.00 26424.00 
23991.00 25477.00 26980.00 26237.00 
24075.00 25019.00 27137.00 26311.00 
24186.00 25238.00 26230.00 26591.00 
24298.00 25416.00 26416.00 26404.00 
24426.00 25557.00 27050.00 25561.00 
24440.00 24604.00 27259.00 26199.00 
24442.00 25679.00 26126.00 26302.00 
24446.00 25357.00 27215.00 25578.00 
24476.00 25793.00 26767.00 25521.00 
24500.00 24674.00 26829.00 26505.00 
24660.00 25580.00 26064.00 26423.00 
24673.00 24529.00 27145.00 26325.00 
24795.00 25463.00 25875.00 26268.00 
24861.00 25403.00 26898.00 25203.00 
24866.00 24839.00 26199.00 26620.00 
24914.00 25596.00 26989.00 25185.00 
24929.00 24396.00 27001.00 26240.00 
24940.00 25762.00 26107.00 25478.00 
24981.00 23771.00 26989.00 26465.00 
25026.00 24726.00 27273.00 25361.00 
25072.00 25293.00 25275.00 26432.00 
25081.00 25692.00 26967.00 24646.00 
25177.00 23789.00 27215.00 26257.00 
25196.00 25637.00 25407.00 26161.00 
25200.00 23764.00 27191.00 26326.00 
25289.00 25378.00 27333.00 24781.00 
25454.00 25585.00 25046.00 26176.00 
25579.00 25408.00 27245.00 24638.00 
25701.00 25347.00 25679.00 25036.00 
25733.00 24223.00 25771.00 26231.00 
25776.00 23516.00 26883.00 26324.00 
25776.00 24521.00 25194.00 26491.00 
25777.00 23542.00 26920.00 26255.00 
25793.00 25672.00 26307.00 24746.00 
25842.00 23551.00 27065.00 26155.00 
25842.00 25373.00 27119.00 24363.00 
25843.00 25614.00 26926.00 24427.00 
25862.00 23409.00 26894.00 26184.00 
25867.00 23553.00 26854.00 26231.00 
25879.00 23593.00 26918.00 26157.00 
25881.00 25493.00 27047.00 24341.00 
25889.00 25238.00 24853.00 26239.00 
25889.00 25337.00 24825.00 26172.00 
25898.00 24457.00 26917.00 25205.00 
25900.00 25706.00 25053.00 25896.00 
25913.00 23880.00 26524.00 26251.00 
25915.00 24052.00 26030.00 26500.00 
25919.00 25525.00 26964.00 24449.00 
25924.00 25476.00 26944.00 24347.00 
25932.00 24077.00 26052.00 26437.00 
25934.00 23814.00 27138.00 25516.00 
25949.00 24908.00 25060.00 26280.00 
25951.00 25683.00 26853.00 24489.00 
25957.00 25612.00 26860.00 24414.00 
25959.00 25645.00 24974.00 25981.00 
25962.00 23517.00 26998.00 26021.00 
25975.00 24642.00 27339.00 24450.00 
25983.00 25505.00 26908.00 24425.00 
25990.00 25472.00 24997.00 26109.00 
25991.00 25782.00 25457.00 25474.00 
26008.00 25697.00 25184.00 25838.00 
26016.00 25492.00 25105.00 26066.00 
26018.00 24267.00 27085.00 25188.00 
26031.00 25521.00 25090.00 26049.00 
26049.00 25675.00 25554.00 25187.00 
26071.00 24670.00 27301.00 24575.00 
26152.00 25640.00 25099.00 25632.00 
26153.00 25356.00 26292.00 24667.00 
26163.00 23817.00 26952.00 25677.00 
26166.00 24599.00 26124.00 25390.00 
26176.00 24943.00 25412.00 26068.00 
26177.00 24658.00 27099.00 24679.00 
26197.00 23917.00 26417.00 25817.00 
24080.00 25206.00 27096.00 26089.00 
24186.00 25046.00 27091.00 26305.00 
24275.00 25099.00 27225.00 26112.00 
24312.00 25507.00 26944.00 26068.00 
24314.00 25480.00 26870.00 26191.00 
24317.00 25503.00 26837.00 26127.00 
24326.00 24628.00 26881.00 26437.00 
24368.00 25262.00 27257.00 25819.00 
24389.00 25567.00 26842.00 26065.00 
24488.00 25590.00 26380.00 26218.00 
24523.00 25535.00 27004.00 25832.00 
24564.00 25438.00 27238.00 25101.00 
24590.00 25437.00 26653.00 26245.00 
24623.00 24420.00 27229.00 26355.00 
24680.00 25666.00 26931.00 25771.00 
24711.00 25704.00 27066.00 25173.00 
24754.00 25800.00 26205.00 25922.00 
24782.00 25707.00 27014.00 25556.00 
24901.00 24215.00 27078.00 26112.00 
24907.00 25373.00 25663.00 25993.00 
25051.00 25459.00 25414.00 26310.00 
25059.00 25620.00 27077.00 24941.00 
25191.00 25716.00 25597.00 26112.00 
25211.00 25597.00 27114.00 25096.00 
25219.00 24478.00 26367.00 26406.00 
25231.00 23845.00 26996.00 26389.00 
25298.00 26074.00 26243.00 24951.00 
25306.00 25882.00 25186.00 25877.00 
25352.00 25866.00 25195.00 25969.00 
25381.00 23985.00 27493.00 25624.00 
25383.00 23640.00 27145.00 26331.00 
25526.00 24220.00 27558.00 25445.00 
25535.00 25353.00 27115.00 24403.00 
25649.00 25770.00 26919.00 24389.00 
25740.00 25678.00 26921.00 24407.00 
25843.00 23534.00 27233.00 25904.00 
25858.00 23909.00 27340.00 25129.00 
25918.00 23602.00 27160.00 25935.00 
25925.00 23925.00 26413.00 26198.00 
26006.00 24959.00 27219.00 24507.00 
26031.00 23465.00 26773.00 26140.00 
26053.00 25733.00 25521.00 25344.00 
26080.00 25434.00 24965.00 25984.00 
26091.00 24110.00 25636.00 25988.00 
26099.00 25504.00 25030.00 25942.00 
26119.00 23401.00 26943.00 25890.00 
26159.00 24457.00 27019.00 24895.00 
26161.00 25507.00 25809.00 24789.00 
26172.00 25173.00 27108.00 24333.00 
26187.00 23463.00 26900.00 25899.00 
26215.00 25430.00 25146.00 25921.00 
26222.00 25445.00 25147.00 25886.00 
26234.00 24808.00 25240.00 26133.00 
26268.00 23448.00 26851.00 25877.00 
26271.00 25468.00 25106.00 25928.00 
26273.00 25557.00 26954.00 24158.00 
26274.00 25586.00 26923.00 24129.00 
26275.00 25607.00 26888.00 24181.00 
26277.00 23727.00 26870.00 25793.00 
26284.00 24631.00 25434.00 26096.00 
26288.00 24553.00 25390.00 26163.00 
26310.00 23806.00 26197.00 26071.00 
26317.00 23770.00 26866.00 25722.00 
26351.00 23509.00 26722.00 25849.00 
26362.00 25632.00 26849.00 24149.00 
26377.00 25674.00 26701.00 24153.00 
26383.00 25337.00 24935.00 25815.00 
26390.00 25751.00 26048.00 24328.00 
26425.00 24671.00 26925.00 24481.00 
26433.00 25448.00 26819.00 24197.00 
26442.00 24486.00 26952.00 24796.00 
26483.00 25458.00 25094.00 25399.00 
26487.00 24054.00 26705.00 25176.00 
26493.00 23632.00 26111.00 25817.00 
26561.00 25584.00 26030.00 24406.00 
26592.00 24827.00 25325.00 25617.00 
26592.00 25559.00 25672.00 24894.00 
26613.00 25342.00 25136.00 25130.00 
26701.00 24537.00 25546.00 25163.00 
24250.00 25508.00 26740.00 26050.00 
24291.00 25545.00 26773.00 25998.00 
24311.00 25489.00 26947.00 25878.00 
24328.00 25176.00 26821.00 26268.00 
24335.00 25620.00 26677.00 25986.00 
24347.00 25191.00 27057.00 26035.00 
24349.00 25149.00 26784.00 26303.00 
24383.00 25652.00 26689.00 25961.00 
24387.00 25494.00 26962.00 25872.00 
24422.00 25694.00 26944.00 25552.00 
24476.00 25836.00 26150.00 26023.00 
24492.00 25525.00 26160.00 26282.00 
24559.00 25813.00 27001.00 25300.00 
24641.00 24452.00 27008.00 26218.00 
24653.00 25752.00 26152.00 26121.00 
24654.00 25710.00 27130.00 25173.00 
24659.00 24578.00 26790.00 26359.00 
24792.00 24497.00 26921.00 26337.00 
24965.00 25618.00 25631.00 26331.00 
24972.00 24407.00 26729.00 26069.00 
25036.00 25513.00 26761.00 24938.00 
25049.00 25544.00 25763.00 26177.00 
25056.00 25780.00 27190.00 24728.00 
25145.00 23897.00 26986.00 26189.00 
25189.00 24639.00 25886.00 26342.00 
25231.00 25840.00 26050.00 25241.00 
25315.00 25227.00 25125.00 26447.00 
25387.00 25499.00 27176.00 24430.00 
25392.00 23845.00 26932.00 26158.00 
25395.00 25914.00 26951.00 24577.00 
25404.00 23778.00 26525.00 26425.00 
25535.00 25740.00 25590.00 25963.00 
25546.00 24573.00 27087.00 25411.00 
25778.00 25877.00 26907.00 24436.00 
25780.00 23434.00 26791.00 26161.00 
25840.00 23349.00 26775.00 26100.00 
25842.00 23327.00 26664.00 26187.00 
25877.00 23837.00 25667.00 26330.00 
25929.00 25544.00 25283.00 26189.00 
25948.00 24321.00 25782.00 26017.00 
25984.00 25066.00 25485.00 26257.00 
25987.00 24976.00 27193.00 24444.00 
25990.00 23601.00 26828.00 25857.00 
25996.00 23673.00 26478.00 26038.00 
26010.00 23417.00 26704.00 26066.00 
26020.00 23416.00 26728.00 25992.00 
26036.00 24749.00 25528.00 26179.00 
26047.00 25925.00 26126.00 24467.00 
26053.00 23814.00 26923.00 25439.00 
26063.00 25549.00 25125.00 26104.00 
26101.00 24083.00 26089.00 25951.00 
26110.00 25916.00 25364.00 25377.00 
26119.00 24336.00 26727.00 24951.00 
26119.00 25462.00 25105.00 26119.00 
26124.00 23630.00 26759.00 25611.00 
26136.00 25631.00 25777.00 25193.00 
26157.00 25689.00 25158.00 25973.00 
26161.00 25754.00 26920.00 24340.00 
26176.00 25539.00 26995.00 24259.00 
26203.00 25713.00 26851.00 24320.00 
26205.00 25658.00 25151.00 25951.00 
26206.00 25629.00 25014.00 25980.00 
26221.00 25388.00 25059.00 26099.00 
26233.00 25517.00 26990.00 24073.00 
26245.00 25469.00 25070.00 26033.00 
26250.00 25748.00 25170.00 25640.00 
26261.00 25659.00 26734.00 24336.00 
26284.00 25724.00 25369.00 25506.00 
26304.00 25434.00 26949.00 24164.00 
26326.00 24763.00 25381.00 25849.00 
26381.00 25351.00 27005.00 24155.00 
26387.00 24013.00 26553.00 25007.00 
26398.00 24985.00 25835.00 25259.00 
26423.00 25829.00 25433.00 24834.00 
26440.00 25639.00 26395.00 24576.00 
26468.00 25519.00 26774.00 24281.00 
26491.00 25602.00 26030.00 24473.00 
26524.00 24856.00 26852.00 24625.00 
26542.00 24957.00 26559.00 24716.00 
24417.00 25490.00 26948.00 26073.00 
24446.00 25511.00 26806.00 26136.00 
24462.00 25567.00 26884.00 26084.00 
24471.00 25458.00 27045.00 25931.00 
24476.00 25635.00 26810.00 26011.00 
24482.00 25564.00 26795.00 26085.00 
24483.00 24772.00 27174.00 25685.00 
24489.00 25701.00 26799.00 25937.00 
24506.00 25370.00 26962.00 26088.00 
24546.00 25680.00 26967.00 25906.00 
24597.00 25534.00 26530.00 26176.00 
24621.00 25512.00 26260.00 26190.00 
24686.00 25878.00 26603.00 25289.00 
24693.00 25397.00 27217.00 25250.00 
24747.00 24352.00 26483.00 26369.00 
24754.00 25721.00 25980.00 25936.00 
24891.00 24332.00 26838.00 26037.00 
24950.00 24128.00 26589.00 25871.00 
25055.00 25401.00 25356.00 25906.00 
25166.00 25687.00 25932.00 25871.00 
25192.00 24231.00 25198.00 26361.00 
25213.00 24443.00 27239.00 24944.00 
25234.00 23721.00 26680.00 26241.00 
25260.00 25718.00 26868.00 24779.00 
25262.00 23679.00 26850.00 25964.00 
25341.00 25894.00 25927.00 24916.00 
25412.00 23557.00 26741.00 26191.00 
25498.00 25689.00 25350.00 25837.00 
25506.00 25182.00 27206.00 24161.00 
25526.00 25396.00 25211.00 26094.00 
25623.00 25711.00 26656.00 24410.00 
25915.00 23825.00 27058.00 24963.00 
25930.00 23525.00 26656.00 25917.00 
26028.00 25742.00 26672.00 24202.00 
26108.00 24459.00 25115.00 26128.00 
26129.00 22862.00 26682.00 25739.00 
26134.00 25441.00 25014.00 25768.00 
26141.00 25375.00 24942.00 26008.00 
26175.00 25378.00 24936.00 25966.00 
26181.00 25392.00 24912.00 25950.00 
26184.00 25434.00 24831.00 25857.00 
26197.00 23188.00 26297.00 26046.00 
26205.00 25454.00 24772.00 25827.00 
26208.00 23455.00 25796.00 26270.00 
26235.00 25586.00 25014.00 25611.00 
26235.00 25612.00 25143.00 25342.00 
26262.00 22911.00 26510.00 25747.00 
26283.00 24128.00 26502.00 24716.00 
26296.00 24899.00 24915.00 25992.00 
26317.00 25392.00 24945.00 25852.00 
26323.00 25495.00 25444.00 24673.00 
26325.00 25033.00 27050.00 24135.00 
26327.00 25553.00 26842.00 24018.00 
26346.00 24947.00 27046.00 24140.00 
26389.00 25603.00 26733.00 24026.00 
26395.00 25763.00 25859.00 23959.00 
26407.00 24408.00 25711.00 25924.00 
26416.00 23191.00 26456.00 25892.00 
26424.00 25540.00 26752.00 24010.00 
26439.00 23429.00 26317.00 25890.00 
26474.00 25436.00 24867.00 25397.00 
26488.00 25562.00 26725.00 23996.00 
26497.00 25618.00 25259.00 24633.00 
26503.00 23515.00 26013.00 25955.00 
26541.00 25587.00 26718.00 23990.00 
26545.00 25613.00 26413.00 23945.00 
26547.00 25493.00 26737.00 23910.00 
26556.00 25517.00 26737.00 23907.00 
26558.00 23302.00 26617.00 25187.00 
26558.00 23350.00 26072.00 25901.00 
26574.00 24577.00 24690.00 25630.00 
26585.00 23217.00 26292.00 25712.00 
26587.00 24381.00 26797.00 24199.00 
26651.00 23672.00 25730.00 25894.00 
26667.00 25362.00 24920.00 25094.00 
26741.00 24622.00 26450.00 24034.00 
26848.00 23511.00 26338.00 24448.00 
26937.00 25104.00 25690.00 24310.00 
26978.00 25011.00 25540.00 24620.00 
24394.00 25598.00 26737.00 25974.00 
24476.00 25848.00 26680.00 25803.00 
24483.00 25466.00 26195.00 26295.00 
24512.00 25325.00 26929.00 26151.00 
24523.00 25399.00 26932.00 26069.00 
24569.00 25523.00 26835.00 26043.00 
24580.00 24923.00 27078.00 26043.00 
24582.00 25385.00 26931.00 26046.00 
24603.00 25535.00 26944.00 25348.00 
24626.00 25723.00 26791.00 25785.00 
24630.00 25243.00 26919.00 26158.00 
24636.00 25745.00 26132.00 26035.00 
24756.00 25938.00 26638.00 25354.00 
24761.00 25927.00 26729.00 25528.00 
24797.00 25883.00 25905.00 25865.00 
24945.00 24665.00 26369.00 26640.00 
24948.00 25733.00 25674.00 26177.00 
25022.00 24737.00 27026.00 26130.00 
25033.00 24613.00 26100.00 26589.00 
25112.00 25635.00 25547.00 26113.00 
25122.00 24538.00 26724.00 25979.00 
25270.00 25552.00 25505.00 26278.00 
25288.00 24282.00 26460.00 26568.00 
25302.00 26073.00 25905.00 24892.00 
25306.00 25585.00 26795.00 25112.00 
25307.00 25860.00 26788.00 24829.00 
25475.00 25568.00 27031.00 24930.00 
25631.00 24259.00 26944.00 26148.00 
25635.00 25092.00 27111.00 24998.00 
25714.00 24186.00 26827.00 26161.00 
25716.00 25963.00 26710.00 24674.00 
25734.00 26028.00 25003.00 25512.00 
25822.00 25707.00 25027.00 25970.00 
25948.00 24081.00 26764.00 26147.00 
25997.00 24348.00 26968.00 25326.00 
26054.00 25821.00 26809.00 24406.00 
26066.00 25178.00 26993.00 24516.00 
26076.00 23963.00 26791.00 25944.00 
26105.00 24166.00 26038.00 26270.00 
26144.00 24767.00 25306.00 26181.00 
26166.00 23963.00 26658.00 26067.00 
26188.00 24008.00 26760.00 25758.00 
26216.00 23952.00 26660.00 26005.00 
26220.00 25786.00 26842.00 24226.00 
26234.00 24534.00 25504.00 26040.00 
26240.00 24462.00 26640.00 24827.00 
26258.00 25637.00 24829.00 25817.00 
26261.00 23981.00 26364.00 26070.00 
26265.00 25721.00 26855.00 24205.00 
26266.00 25825.00 26755.00 24253.00 
26273.00 25820.00 26728.00 24175.00 
26285.00 25506.00 26829.00 24232.00 
26288.00 25901.00 25002.00 25327.00 
26300.00 25499.00 24950.00 25919.00 
26305.00 25607.00 25592.00 24939.00 
26306.00 25554.00 24852.00 25895.00 
26308.00 25853.00 25920.00 24758.00 
26314.00 24685.00 26707.00 24808.00 
26331.00 25562.00 25022.00 25805.00 
26344.00 24358.00 26620.00 25379.00 
26346.00 23976.00 25918.00 26026.00 
26351.00 25722.00 26830.00 24160.00 
26355.00 25583.00 24950.00 25837.00 
26355.00 25839.00 26557.00 24305.00 
26360.00 24644.00 25500.00 26114.00 
26371.00 25525.00 24900.00 25849.00 
26383.00 25562.00 24938.00 25813.00 
26396.00 25729.00 25009.00 25492.00 
26406.00 25444.00 24836.00 25862.00 
26411.00 25714.00 26598.00 24215.00 
26432.00 25368.00 24884.00 25927.00 
26443.00 24977.00 25060.00 25876.00 
26467.00 25755.00 25795.00 24879.00 
26497.00 25641.00 25969.00 24509.00 
26560.00 24713.00 26457.00 24862.00 
26647.00 24872.00 25865.00 25141.00 
26660.00 25392.00 25373.00 25230.00 
24349.00 25087.00 27202.00 26263.00 
24351.00 25139.00 27224.00 26229.00 
24453.00 25315.00 26874.00 26335.00 
24495.00 25304.00 27195.00 26202.00 
24538.00 25207.00 26928.00 26433.00 
24548.00 25146.00 26231.00 26590.00 
24552.00 25362.00 27138.00 26083.00 
24558.00 25604.00 27079.00 25956.00 
24571.00 24715.00 27366.00 26266.00 
24591.00 25596.00 27074.00 25991.00 
24608.00 25319.00 27057.00 26260.00 
24708.00 25377.00 26811.00 26267.00 
24783.00 25583.00 26114.00 26381.00 
24865.00 24757.00 26849.00 26461.00 
24866.00 25043.00 27398.00 25545.00 
24877.00 25768.00 26887.00 25549.00 
24906.00 25573.00 26216.00 26248.00 
24910.00 24759.00 26377.00 26694.00 
24948.00 24124.00 27304.00 26257.00 
24976.00 24244.00 26955.00 26165.00 
25029.00 25400.00 25902.00 26262.00 
25063.00 25404.00 26961.00 25154.00 
25073.00 24654.00 27447.00 25346.00 
25107.00 24155.00 27268.00 26133.00 
25130.00 25639.00 25972.00 26234.00 
25158.00 25886.00 25884.00 25128.00 
25266.00 23872.00 26792.00 26533.00 
25279.00 25148.00 25521.00 26463.00 
25301.00 25558.00 27080.00 24904.00 
25347.00 25450.00 25699.00 26221.00 
25355.00 23973.00 27025.00 26271.00 
25538.00 25586.00 27023.00 24469.00 
25560.00 25326.00 27327.00 24425.00 
25674.00 25601.00 27129.00 24373.00 
25778.00 23451.00 26697.00 26293.00 
25809.00 24676.00 25192.00 26487.00 
25858.00 23679.00 27024.00 25921.00 
25929.00 24632.00 27370.00 24659.00 
25936.00 24047.00 25738.00 26052.00 
25937.00 23641.00 26935.00 25985.00 
25953.00 23509.00 26060.00 26416.00 
25953.00 23561.00 26853.00 26100.00 
25964.00 23606.00 26787.00 26139.00 
26001.00 23748.00 27293.00 25392.00 
26008.00 24471.00 27341.00 24936.00 
26014.00 23749.00 27302.00 25320.00 
26027.00 25450.00 26018.00 25143.00 
26041.00 24319.00 27085.00 25077.00 
26046.00 23583.00 26132.00 26289.00 
26049.00 25222.00 24884.00 26292.00 
26058.00 25667.00 26861.00 24409.00 
26062.00 25750.00 25429.00 25198.00 
26073.00 23616.00 26760.00 25984.00 
26089.00 25325.00 24837.00 26209.00 
26094.00 25448.00 24878.00 26111.00 
26114.00 25347.00 24908.00 26162.00 
26119.00 25357.00 24958.00 26146.00 
26120.00 23991.00 26894.00 25490.00 
26137.00 25366.00 24963.00 26131.00 
26139.00 25468.00 27111.00 24380.00 
26143.00 25784.00 25609.00 24974.00 
26165.00 25488.00 27073.00 24241.00 
26178.00 25744.00 25963.00 24515.00 
26181.00 23701.00 26064.00 26176.00 
26187.00 25393.00 27156.00 24294.00 
26231.00 24406.00 25578.00 26146.00 
26232.00 25340.00 27134.00 24347.00 
26238.00 25626.00 26772.00 24260.00 
26240.00 25004.00 25000.00 26296.00 
26252.00 24428.00 25492.00 26133.00 
26259.00 25153.00 27210.00 24329.00 
26268.00 24539.00 27161.00 24565.00 
26280.00 25290.00 27122.00 24259.00 
26310.00 25584.00 25172.00 25407.00 
26340.00 25588.00 25108.00 25357.00 
26368.00 24258.00 25981.00 25411.00 
26371.00 25359.00 24977.00 25799.00 
26391.00 25271.00 26146.00 24468.00 
24083.00 25851.00 26968.00 25768.00 
24161.00 25715.00 26822.00 25989.00 
24234.00 25258.00 27212.00 25887.00 
24248.00 25749.00 27053.00 25691.00 
24265.00 25753.00 26940.00 25888.00 
24292.00 25655.00 26990.00 25874.00 
24309.00 25937.00 26801.00 25763.00 
24313.00 25142.00 26939.00 26075.00 
24325.00 25901.00 26932.00 25697.00 
24359.00 25870.00 26821.00 25856.00 
24429.00 26170.00 26309.00 25842.00 
24467.00 25665.00 26097.00 26231.00 
24504.00 24738.00 27403.00 25794.00 
24522.00 26056.00 26914.00 25271.00 
24527.00 25684.00 27228.00 25317.00 
24543.00 25929.00 27024.00 25420.00 
24750.00 26048.00 25656.00 26053.00 
24796.00 24597.00 27381.00 25911.00 
24844.00 25883.00 25856.00 25795.00 
24880.00 25851.00 27057.00 24817.00 
24973.00 25251.00 25967.00 26312.00 
24991.00 25933.00 27134.00 24665.00 
25029.00 26258.00 25877.00 25218.00 
25069.00 24270.00 27381.00 25928.00 
25083.00 25693.00 27211.00 24139.00 
25186.00 24252.00 27321.00 25970.00 
25205.00 24203.00 27112.00 26099.00 
25211.00 25052.00 27390.00 24894.00 
25261.00 25764.00 25258.00 26165.00 
25293.00 26307.00 25106.00 25537.00 
25514.00 26159.00 26667.00 24145.00 
25541.00 25890.00 25046.00 26067.00 
25589.00 25982.00 27068.00 23902.00 
25692.00 23965.00 27197.00 25907.00 
25734.00 23967.00 27113.00 25826.00 
25743.00 25887.00 25054.00 26008.00 
25755.00 23746.00 26852.00 26002.00 
25779.00 24259.00 26174.00 26142.00 
25810.00 25819.00 27170.00 23729.00 
25812.00 23744.00 26871.00 25925.00 
25835.00 25960.00 24927.00 25850.00 
25848.00 25996.00 27018.00 23862.00 
25854.00 25883.00 24983.00 25924.00 
25857.00 26141.00 25103.00 25196.00 
25885.00 25880.00 25057.00 25942.00 
25887.00 24879.00 26909.00 24828.00 
25906.00 26013.00 26268.00 24255.00 
25919.00 24359.00 27191.00 25004.00 
25919.00 25894.00 27044.00 23771.00 
25928.00 24052.00 26799.00 25907.00 
25936.00 24032.00 26882.00 25740.00 
25941.00 26023.00 24959.00 25671.00 
25942.00 25865.00 26997.00 23741.00 
25958.00 24042.00 26700.00 25905.00 
25962.00 24305.00 27010.00 25479.00 
25977.00 25822.00 24941.00 25856.00 
25980.00 24836.00 27250.00 24350.00 
25986.00 24702.00 25876.00 25824.00 
25989.00 25946.00 26844.00 23857.00 
25996.00 25770.00 25843.00 24838.00 
26019.00 23966.00 26868.00 25617.00 
26024.00 24864.00 25611.00 26123.00 
26039.00 24912.00 27203.00 24749.00 
26041.00 25514.00 27071.00 24142.00 
26043.00 25981.00 26532.00 24056.00 
26050.00 25165.00 25415.00 26045.00 
26069.00 24300.00 26974.00 25060.00 
26077.00 24257.00 26314.00 25929.00 
26091.00 25753.00 26959.00 23908.00 
26141.00 24318.00 26031.00 25946.00 
26146.00 25206.00 25155.00 26001.00 
26167.00 25737.00 25018.00 25692.00 
26195.00 25939.00 25075.00 25204.00 
26200.00 25625.00 26985.00 23897.00 
26237.00 25867.00 26104.00 24062.00 
26242.00 25635.00 26966.00 23893.00 
26245.00 25279.00 25268.00 25811.00 
26252.00 25876.00 25755.00 24567.00 
26348.00 25671.00 25335.00 25202.00 
26390.00 25136.00 26802.00 24097.00 
26529.00 25070.00 25748.00 24909.00 
24229.00 25620.00 26557.00 26035.00 
24302.00 25553.00 26562.00 26097.00 
24309.00 25526.00 26608.00 26067.00 
24352.00 25528.00 26643.00 26041.00 
24382.00 25677.00 26315.00 26058.00 
24387.00 24734.00 26510.00 26376.00 
24443.00 25619.00 26445.00 26081.00 
24447.00 24645.00 27029.00 25861.00 
24482.00 25449.00 26614.00 26091.00 
24523.00 25543.00 26562.00 26053.00 
24548.00 25723.00 26110.00 25996.00 
24564.00 25588.00 26499.00 26046.00 
24627.00 25004.00 26893.00 26226.00 
24689.00 24974.00 26893.00 26138.00 
24752.00 25882.00 26549.00 25236.00 
24795.00 25742.00 26639.00 25489.00 
24818.00 25461.00 25959.00 26202.00 
24846.00 24561.00 26725.00 26058.00 
24976.00 25737.00 26704.00 25101.00 
24988.00 25708.00 26819.00 25258.00 
25010.00 25861.00 26703.00 25172.00 
25024.00 24197.00 27079.00 25806.00 
25070.00 25821.00 25759.00 26103.00 
25114.00 25746.00 25527.00 26183.00 
25175.00 24541.00 25720.00 26574.00 
25279.00 24302.00 26521.00 26353.00 
25289.00 24777.00 27154.00 25439.00 
25340.00 25677.00 25419.00 26181.00 
25453.00 25891.00 26835.00 24695.00 
25511.00 25767.00 25501.00 26082.00 
25528.00 23777.00 26506.00 26461.00 
25531.00 25983.00 25863.00 25407.00 
25541.00 25824.00 25422.00 26059.00 
25844.00 25024.00 25412.00 26344.00 
25868.00 25756.00 25180.00 26001.00 
25869.00 24418.00 26531.00 24719.00 
25879.00 25574.00 25069.00 26209.00 
25911.00 25514.00 25041.00 26180.00 
25921.00 23692.00 26517.00 26207.00 
25926.00 23741.00 26862.00 25666.00 
25940.00 24528.00 25495.00 26041.00 
25945.00 23750.00 26613.00 26146.00 
25951.00 23626.00 26428.00 26263.00 
25981.00 23787.00 26561.00 25971.00 
26000.00 23627.00 26343.00 26219.00 
26001.00 25969.00 25236.00 25491.00 
26005.00 25065.00 27056.00 24204.00 
26006.00 25613.00 24873.00 26034.00 
26013.00 23965.00 25898.00 26527.00 
26034.00 26123.00 25844.00 24695.00 
26047.00 25857.00 26734.00 24253.00 
26051.00 25845.00 26737.00 24246.00 
26065.00 25906.00 26657.00 24202.00 
26074.00 25500.00 25176.00 26026.00 
26086.00 25688.00 25235.00 25824.00 
26087.00 23970.00 26993.00 25290.00 
26092.00 25691.00 25135.00 25854.00 
26093.00 25891.00 26615.00 24180.00 
26097.00 23900.00 26983.00 25382.00 
26120.00 25751.00 25637.00 25074.00 
26132.00 24469.00 25575.00 26249.00 
26134.00 25764.00 26719.00 24303.00 
26149.00 23813.00 26777.00 25582.00 
26155.00 23937.00 25956.00 26328.00 
26157.00 25092.00 25156.00 26129.00 
26180.00 25586.00 26735.00 24389.00 
26204.00 25692.00 25102.00 25619.00 
26212.00 25668.00 26696.00 24141.00 
26218.00 25040.00 25038.00 26149.00 
26225.00 25444.00 24972.00 25947.00 
26246.00 25356.00 26792.00 24185.00 
26255.00 25863.00 26111.00 24555.00 
26274.00 24065.00 25742.00 26161.00 
26293.00 24277.00 26848.00 24914.00 
26294.00 23776.00 26311.00 25887.00 
26307.00 23997.00 26611.00 25176.00 
26315.00 25822.00 25617.00 24982.00 
26324.00 25248.00 26573.00 24659.00 
26330.00 25805.00 26043.00 24568.00 
26425.00 25571.00 25210.00 25345.00 
26441.00 24969.00 26045.00 25113.00 
24221.00 25252.00 27268.00 25941.00 
24227.00 24982.00 27149.00 26305.00 
24256.00 25418.00 27019.00 26180.00 
24281.00 25625.00 27035.00 26120.00 
24301.00 25508.00 27043.00 26154.00 
24317.00 25118.00 27394.00 25977.00 
24324.00 25468.00 27072.00 26098.00 
24337.00 25504.00 27075.00 26079.00 
24404.00 24799.00 27089.00 26299.00 
24426.00 25522.00 26559.00 26378.00 
24526.00 25378.00 27204.00 25997.00 
24546.00 24549.00 27277.00 26180.00 
24601.00 25348.00 27313.00 25419.00 
24619.00 25656.00 26747.00 26088.00 
24623.00 25747.00 26486.00 26011.00 
24642.00 25709.00 27145.00 25476.00 
24734.00 25748.00 26991.00 25328.00 
24760.00 25709.00 27180.00 25060.00 
24891.00 24304.00 27191.00 26024.00 
24956.00 25610.00 26025.00 26140.00 
25000.00 25618.00 27161.00 24915.00 
25049.00 25596.00 26132.00 26052.00 
25054.00 25942.00 26594.00 25577.00 
25127.00 23793.00 26883.00 26256.00 
25201.00 24581.00 27465.00 24996.00 
25287.00 24177.00 27332.00 25691.00 
25322.00 24451.00 26263.00 26373.00 
25391.00 25244.00 27378.00 24597.00 
25402.00 25726.00 25722.00 25934.00 
25441.00 25780.00 27008.00 24546.00 
25460.00 25467.00 25583.00 26279.00 
25539.00 25714.00 27122.00 24436.00 
25584.00 23749.00 27208.00 25913.00 
25729.00 25743.00 25391.00 25957.00 
25752.00 23784.00 27410.00 25510.00 
25753.00 23772.00 26448.00 26301.00 
25756.00 24837.00 25565.00 26394.00 
25829.00 23772.00 27295.00 25686.00 
25858.00 23607.00 26699.00 26188.00 
25890.00 23555.00 27124.00 25988.00 
25899.00 23485.00 26960.00 26049.00 
25913.00 23481.00 27093.00 25970.00 
25929.00 25613.00 25339.00 26022.00 
25931.00 23542.00 27231.00 25896.00 
25938.00 24852.00 27322.00 24435.00 
25941.00 23515.00 27140.00 25827.00 
25945.00 25392.00 25444.00 26153.00 
25958.00 25659.00 25395.00 25931.00 
25961.00 23509.00 26968.00 26013.00 
25973.00 23439.00 27027.00 25961.00 
25983.00 24476.00 27264.00 25100.00 
25986.00 25592.00 25307.00 26008.00 
25996.00 25817.00 25562.00 25330.00 
25998.00 25653.00 25377.00 25886.00 
26011.00 24243.00 25977.00 25899.00 
26018.00 25265.00 27295.00 24348.00 
26037.00 25531.00 25384.00 25952.00 
26052.00 25455.00 25381.00 26012.00 
26054.00 25861.00 26655.00 24262.00 
26058.00 25618.00 27093.00 24259.00 
26067.00 25469.00 25959.00 24782.00 
26070.00 25012.00 27251.00 24352.00 
26082.00 25708.00 27068.00 24068.00 
26091.00 25820.00 25534.00 25376.00 
26109.00 25794.00 26187.00 24578.00 
26114.00 25498.00 27110.00 24023.00 
26135.00 24318.00 26839.00 25435.00 
26151.00 25607.00 25531.00 25350.00 
26167.00 25480.00 27116.00 24040.00 
26175.00 25796.00 26883.00 24124.00 
26198.00 25373.00 25298.00 25820.00 
26198.00 25797.00 26769.00 24079.00 
26221.00 24126.00 25646.00 26143.00 
26272.00 24540.00 25340.00 26026.00 
26275.00 24089.00 26223.00 25672.00 
26304.00 25405.00 26993.00 24118.00 
26312.00 24640.00 25266.00 26090.00 
26314.00 25104.00 26972.00 24112.00 
26336.00 25577.00 26589.00 24365.00 
26381.00 24568.00 26282.00 25062.00 
24009.00 25618.00 27088.00 25926.00 
24031.00 25615.00 27109.00 25881.00 
24051.00 25540.00 27271.00 25785.00 
24053.00 25354.00 27247.00 25919.00 
24075.00 25425.00 27198.00 25941.00 
24078.00 25445.00 27128.00 26011.00 
24096.00 25708.00 27067.00 25756.00 
24192.00 25607.00 27367.00 25496.00 
24207.00 25661.00 27268.00 25628.00 
24316.00 24585.00 27509.00 25808.00 
24375.00 25708.00 27266.00 25050.00 
24406.00 25431.00 26540.00 26219.00 
24414.00 25660.00 27394.00 24739.00 
24416.00 25384.00 26844.00 26199.00 
24481.00 25804.00 26667.00 25546.00 
24504.00 25464.00 27553.00 25085.00 
24532.00 24812.00 27136.00 26119.00 
24676.00 24839.00 27364.00 25936.00 
24861.00 25511.00 26243.00 26119.00 
24890.00 25367.00 27161.00 24616.00 
24897.00 24042.00 27098.00 25882.00 
24951.00 24435.00 27449.00 25880.00 
25048.00 25890.00 26288.00 25084.00 
25056.00 24382.00 27577.00 25248.00 
25131.00 25422.00 25726.00 26132.00 
25136.00 25548.00 25749.00 26028.00 
25164.00 24505.00 26778.00 26124.00 
25174.00 25824.00 27183.00 24170.00 
25187.00 25697.00 25706.00 25812.00 
25259.00 23933.00 27347.00 26008.00 
25348.00 23904.00 27309.00 26081.00 
25357.00 25654.00 27243.00 24013.00 
25378.00 23714.00 27358.00 25895.00 
25570.00 23619.00 27184.00 26063.00 
25693.00 25124.00 27515.00 24346.00 
25769.00 25502.00 27195.00 24092.00 
25819.00 23601.00 27359.00 25840.00 
25853.00 24715.00 27478.00 24439.00 
25855.00 23240.00 27307.00 25805.00 
25876.00 23592.00 27379.00 25549.00 
25895.00 25386.00 25235.00 25764.00 
25897.00 25060.00 25735.00 24465.00 
25904.00 25618.00 25272.00 25587.00 
25949.00 25761.00 26393.00 24175.00 
25957.00 23674.00 27255.00 25633.00 
25961.00 23684.00 26300.00 26067.00 
25971.00 23449.00 27227.00 25706.00 
25982.00 23573.00 26631.00 25945.00 
26000.00 25272.00 25225.00 25894.00 
26002.00 23693.00 27278.00 25555.00 
26004.00 24052.00 27181.00 24754.00 
26023.00 23741.00 27219.00 25545.00 
26028.00 23710.00 27355.00 25052.00 
26052.00 25288.00 27220.00 24052.00 
26069.00 23766.00 27303.00 25232.00 
26069.00 25574.00 26922.00 24053.00 
26082.00 25270.00 27203.00 23996.00 
26090.00 25321.00 27144.00 23921.00 
26104.00 25151.00 25244.00 25876.00 
26109.00 25637.00 25201.00 25484.00 
26120.00 24984.00 27226.00 24347.00 
26127.00 25402.00 27012.00 24123.00 
26132.00 25323.00 27077.00 23959.00 
26149.00 25671.00 25384.00 25291.00 
26157.00 25488.00 25364.00 25405.00 
26163.00 24419.00 25251.00 26132.00 
26175.00 25854.00 25322.00 24878.00 
26176.00 25235.00 25247.00 25674.00 
26193.00 25251.00 27086.00 24028.00 
26231.00 23971.00 27116.00 24984.00 
26244.00 24547.00 27131.00 24542.00 
26274.00 24081.00 27160.00 24678.00 
26311.00 25518.00 26435.00 23783.00 
26321.00 25832.00 25548.00 24521.00 
26327.00 23537.00 26031.00 25800.00 
26340.00 24482.00 25160.00 25967.00 
26395.00 24484.00 26275.00 24861.00 
26417.00 25458.00 26242.00 24074.00 
26421.00 25188.00 25297.00 25024.00 
26436.00 24046.00 25297.00 25970.00 
26452.00 24246.00 25310.00 25951.00 
24745.00 25532.00 26848.00 25791.00 
24775.00 24906.00 27075.00 25878.00 
24820.00 25618.00 26946.00 25427.00 
24835.00 24704.00 27170.00 25943.00 
24843.00 25585.00 26703.00 25924.00 
24858.00 25690.00 26787.00 25563.00 
24866.00 25485.00 26484.00 26058.00 
24866.00 25651.00 26661.00 25896.00 
24870.00 25564.00 26814.00 25826.00 
24875.00 24821.00 26844.00 26025.00 
24897.00 25551.00 26823.00 25812.00 
24913.00 25412.00 27012.00 25219.00 
24944.00 25621.00 26812.00 25740.00 
24985.00 25814.00 26230.00 25797.00 
25132.00 25681.00 26047.00 26054.00 
25155.00 24425.00 27257.00 25921.00 
25207.00 24652.00 26979.00 25909.00 
25217.00 25827.00 25576.00 26088.00 
25255.00 25635.00 26918.00 24863.00 
25265.00 25735.00 27001.00 24762.00 
25275.00 25814.00 26812.00 24735.00 
25314.00 25725.00 25430.00 26106.00 
25314.00 25951.00 25388.00 25812.00 
25328.00 24735.00 27342.00 25259.00 
25349.00 24225.00 26876.00 26060.00 
25360.00 24280.00 27320.00 25836.00 
25474.00 24780.00 25756.00 26303.00 
25502.00 25472.00 27149.00 24424.00 
25522.00 24148.00 27167.00 25876.00 
25569.00 25621.00 26970.00 24537.00 
25653.00 26009.00 25977.00 25005.00 
25715.00 25922.00 25132.00 25937.00 
25738.00 25032.00 27343.00 24203.00 
25812.00 24091.00 26866.00 25875.00 
25833.00 23937.00 27072.00 25808.00 
25875.00 24111.00 26126.00 26124.00 
25879.00 24214.00 26411.00 26021.00 
25932.00 25880.00 26440.00 24291.00 
26022.00 23889.00 27033.00 25655.00 
26036.00 23680.00 26909.00 25679.00 
26047.00 24292.00 25685.00 25787.00 
26057.00 23924.00 27167.00 25453.00 
26068.00 25513.00 25861.00 24881.00 
26068.00 25780.00 25050.00 25725.00 
26094.00 25681.00 24895.00 25893.00 
26096.00 23942.00 27081.00 25502.00 
26101.00 24830.00 25256.00 26094.00 
26109.00 24474.00 26812.00 24728.00 
26109.00 25851.00 25083.00 25462.00 
26139.00 25523.00 26941.00 24103.00 
26153.00 25518.00 24912.00 25969.00 
26154.00 25620.00 25228.00 25757.00 
26160.00 24575.00 25472.00 25983.00 
26161.00 25474.00 27025.00 24161.00 
26165.00 25406.00 27067.00 24025.00 
26165.00 25558.00 26836.00 23917.00 
26171.00 25790.00 25454.00 24786.00 
26208.00 25419.00 24939.00 26051.00 
26212.00 23791.00 26973.00 25543.00 
26251.00 25770.00 26668.00 23902.00 
26255.00 23800.00 27030.00 25359.00 
26264.00 25486.00 26958.00 24054.00 
26265.00 25695.00 25093.00 25749.00 
26266.00 25303.00 25160.00 25964.00 
26268.00 25666.00 25140.00 25335.00 
26288.00 25252.00 27059.00 24025.00 
26297.00 25704.00 26435.00 24089.00 
26312.00 24390.00 26964.00 24721.00 
26314.00 24988.00 25145.00 25978.00 
26315.00 25376.00 24939.00 26002.00 
26318.00 25724.00 26639.00 23942.00 
26341.00 25420.00 26967.00 24170.00 
26385.00 23830.00 25975.00 25552.00 
26415.00 23902.00 26859.00 25161.00 
26423.00 25549.00 26137.00 24551.00 
26539.00 24995.00 26555.00 24277.00 
26553.00 25270.00 25659.00 25077.00 
26627.00 24384.00 25767.00 24917.00 
24128.00 25541.00 27157.00 25708.00 
24220.00 25414.00 26902.00 26044.00 
24255.00 25525.00 26683.00 26185.00 
24298.00 25604.00 26907.00 25873.00 
24312.00 25553.00 26795.00 26018.00 
24326.00 25392.00 27034.00 26032.00 
24330.00 25627.00 26840.00 25981.00 
24366.00 25575.00 26692.00 26117.00 
24389.00 25306.00 25813.00 26513.00 
24428.00 25407.00 26880.00 26093.00 
24432.00 25725.00 27103.00 25499.00 
24470.00 25617.00 26110.00 26233.00 
24599.00 24602.00 26931.00 26396.00 
24614.00 25676.00 27019.00 25506.00 
24621.00 24493.00 27203.00 26239.00 
24622.00 24176.00 27133.00 26529.00 
24706.00 24550.00 27006.00 26408.00 
24748.00 25499.00 25433.00 26092.00 
24779.00 24145.00 26833.00 26107.00 
24789.00 25439.00 27185.00 25518.00 
24920.00 25642.00 25400.00 26253.00 
25145.00 25560.00 26946.00 25125.00 
25182.00 24639.00 25842.00 26494.00 
25202.00 25671.00 27067.00 25040.00 
25278.00 25377.00 24995.00 26388.00 
25294.00 23574.00 26832.00 26460.00 
25325.00 25724.00 25065.00 25982.00 
25335.00 24024.00 27267.00 25871.00 
25359.00 25804.00 26947.00 24677.00 
25387.00 23522.00 26914.00 26415.00 
25438.00 26005.00 25854.00 24987.00 
25442.00 24590.00 27378.00 25201.00 
25501.00 25483.00 24946.00 26333.00 
25583.00 25573.00 27179.00 24601.00 
25642.00 25792.00 27085.00 24496.00 
25768.00 25932.00 26829.00 24301.00 
25890.00 25780.00 25483.00 25311.00 
25997.00 24842.00 25128.00 26318.00 
25999.00 25384.00 24903.00 26082.00 
26026.00 25255.00 24859.00 26287.00 
26028.00 25332.00 24831.00 26142.00 
26033.00 25266.00 24917.00 26255.00 
26049.00 25919.00 26095.00 24351.00 
26055.00 25378.00 24800.00 26079.00 
26058.00 25288.00 24962.00 26243.00 
26074.00 24212.00 25623.00 26233.00 
26076.00 23643.00 26786.00 26050.00 
26092.00 25065.00 24996.00 26354.00 
26100.00 23913.00 26937.00 25979.00 
26107.00 23845.00 26897.00 26013.00 
26107.00 25423.00 25771.00 24865.00 
26122.00 25508.00 24968.00 25643.00 
26130.00 25239.00 24956.00 26158.00 
26133.00 23814.00 26757.00 26126.00 
26177.00 23946.00 26937.00 25902.00 
26181.00 24067.00 26290.00 26267.00 
26200.00 25521.00 26963.00 24005.00 
26207.00 23907.00 26750.00 26125.00 
26211.00 25101.00 25044.00 26139.00 
26222.00 23938.00 27032.00 25793.00 
26230.00 23828.00 26803.00 26000.00 
26234.00 25456.00 27107.00 24124.00 
26239.00 24000.00 26594.00 26104.00 
26250.00 25531.00 26925.00 24368.00 
26270.00 25469.00 27054.00 24094.00 
26272.00 24433.00 26942.00 25148.00 
26279.00 25539.00 26576.00 24359.00 
26306.00 23945.00 26246.00 26133.00 
26316.00 24616.00 27199.00 24882.00 
26319.00 24161.00 27158.00 25429.00 
26329.00 24019.00 27004.00 25611.00 
26352.00 24810.00 27072.00 24632.00 
26361.00 25422.00 25995.00 24919.00 
26387.00 24364.00 25474.00 25978.00 
26408.00 24650.00 27085.00 24929.00 
26447.00 25259.00 25431.00 24925.00 
26452.00 24763.00 26933.00 24701.00 
26465.00 25405.00 26031.00 24517.00 
26472.00 24793.00 26073.00 25129.00 
24287.00 25345.00 26776.00 26086.00 
24312.00 25636.00 26952.00 25754.00 
24364.00 25592.00 26853.00 25893.00 
24402.00 25674.00 26792.00 25821.00 
24407.00 25667.00 26888.00 25796.00 
24411.00 24740.00 26771.00 26358.00 
24418.00 24893.00 26914.00 26239.00 
24427.00 25600.00 26898.00 25851.00 
24465.00 25724.00 26991.00 25550.00 
24476.00 25844.00 26866.00 25475.00 
24507.00 25805.00 26945.00 25438.00 
24562.00 25262.00 26545.00 26253.00 
24574.00 25596.00 26519.00 25926.00 
24595.00 25575.00 27136.00 25345.00 
24617.00 24625.00 26940.00 26164.00 
24721.00 25886.00 25944.00 25683.00 
24764.00 24975.00 27160.00 25628.00 
24866.00 25706.00 25635.00 25816.00 
24893.00 25703.00 26968.00 25115.00 
24906.00 24911.00 27380.00 25168.00 
25039.00 24579.00 26801.00 25798.00 
25093.00 25698.00 26889.00 24614.00 
25094.00 25881.00 25375.00 25921.00 
25096.00 25928.00 25115.00 25885.00 
25108.00 24674.00 25460.00 26366.00 
25163.00 25383.00 25278.00 26193.00 
25177.00 25892.00 25080.00 26009.00 
25208.00 23917.00 27156.00 25643.00 
25288.00 26147.00 25815.00 24716.00 
25458.00 23861.00 26835.00 26034.00 
25475.00 25938.00 26714.00 24427.00 
25583.00 23950.00 26685.00 26182.00 
25641.00 25601.00 27160.00 24258.00 
25870.00 25623.00 24625.00 25926.00 
25894.00 25806.00 26967.00 24103.00 
25911.00 25210.00 27138.00 24170.00 
25928.00 23629.00 26597.00 26118.00 
25935.00 25698.00 25547.00 24497.00 
25967.00 26113.00 25096.00 24745.00 
25976.00 26030.00 26427.00 24128.00 
26013.00 23601.00 26902.00 25781.00 
26016.00 25691.00 24988.00 25680.00 
26022.00 23611.00 26960.00 25734.00 
26025.00 25524.00 24651.00 25902.00 
26048.00 24940.00 25234.00 26007.00 
26064.00 25516.00 27094.00 23869.00 
26067.00 23627.00 26650.00 25932.00 
26068.00 24457.00 26810.00 24606.00 
26069.00 25624.00 24627.00 25773.00 
26084.00 23691.00 26971.00 25665.00 
26088.00 24787.00 25126.00 26101.00 
26095.00 23670.00 27016.00 25592.00 
26106.00 23828.00 25997.00 26136.00 
26108.00 24066.00 27081.00 25078.00 
26109.00 23831.00 26015.00 26132.00 
26134.00 25608.00 24904.00 25723.00 
26137.00 25973.00 25799.00 24320.00 
26147.00 25840.00 26897.00 23933.00 
26152.00 25622.00 24880.00 25701.00 
26155.00 25782.00 24872.00 25450.00 
26167.00 24414.00 25593.00 25826.00 
26186.00 25837.00 26935.00 23845.00 
26206.00 25413.00 26997.00 23981.00 
26207.00 25550.00 24832.00 25706.00 
26220.00 25787.00 26883.00 23866.00 
26230.00 23678.00 26900.00 25603.00 
26233.00 25858.00 26794.00 23807.00 
26284.00 23665.00 26814.00 25604.00 
26285.00 25671.00 26875.00 23859.00 
26285.00 25841.00 26704.00 23855.00 
26305.00 24128.00 25714.00 25899.00 
26306.00 25501.00 25247.00 25184.00 
26311.00 24369.00 26917.00 24778.00 
26324.00 25732.00 26744.00 23822.00 
26361.00 23898.00 25984.00 25578.00 
26365.00 24971.00 25339.00 25580.00 
26393.00 25476.00 26221.00 24109.00 
26411.00 23913.00 26840.00 25203.00 
26442.00 24799.00 25967.00 25072.00 
26451.00 25150.00 26682.00 24090.00 
26458.00 24005.00 26789.00 24923.00 
24325.00 25558.00 26292.00 26195.00 
24359.00 25580.00 26382.00 26117.00 
24393.00 25517.00 26484.00 26015.00 
24430.00 25542.00 26455.00 26078.00 
24451.00 25532.00 26044.00 26224.00 
24472.00 25857.00 25715.00 25726.00 
24526.00 25236.00 26580.00 26069.00 
24575.00 25634.00 26511.00 25814.00 
24591.00 25451.00 26563.00 25985.00 
24601.00 25419.00 25883.00 26327.00 
24677.00 25699.00 26417.00 25826.00 
24693.00 25372.00 26718.00 25096.00 
24705.00 25666.00 26529.00 25506.00 
24782.00 25812.00 26450.00 25480.00 
24903.00 24549.00 26295.00 26397.00 
24999.00 24666.00 26777.00 25787.00 
25118.00 24445.00 26494.00 25775.00 
25180.00 25703.00 25423.00 26027.00 
25216.00 24323.00 25889.00 26503.00 
25218.00 25489.00 26597.00 24836.00 
25390.00 24196.00 26588.00 26186.00 
25427.00 25601.00 26720.00 24778.00 
25434.00 25518.00 26742.00 24504.00 
25474.00 25834.00 25588.00 25257.00 
25477.00 23922.00 26575.00 26185.00 
25510.00 24133.00 26844.00 25847.00 
25565.00 25710.00 26493.00 24529.00 
25582.00 24485.00 26919.00 25225.00 
25686.00 24029.00 26597.00 26180.00 
25798.00 25637.00 26568.00 24170.00 
25805.00 25381.00 24941.00 26218.00 
25823.00 25627.00 25017.00 25989.00 
25824.00 25672.00 25081.00 25935.00 
26055.00 23883.00 26333.00 26152.00 
26099.00 25600.00 24920.00 25971.00 
26130.00 25647.00 24950.00 25939.00 
26130.00 25891.00 25613.00 24673.00 
26152.00 25660.00 24914.00 25887.00 
26178.00 25510.00 24759.00 25892.00 
26204.00 25410.00 25408.00 24767.00 
26216.00 24051.00 25664.00 26349.00 
26229.00 24487.00 25472.00 25893.00 
26231.00 24524.00 26511.00 24902.00 
26249.00 25728.00 25004.00 25653.00 
26258.00 23969.00 26604.00 25938.00 
26262.00 24861.00 25083.00 26200.00 
26271.00 23793.00 26768.00 25421.00 
26282.00 23959.00 26604.00 25899.00 
26284.00 25528.00 26574.00 24097.00 
26286.00 25754.00 25163.00 25542.00 
26293.00 25363.00 26734.00 24027.00 
26295.00 23903.00 26322.00 26030.00 
26310.00 24831.00 25114.00 26152.00 
26311.00 23930.00 26486.00 25886.00 
26324.00 25684.00 26105.00 24427.00 
26325.00 25476.00 26568.00 24189.00 
26331.00 24428.00 25648.00 26048.00 
26345.00 25537.00 26544.00 24017.00 
26371.00 25507.00 26614.00 24158.00 
26376.00 24791.00 26734.00 24394.00 
26386.00 23939.00 26379.00 25807.00 
26391.00 23911.00 26144.00 26088.00 
26394.00 23979.00 26023.00 25966.00 
26418.00 25511.00 26602.00 24112.00 
26436.00 23990.00 26651.00 25406.00 
26464.00 24399.00 26662.00 24627.00 
26480.00 25440.00 26602.00 24137.00 
26482.00 24009.00 26463.00 25454.00 
26495.00 25622.00 25365.00 24934.00 
26523.00 25559.00 24913.00 25531.00 
26601.00 24818.00 26376.00 24598.00 
26621.00 25441.00 24986.00 25293.00 
26647.00 25378.00 26051.00 24181.00 
26743.00 24452.00 25967.00 25087.00 
24314.00 25443.00 26999.00 25960.00 
24467.00 25559.00 27001.00 25928.00 
24477.00 25357.00 27086.00 26108.00 
24481.00 24599.00 26916.00 26398.00 
24542.00 25416.00 26683.00 26282.00 
24625.00 25291.00 27051.00 26093.00 
24629.00 25599.00 27112.00 25747.00 
24641.00 24756.00 27232.00 26147.00 
24652.00 25659.00 26574.00 26077.00 
24657.00 24659.00 27209.00 26298.00 
24661.00 25681.00 26250.00 26168.00 
24676.00 25487.00 26491.00 26256.00 
24685.00 25627.00 27130.00 25626.00 
24713.00 25550.00 27190.00 25726.00 
24716.00 25560.00 26999.00 25919.00 
24741.00 25768.00 27014.00 25506.00 
24835.00 25715.00 25954.00 26007.00 
24883.00 24590.00 27311.00 26175.00 
24990.00 25463.00 27431.00 24977.00 
25063.00 24350.00 26949.00 25968.00 
25152.00 25911.00 26028.00 25070.00 
25167.00 25647.00 27278.00 24769.00 
25216.00 24653.00 27427.00 25016.00 
25224.00 25614.00 25897.00 25887.00 
25245.00 24317.00 25740.00 26404.00 
25250.00 25567.00 26869.00 24787.00 
25321.00 25824.00 26942.00 24645.00 
25357.00 25414.00 25534.00 26111.00 
25418.00 25524.00 27295.00 24507.00 
25440.00 23731.00 26855.00 26159.00 
25549.00 23921.00 27323.00 25776.00 
25727.00 25635.00 25330.00 25930.00 
25777.00 23616.00 27071.00 26025.00 
25806.00 23625.00 27052.00 26030.00 
25819.00 23617.00 27194.00 25828.00 
25853.00 23591.00 26952.00 26025.00 
25872.00 25539.00 25273.00 25991.00 
25910.00 25634.00 27000.00 24321.00 
25920.00 23673.00 27068.00 25892.00 
25939.00 25582.00 25182.00 25948.00 
25974.00 24942.00 25163.00 26169.00 
25979.00 24234.00 27299.00 25111.00 
25995.00 23674.00 27033.00 25859.00 
26042.00 23542.00 26867.00 25782.00 
26083.00 25565.00 25059.00 25938.00 
26091.00 25542.00 24867.00 25911.00 
26094.00 23613.00 26865.00 25723.00 
26102.00 25582.00 27003.00 24061.00 
26102.00 25745.00 26458.00 24132.00 
26106.00 25486.00 24953.00 25934.00 
26120.00 24068.00 25910.00 26209.00 
26129.00 25521.00 25015.00 25912.00 
26145.00 25785.00 26780.00 23979.00 
26147.00 25532.00 27023.00 23913.00 
26148.00 24621.00 27151.00 24725.00 
26148.00 25681.00 26915.00 23949.00 
26162.00 25478.00 24959.00 25877.00 
26165.00 24965.00 27075.00 24531.00 
26165.00 25625.00 26890.00 23844.00 
26169.00 25485.00 27004.00 23955.00 
26182.00 25599.00 26965.00 24013.00 
26189.00 25654.00 26828.00 23966.00 
26194.00 23857.00 26462.00 25931.00 
26199.00 25675.00 25336.00 25520.00 
26199.00 25789.00 26829.00 23945.00 
26207.00 24901.00 27135.00 24483.00 
26222.00 25501.00 24936.00 25847.00 
26230.00 24408.00 26806.00 24729.00 
26248.00 24093.00 26952.00 25218.00 
26256.00 25650.00 25423.00 24916.00 
26258.00 23837.00 26975.00 25178.00 
26262.00 25607.00 25097.00 25593.00 
26273.00 25465.00 25630.00 24767.00 
26282.00 24275.00 25631.00 25860.00 
26295.00 24088.00 26125.00 25930.00 
26316.00 24834.00 25319.00 25986.00 
26317.00 25632.00 25145.00 25467.00 
26374.00 25018.00 26787.00 24419.00 
26379.00 25044.00 25185.00 25850.00 
26381.00 25343.00 25401.00 25294.00 
26385.00 24347.00 25577.00 25945.00 
26389.00 25434.00 26306.00 24320.00 
26611.00 24797.00 25812.00 24780.00 
24481.00 25361.00 27112.00 25791.00 
24482.00 25472.00 27221.00 25645.00 
24489.00 25281.00 27270.00 25728.00 
24492.00 25486.00 27139.00 25741.00 
24492.00 25506.00 27109.00 25702.00 
24496.00 25518.00 27245.00 25522.00 
24498.00 25186.00 27361.00 25669.00 
24505.00 25402.00 27297.00 25639.00 
24506.00 25482.00 27130.00 25681.00 
24553.00 24657.00 27394.00 25772.00 
24554.00 25775.00 26678.00 25581.00 
24600.00 25294.00 27473.00 25132.00 
24688.00 25733.00 26483.00 25575.00 
24713.00 25513.00 26353.00 25908.00 
24743.00 24615.00 26945.00 26111.00 
24763.00 25875.00 27181.00 24876.00 
24864.00 25557.00 26212.00 25815.00 
24872.00 24383.00 27276.00 25953.00 
24872.00 24397.00 27103.00 25802.00 
24880.00 25889.00 26380.00 24990.00 
24942.00 25426.00 27148.00 24672.00 
24953.00 25438.00 26101.00 25757.00 
25015.00 25561.00 27485.00 24401.00 
25021.00 24560.00 27446.00 25086.00 
25086.00 25657.00 27292.00 24430.00 
25096.00 23913.00 27039.00 26001.00 
25140.00 24668.00 25977.00 26202.00 
25249.00 25659.00 25814.00 25721.00 
25259.00 25232.00 25424.00 25975.00 
25298.00 25829.00 27205.00 24081.00 
25414.00 24023.00 27286.00 25821.00 
25486.00 23936.00 27401.00 25660.00 
25617.00 25782.00 27243.00 23870.00 
25675.00 25511.00 25331.00 25768.00 
25699.00 24580.00 26008.00 26100.00 
25713.00 24078.00 27543.00 25055.00 
25715.00 24311.00 26287.00 26217.00 
25722.00 23656.00 27244.00 25769.00 
25757.00 23616.00 27262.00 25766.00 
25822.00 23642.00 27420.00 25445.00 
25823.00 25811.00 26316.00 24006.00 
25835.00 24683.00 27547.00 24452.00 
25892.00 23577.00 27079.00 25782.00 
25892.00 24067.00 26581.00 25901.00 
25895.00 24281.00 26402.00 25994.00 
25896.00 24414.00 26112.00 25745.00 
25908.00 23589.00 27108.00 25763.00 
25920.00 23658.00 27264.00 25562.00 
25924.00 25436.00 25959.00 24663.00 
25946.00 23576.00 27106.00 25782.00 
25974.00 23487.00 27085.00 25658.00 
26016.00 23966.00 27423.00 24902.00 
26016.00 25659.00 25406.00 25128.00 
26017.00 25773.00 27154.00 23614.00 
26038.00 25495.00 25228.00 25754.00 
26052.00 25575.00 27329.00 23767.00 
26054.00 24210.00 27051.00 24497.00 
26054.00 25411.00 25116.00 25784.00 
26065.00 24263.00 26318.00 25797.00 
26071.00 25611.00 27300.00 23769.00 
26080.00 25543.00 25177.00 25658.00 
26081.00 25017.00 27383.00 24075.00 
26083.00 25639.00 27248.00 23753.00 
26091.00 25273.00 25211.00 25898.00 
26117.00 25185.00 25251.00 25914.00 
26120.00 25654.00 27281.00 23634.00 
26122.00 25522.00 27200.00 23761.00 
26125.00 25646.00 27244.00 23685.00 
26148.00 25534.00 25123.00 25719.00 
26159.00 25660.00 26022.00 24176.00 
26165.00 25530.00 25287.00 25479.00 
26191.00 25517.00 27204.00 23685.00 
26193.00 25446.00 25001.00 25741.00 
26196.00 23667.00 27188.00 25118.00 
26200.00 25340.00 25148.00 25798.00 
26226.00 24779.00 27366.00 24160.00 
26242.00 25620.00 26540.00 23934.00 
26254.00 25095.00 25374.00 25708.00 
26268.00 25382.00 26158.00 24001.00 
26295.00 25484.00 25362.00 25349.00 
26321.00 24139.00 27161.00 24528.00 
26478.00 24659.00 26393.00 24445.00 
24292.00 25384.00 26556.00 26303.00 
24346.00 25510.00 26615.00 26121.00 
24378.00 25479.00 26760.00 26016.00 
24384.00 25503.00 26676.00 26061.00 
24415.00 25299.00 26563.00 26339.00 
24443.00 25417.00 26447.00 26313.00 
24450.00 25154.00 26784.00 26220.00 
24458.00 25573.00 26811.00 25852.00 
24521.00 24848.00 26789.00 26232.00 
24543.00 25200.00 26691.00 26218.00 
24607.00 25639.00 26751.00 25611.00 
24610.00 25291.00 25913.00 26560.00 
24726.00 25605.00 25954.00 26196.00 
24761.00 24514.00 26490.00 26482.00 
24797.00 25440.00 25799.00 26629.00 
24880.00 25547.00 26930.00 25295.00 
24941.00 24550.00 26973.00 26051.00 
25005.00 25431.00 25628.00 26591.00 
25101.00 24499.00 25765.00 26631.00 
25125.00 25306.00 25554.00 26207.00 
25126.00 24143.00 26766.00 26280.00 
25149.00 24168.00 27003.00 26182.00 
25150.00 25260.00 26797.00 25062.00 
25219.00 24269.00 27019.00 25607.00 
25230.00 25419.00 27095.00 24973.00 
25241.00 23988.00 26672.00 26437.00 
25328.00 25327.00 27069.00 24698.00 
25421.00 23790.00 27008.00 26137.00 
25450.00 25570.00 25460.00 26291.00 
25518.00 25353.00 25243.00 26408.00 
25533.00 23555.00 26772.00 26283.00 
25586.00 25618.00 25345.00 26054.00 
25660.00 25610.00 26925.00 24533.00 
25687.00 25654.00 26780.00 24550.00 
25719.00 25717.00 25978.00 25203.00 
25858.00 23491.00 26703.00 26130.00 
25953.00 23640.00 26755.00 25996.00 
25995.00 25296.00 24995.00 26147.00 
26046.00 23699.00 25853.00 26243.00 
26056.00 23500.00 26621.00 25998.00 
26068.00 23582.00 26493.00 26111.00 
26074.00 25742.00 25965.00 24380.00 
26085.00 24490.00 25348.00 26378.00 
26091.00 23629.00 26570.00 26045.00 
26100.00 25365.00 25069.00 26051.00 
26131.00 23639.00 26567.00 25970.00 
26149.00 23851.00 26994.00 25507.00 
26180.00 25161.00 24959.00 26049.00 
26182.00 25511.00 24977.00 25830.00 
26221.00 24112.00 26896.00 25382.00 
26232.00 23653.00 25866.00 26176.00 
26236.00 23707.00 26520.00 25908.00 
26239.00 25692.00 24969.00 25206.00 
26256.00 25645.00 26497.00 24378.00 
26279.00 25374.00 26701.00 24258.00 
26280.00 24380.00 25323.00 26264.00 
26281.00 25370.00 25028.00 25910.00 
26309.00 25352.00 25772.00 25205.00 
26314.00 24174.00 26730.00 25145.00 
26382.00 24632.00 26865.00 24727.00 
26405.00 25172.00 26834.00 24459.00 
26406.00 24899.00 25179.00 26089.00 
26409.00 25269.00 25041.00 25868.00 
26409.00 25568.00 24903.00 25468.00 
26421.00 25109.00 26850.00 24456.00 
26454.00 24843.00 25128.00 26099.00 
26456.00 24582.00 25280.00 26117.00 
26459.00 25269.00 25027.00 25900.00 
26465.00 23908.00 25711.00 25979.00 
26494.00 25383.00 26694.00 24318.00 
26505.00 25725.00 25045.00 24846.00 
26522.00 24207.00 26599.00 25214.00 
26524.00 25458.00 26575.00 24331.00 
26546.00 25395.00 26631.00 24231.00 
26601.00 24291.00 26743.00 24986.00 
26612.00 25235.00 25135.00 25370.00 
26618.00 25446.00 26533.00 24231.00 
26624.00 25424.00 26276.00 24401.00 
26674.00 25300.00 26012.00 24371.00 
26682.00 24387.00 26667.00 24757.00 
26700.00 24627.00 25783.00 25190.00 
