16843.00 20201.00 
16884.00 20189.00 
16996.00 20148.00 
17094.00 20110.00 
17207.00 20086.00 
17311.00 20054.00 
17385.00 20002.00 
17481.00 19982.00 
17540.00 19940.00 
17624.00 19910.00 
17699.00 19873.00 
17824.00 19846.00 
17875.00 19834.00 
17928.00 19762.00 
18003.00 19741.00 
18060.00 19714.00 
18081.00 19647.00 
18160.00 19626.00 
18201.00 19576.00 
18261.00 19542.00 
18329.00 19508.00 
18369.00 19468.00 
18448.00 19446.00 
18521.00 19422.00 
18573.00 19376.00 
18580.00 19314.00 
18633.00 19280.00 
18685.00 19248.00 
18732.00 19200.00 
18789.00 19176.00 
18824.00 19119.00 
18875.00 19083.00 
18900.00 19012.00 
18927.00 18955.00 
18985.00 18927.00 
19024.00 18873.00 
19067.00 18832.00 
19100.00 18767.00 
19149.00 18729.00 
19189.00 18674.00 
19201.00 18584.00 
19267.00 18571.00 
19269.00 18453.00 
19331.00 18448.00 
19366.00 18367.00 
19397.00 18303.00 
19444.00 18232.00 
19492.00 18197.00 
19511.00 18085.00 
19551.00 18007.00 
19589.00 17964.00 
19621.00 17905.00 
19672.00 17806.00 
19688.00 17693.00 
19719.00 17564.00 
19760.00 17483.00 
19809.00 17392.00 
19853.00 17307.00 
16626.00 20273.00 
16680.00 20256.00 
16777.00 20251.00 
16821.00 20178.00 
17006.00 20156.00 
17058.00 20106.00 
17137.00 20056.00 
17247.00 20025.00 
17389.00 19996.00 
17455.00 19957.00 
17578.00 19954.00 
17676.00 19891.00 
17724.00 19858.00 
17788.00 19806.00 
17889.00 19777.00 
17946.00 19738.00 
18016.00 19694.00 
18092.00 19662.00 
18196.00 19624.00 
18198.00 19548.00 
18302.00 19530.00 
18321.00 19472.00 
18391.00 19437.00 
18447.00 19398.00 
18543.00 19364.00 
18577.00 19314.00 
18637.00 19276.00 
18700.00 19239.00 
18714.00 19162.00 
18789.00 19129.00 
18807.00 19050.00 
18869.00 19014.00 
18918.00 18977.00 
18967.00 18923.00 
19011.00 18860.00 
19080.00 18827.00 
19101.00 18743.00 
19159.00 18715.00 
19192.00 18638.00 
19239.00 18570.00 
19288.00 18538.00 
19336.00 18456.00 
19378.00 18400.00 
19433.00 18336.00 
19472.00 18273.00 
19484.00 18166.00 
19554.00 18113.00 
19561.00 18003.00 
19608.00 17916.00 
19647.00 17830.00 
19688.00 17737.00 
19714.00 17611.00 
19757.00 17528.00 
19796.00 17454.00 
19819.00 17366.00 
19837.00 17305.00 
16873.00 20226.00 
16910.00 20218.00 
17039.00 20189.00 
17113.00 20146.00 
17247.00 20111.00 
17349.00 20086.00 
17448.00 20059.00 
17520.00 20004.00 
17621.00 19989.00 
17708.00 19956.00 
17766.00 19891.00 
17767.00 19829.00 
17883.00 19813.00 
17946.00 19772.00 
18033.00 19739.00 
18091.00 19702.00 
18141.00 19656.00 
18206.00 19612.00 
18270.00 19578.00 
18345.00 19547.00 
18420.00 19525.00 
18474.00 19482.00 
18492.00 19415.00 
18559.00 19380.00 
18581.00 19313.00 
18660.00 19285.00 
18719.00 19254.00 
18761.00 19206.00 
18793.00 19147.00 
18858.00 19122.00 
18910.00 19079.00 
18937.00 19007.00 
19001.00 18980.00 
19052.00 18939.00 
19095.00 18889.00 
19129.00 18829.00 
19194.00 18795.00 
19232.00 18784.00 
19266.00 18687.00 
19283.00 18576.00 
19328.00 18519.00 
19359.00 18452.00 
19417.00 18420.00 
19449.00 18348.00 
19485.00 18263.00 
19530.00 18200.00 
19568.00 18124.00 
19601.00 18063.00 
19653.00 18014.00 
19679.00 17891.00 
19724.00 17809.00 
19758.00 17729.00 
19813.00 17648.00 
19843.00 17561.00 
19883.00 17435.00 
19917.00 17338.00 
19944.00 17308.00 
16729.00 20293.00 
16774.00 20273.00 
16859.00 20259.00 
16901.00 20191.00 
17096.00 20184.00 
17165.00 20131.00 
17267.00 20096.00 
17422.00 20073.00 
17580.00 19986.00 
17637.00 19947.00 
17708.00 19906.00 
17788.00 19864.00 
17882.00 19838.00 
17926.00 19785.00 
18031.00 19751.00 
18091.00 19726.00 
18157.00 19669.00 
18216.00 19619.00 
18282.00 19592.00 
18324.00 19523.00 
18412.00 19503.00 
18460.00 19450.00 
18549.00 19435.00 
18574.00 19371.00 
18607.00 19289.00 
18697.00 19278.00 
18752.00 19227.00 
18763.00 19136.00 
18847.00 19128.00 
18908.00 19088.00 
18947.00 19028.00 
18976.00 18930.00 
19022.00 18882.00 
19077.00 18830.00 
19106.00 18758.00 
19171.00 18712.00 
19214.00 18636.00 
19261.00 18583.00 
19285.00 18476.00 
19325.00 18405.00 
19360.00 18322.00 
19412.00 18275.00 
19452.00 18166.00 
19495.00 18082.00 
19558.00 18048.00 
19607.00 18007.00 
19645.00 17871.00 
19669.00 17735.00 
19714.00 17680.00 
19754.00 17601.00 
19816.00 17581.00 
19850.00 17345.00 
19880.00 17229.00 
19927.00 17093.00 
19948.00 17038.00 
19963.00 17033.00 
16893.00 20213.00 
16941.00 20204.00 
16968.00 20196.00 
17028.00 20179.00 
17064.00 20171.00 
17129.00 20133.00 
17199.00 20092.00 
17296.00 20059.00 
17449.00 20052.00 
17535.00 20014.00 
17573.00 19972.00 
17700.00 19960.00 
17770.00 19923.00 
17774.00 19862.00 
17867.00 19840.00 
17969.00 19817.00 
17990.00 19768.00 
18055.00 19735.00 
18129.00 19707.00 
18193.00 19680.00 
18271.00 19654.00 
18295.00 19605.00 
18346.00 19564.00 
18397.00 19531.00 
18442.00 19489.00 
18501.00 19450.00 
18545.00 19403.00 
18596.00 19376.00 
18656.00 19352.00 
18700.00 19318.00 
18717.00 19239.00 
18786.00 19222.00 
18820.00 19176.00 
18867.00 19128.00 
18903.00 19093.00 
18932.00 19025.00 
18984.00 19005.00 
19005.00 18912.00 
19062.00 18893.00 
19097.00 18837.00 
19188.00 18781.00 
19242.00 18708.00 
19256.00 18622.00 
19262.00 18525.00 
19313.00 18500.00 
19366.00 18453.00 
19401.00 18263.00 
19498.00 18210.00 
19514.00 18088.00 
19549.00 17973.00 
19590.00 17907.00 
19612.00 17768.00 
19656.00 17695.00 
19693.00 17620.00 
19724.00 17492.00 
16647.00 20277.00 
16670.00 20253.00 
16688.00 20247.00 
16740.00 20241.00 
16741.00 20234.00 
16845.00 20191.00 
16962.00 20162.00 
17091.00 20133.00 
17163.00 20100.00 
17315.00 20083.00 
17370.00 20046.00 
17447.00 20002.00 
17543.00 19986.00 
17588.00 19931.00 
17694.00 19910.00 
17756.00 19874.00 
17828.00 19843.00 
17931.00 19828.00 
17947.00 19766.00 
18050.00 19758.00 
18105.00 19724.00 
18149.00 19685.00 
18258.00 19668.00 
18312.00 19634.00 
18387.00 19563.00 
18431.00 19518.00 
18497.00 19492.00 
18557.00 19454.00 
18581.00 19402.00 
18639.00 19365.00 
18679.00 19327.00 
18741.00 19315.00 
18779.00 19263.00 
18793.00 19193.00 
18832.00 19144.00 
18879.00 19110.00 
18926.00 19079.00 
19018.00 18987.00 
19062.00 18954.00 
19085.00 18890.00 
19128.00 18841.00 
19173.00 18805.00 
19198.00 18736.00 
19242.00 18690.00 
19268.00 18618.00 
19313.00 18583.00 
19358.00 18527.00 
19389.00 18461.00 
19425.00 18395.00 
19465.00 18352.00 
19514.00 18289.00 
19534.00 18222.00 
19571.00 18126.00 
19601.00 18060.00 
19635.00 17970.00 
19670.00 17881.00 
19709.00 17800.00 
19752.00 17727.00 
19765.00 17709.00 
19775.00 17635.00 
19792.00 17558.00 
16734.00 20193.00 
16759.00 20181.00 
16848.00 20154.00 
16988.00 20122.00 
17101.00 20091.00 
17165.00 20039.00 
17313.00 20022.00 
17419.00 19991.00 
17544.00 19971.00 
17627.00 19930.00 
17703.00 19902.00 
17735.00 19835.00 
17836.00 19815.00 
17949.00 19801.00 
17998.00 19749.00 
18061.00 19710.00 
18142.00 19679.00 
18188.00 19626.00 
18260.00 19589.00 
18345.00 19588.00 
18364.00 19494.00 
18398.00 19434.00 
18465.00 19402.00 
18533.00 19368.00 
18624.00 19354.00 
18633.00 19271.00 
18699.00 19242.00 
18738.00 19187.00 
18792.00 19142.00 
18849.00 19103.00 
18896.00 19054.00 
18948.00 19006.00 
18979.00 18939.00 
19052.00 18909.00 
19071.00 18840.00 
19114.00 18782.00 
19139.00 18691.00 
19191.00 18654.00 
19232.00 18595.00 
19291.00 18557.00 
19350.00 18502.00 
19377.00 18261.00 
19435.00 18240.00 
19463.00 18103.00 
19520.00 18086.00 
19526.00 17915.00 
19595.00 17896.00 
19626.00 17789.00 
19655.00 17654.00 
19703.00 17582.00 
19744.00 17468.00 
19794.00 17399.00 
19836.00 17301.00 
19887.00 17161.00 
16617.00 20283.00 
16770.00 20244.00 
16859.00 20194.00 
17121.00 20150.00 
17162.00 20097.00 
17310.00 20050.00 
17364.00 20015.00 
17398.00 19967.00 
17514.00 19942.00 
17571.00 19899.00 
17667.00 19873.00 
17760.00 19849.00 
17803.00 19795.00 
17877.00 19756.00 
17979.00 19750.00 
18045.00 19713.00 
18121.00 19676.00 
18136.00 19615.00 
18208.00 19587.00 
18389.00 19548.00 
18412.00 19489.00 
18456.00 19446.00 
18518.00 19418.00 
18549.00 19358.00 
18618.00 19326.00 
18657.00 19279.00 
18697.00 19242.00 
18737.00 19184.00 
18776.00 19136.00 
18832.00 19104.00 
18880.00 19055.00 
18922.00 19005.00 
18938.00 18922.00 
19004.00 18893.00 
19057.00 18874.00 
19087.00 18790.00 
19164.00 18782.00 
19193.00 18711.00 
19237.00 18690.00 
19256.00 18590.00 
19313.00 18560.00 
19328.00 18454.00 
19372.00 18416.00 
19409.00 18354.00 
19435.00 18242.00 
19495.00 18214.00 
19524.00 18133.00 
19564.00 18070.00 
19587.00 17957.00 
19635.00 17884.00 
19664.00 17772.00 
19708.00 17735.00 
19749.00 17653.00 
19782.00 17513.00 
19834.00 17406.00 
19849.00 17322.00 
19857.00 17248.00 
16736.00 20236.00 
16770.00 20228.00 
16789.00 20222.00 
16925.00 20216.00 
16969.00 20211.00 
17068.00 20122.00 
17169.00 20089.00 
17269.00 20054.00 
17385.00 20032.00 
17401.00 19975.00 
17516.00 19963.00 
17604.00 19932.00 
17717.00 19910.00 
17762.00 19875.00 
17832.00 19843.00 
17878.00 19798.00 
17990.00 19784.00 
18027.00 19737.00 
18059.00 19699.00 
18127.00 19665.00 
18233.00 19663.00 
18252.00 19607.00 
18293.00 19568.00 
18341.00 19531.00 
18393.00 19492.00 
18455.00 19467.00 
18505.00 19438.00 
18536.00 19388.00 
18596.00 19356.00 
18625.00 19304.00 
18679.00 19291.00 
18712.00 19232.00 
18758.00 19194.00 
18801.00 19159.00 
18838.00 19117.00 
18855.00 19040.00 
18904.00 19009.00 
18956.00 18982.00 
18990.00 18933.00 
19028.00 18891.00 
19082.00 18855.00 
19127.00 18821.00 
19143.00 18744.00 
19190.00 18714.00 
19215.00 18650.00 
19262.00 18609.00 
19292.00 18544.00 
19324.00 18483.00 
19358.00 18416.00 
19420.00 18407.00 
19446.00 18196.00 
19539.00 18148.00 
19581.00 18070.00 
19622.00 18033.00 
19635.00 17934.00 
19669.00 17822.00 
19722.00 17798.00 
19760.00 17724.00 
19778.00 17584.00 
19809.00 17448.00 
19881.00 17387.00 
16577.00 20354.00 
16695.00 20338.00 
16756.00 20328.00 
16761.00 20304.00 
16890.00 20263.00 
16996.00 20213.00 
17081.00 20162.00 
17153.00 20105.00 
17256.00 20071.00 
17369.00 20037.00 
17463.00 20001.00 
17590.00 19967.00 
17637.00 19912.00 
17729.00 19880.00 
17811.00 19826.00 
17928.00 19818.00 
17994.00 19771.00 
18058.00 19718.00 
18142.00 19681.00 
18196.00 19629.00 
18269.00 19586.00 
18327.00 19531.00 
18438.00 19510.00 
18471.00 19451.00 
18543.00 19409.00 
18583.00 19347.00 
18657.00 19312.00 
18702.00 19237.00 
18763.00 19198.00 
18825.00 19146.00 
18881.00 19105.00 
18928.00 19030.00 
18975.00 18980.00 
19026.00 18911.00 
19076.00 18856.00 
19134.00 18796.00 
19181.00 18741.00 
19217.00 18658.00 
19261.00 18596.00 
19307.00 18523.00 
19349.00 18431.00 
19394.00 18356.00 
19458.00 18306.00 
19485.00 18193.00 
19524.00 18076.00 
19570.00 18003.00 
19608.00 17892.00 
19638.00 17775.00 
19681.00 17683.00 
19715.00 17521.00 
19768.00 17425.00 
19799.00 17279.00 
19818.00 17222.00 
19826.00 17099.00 
19841.00 17095.00 
19847.00 17027.00 
16517.00 20279.00 
16803.00 20227.00 
16853.00 20154.00 
16956.00 20116.00 
17129.00 20090.00 
17184.00 20050.00 
17279.00 20013.00 
17399.00 19987.00 
17465.00 19936.00 
17573.00 19908.00 
17721.00 19902.00 
17752.00 19840.00 
17837.00 19810.00 
17919.00 19764.00 
17985.00 19729.00 
18037.00 19688.00 
18105.00 19646.00 
18173.00 19607.00 
18273.00 19590.00 
18326.00 19550.00 
18356.00 19484.00 
18403.00 19429.00 
18486.00 19410.00 
18545.00 19367.00 
18596.00 19319.00 
18614.00 19236.00 
18670.00 19198.00 
18724.00 19151.00 
18794.00 19127.00 
18813.00 19036.00 
18872.00 19011.00 
18935.00 18971.00 
18963.00 18905.00 
19030.00 18868.00 
19097.00 18841.00 
19119.00 18755.00 
19152.00 18668.00 
19202.00 18632.00 
19225.00 18528.00 
19287.00 18495.00 
19328.00 18423.00 
19396.00 18391.00 
19413.00 18301.00 
19441.00 18198.00 
19476.00 18093.00 
19516.00 18025.00 
19557.00 17927.00 
19598.00 17861.00 
19642.00 17754.00 
19689.00 17701.00 
19731.00 17602.00 
19770.00 17469.00 
19795.00 17338.00 
19816.00 17315.00 
19839.00 17297.00 
16994.00 20124.00 
17029.00 20119.00 
17156.00 20115.00 
17232.00 20086.00 
17282.00 20041.00 
17405.00 20018.00 
17519.00 19987.00 
17649.00 19958.00 
17677.00 19921.00 
17717.00 19871.00 
17828.00 19847.00 
17892.00 19819.00 
17962.00 19784.00 
17987.00 19726.00 
18074.00 19700.00 
18108.00 19649.00 
18179.00 19621.00 
18220.00 19575.00 
18272.00 19533.00 
18329.00 19497.00 
18395.00 19472.00 
18439.00 19425.00 
18500.00 19386.00 
18565.00 19359.00 
18581.00 19298.00 
18671.00 19282.00 
18697.00 19231.00 
18777.00 19200.00 
18822.00 19164.00 
18872.00 19069.00 
18923.00 19042.00 
18952.00 18969.00 
19000.00 18940.00 
19044.00 18898.00 
19110.00 18878.00 
19130.00 18812.00 
19160.00 18751.00 
19214.00 18722.00 
19237.00 18649.00 
19256.00 18564.00 
19298.00 18522.00 
19321.00 18447.00 
19367.00 18396.00 
19398.00 18338.00 
19448.00 18287.00 
19476.00 18235.00 
19487.00 18128.00 
19519.00 18064.00 
19573.00 18006.00 
19594.00 17908.00 
19618.00 17808.00 
19664.00 17778.00 
19688.00 17664.00 
19719.00 17561.00 
19762.00 17465.00 
19788.00 17360.00 
19818.00 17317.00 
19831.00 17248.00 
19845.00 17211.00 
16684.00 20247.00 
16756.00 20233.00 
16887.00 20198.00 
17010.00 20173.00 
17135.00 20151.00 
17206.00 20113.00 
17282.00 20077.00 
17387.00 20056.00 
17487.00 20024.00 
17585.00 19998.00 
17670.00 19970.00 
17724.00 19944.00 
17798.00 19914.00 
17852.00 19872.00 
17931.00 19848.00 
17970.00 19815.00 
18056.00 19788.00 
18082.00 19739.00 
18149.00 19727.00 
18168.00 19667.00 
18232.00 19636.00 
18264.00 19590.00 
18321.00 19558.00 
18375.00 19534.00 
18407.00 19485.00 
18484.00 19461.00 
18509.00 19415.00 
18555.00 19371.00 
18598.00 19340.00 
18645.00 19296.00 
18683.00 19272.00 
18744.00 19240.00 
18752.00 19169.00 
18810.00 19146.00 
18867.00 19138.00 
18883.00 19065.00 
18928.00 19021.00 
18951.00 18960.00 
19007.00 18939.00 
19039.00 18887.00 
19076.00 18841.00 
19103.00 18793.00 
19152.00 18759.00 
19197.00 18708.00 
19214.00 18649.00 
19231.00 18552.00 
19278.00 18526.00 
19321.00 18504.00 
19323.00 18361.00 
19399.00 18359.00 
19450.00 18208.00 
19487.00 18165.00 
19500.00 18038.00 
19547.00 18008.00 
19570.00 17865.00 
19624.00 17843.00 
19650.00 17749.00 
19685.00 17660.00 
19717.00 17617.00 
19758.00 17463.00 
19762.00 17389.00 
16913.00 20214.00 
16947.00 20189.00 
17042.00 20150.00 
17148.00 20114.00 
17287.00 20098.00 
17354.00 20045.00 
17463.00 20013.00 
17580.00 19989.00 
17634.00 19954.00 
17736.00 19916.00 
17816.00 19875.00 
17889.00 19842.00 
17943.00 19803.00 
18008.00 19774.00 
18076.00 19728.00 
18156.00 19701.00 
18188.00 19641.00 
18251.00 19618.00 
18307.00 19567.00 
18370.00 19536.00 
18403.00 19474.00 
18477.00 19446.00 
18488.00 19377.00 
18564.00 19355.00 
18634.00 19333.00 
18662.00 19262.00 
18720.00 19232.00 
18765.00 19191.00 
18782.00 19112.00 
18842.00 19088.00 
18890.00 19039.00 
18930.00 18985.00 
18965.00 18918.00 
19014.00 18869.00 
19039.00 18800.00 
19106.00 18787.00 
19150.00 18732.00 
19176.00 18658.00 
19217.00 18601.00 
19320.00 18527.00 
19336.00 18422.00 
19386.00 18373.00 
19430.00 18307.00 
19464.00 18248.00 
19527.00 18195.00 
19548.00 18140.00 
19562.00 17981.00 
19599.00 17896.00 
19625.00 17811.00 
19677.00 17740.00 
19703.00 17636.00 
19735.00 17508.00 
19782.00 17467.00 
19825.00 17344.00 
19856.00 17203.00 
19866.00 17168.00 
19872.00 17160.00 
17069.00 20163.00 
17180.00 20137.00 
17251.00 20095.00 
17343.00 20055.00 
17423.00 20019.00 
17539.00 19981.00 
17587.00 19939.00 
17716.00 19921.00 
17760.00 19863.00 
17847.00 19840.00 
17916.00 19797.00 
17991.00 19761.00 
18075.00 19725.00 
18157.00 19687.00 
18183.00 19646.00 
18255.00 19616.00 
18322.00 19579.00 
18388.00 19549.00 
18450.00 19511.00 
18492.00 19458.00 
18522.00 19393.00 
18577.00 19358.00 
18616.00 19301.00 
18654.00 19243.00 
18745.00 19234.00 
18801.00 19203.00 
18844.00 19159.00 
18889.00 19103.00 
18916.00 19036.00 
18975.00 19020.00 
19002.00 18933.00 
19058.00 18904.00 
19106.00 18854.00 
19155.00 18823.00 
19177.00 18722.00 
19235.00 18692.00 
19286.00 18645.00 
19304.00 18555.00 
19366.00 18552.00 
19377.00 18432.00 
19439.00 18401.00 
19483.00 18333.00 
19508.00 18255.00 
19534.00 18180.00 
19585.00 18116.00 
19624.00 18046.00 
19668.00 17993.00 
19700.00 17908.00 
19744.00 17813.00 
19777.00 17683.00 
19803.00 17570.00 
19843.00 17460.00 
19865.00 17351.00 
19891.00 17282.00 
19906.00 17181.00 
16528.00 20287.00 
16616.00 20281.00 
16759.00 20250.00 
16845.00 20219.00 
17011.00 20183.00 
17093.00 20161.00 
17190.00 20121.00 
17318.00 20098.00 
17409.00 20057.00 
17491.00 20029.00 
17558.00 19983.00 
17647.00 19949.00 
17711.00 19900.00 
17775.00 19858.00 
17853.00 19823.00 
17968.00 19798.00 
18008.00 19764.00 
18069.00 19725.00 
18144.00 19680.00 
18207.00 19656.00 
18250.00 19612.00 
18340.00 19589.00 
18393.00 19532.00 
18480.00 19426.00 
18520.00 19373.00 
18602.00 19362.00 
18633.00 19294.00 
18720.00 19281.00 
18758.00 19226.00 
18802.00 19165.00 
18842.00 19121.00 
18873.00 19041.00 
18948.00 19025.00 
18980.00 18950.00 
19024.00 18913.00 
19058.00 18835.00 
19108.00 18789.00 
19157.00 18734.00 
19207.00 18700.00 
19243.00 18607.00 
19265.00 18507.00 
19300.00 18425.00 
19341.00 18358.00 
19379.00 18263.00 
19410.00 18164.00 
19461.00 18103.00 
19507.00 18021.00 
19532.00 17940.00 
19605.00 17908.00 
19620.00 17738.00 
19659.00 17667.00 
19694.00 17526.00 
19772.00 17419.00 
19790.00 17359.00 
16880.00 20220.00 
17062.00 20202.00 
17078.00 20174.00 
17175.00 20144.00 
17272.00 20110.00 
17323.00 20065.00 
17387.00 20022.00 
17499.00 20008.00 
17599.00 19988.00 
17635.00 19935.00 
17719.00 19915.00 
17810.00 19876.00 
17863.00 19849.00 
17902.00 19802.00 
17985.00 19780.00 
18033.00 19736.00 
18058.00 19679.00 
18130.00 19665.00 
18201.00 19628.00 
18256.00 19592.00 
18308.00 19569.00 
18356.00 19527.00 
18410.00 19497.00 
18454.00 19446.00 
18522.00 19418.00 
18551.00 19379.00 
18576.00 19320.00 
18657.00 19306.00 
18678.00 19252.00 
18714.00 19205.00 
18762.00 19164.00 
18862.00 19122.00 
18903.00 19080.00 
18930.00 18991.00 
18949.00 18928.00 
18976.00 18863.00 
19025.00 18824.00 
19081.00 18798.00 
19115.00 18753.00 
19155.00 18724.00 
19174.00 18610.00 
19208.00 18572.00 
19231.00 18470.00 
19292.00 18461.00 
19318.00 18366.00 
19362.00 18330.00 
19399.00 18272.00 
19446.00 18216.00 
19466.00 18143.00 
19523.00 18089.00 
19549.00 17977.00 
19581.00 17929.00 
19619.00 17816.00 
19656.00 17758.00 
19682.00 17617.00 
19723.00 17546.00 
19735.00 17482.00 
19739.00 17442.00 
16783.00 20247.00 
16886.00 20240.00 
16945.00 20199.00 
17076.00 20166.00 
17155.00 20129.00 
17274.00 20103.00 
17378.00 20071.00 
17417.00 20006.00 
17512.00 19976.00 
17616.00 19954.00 
17699.00 19910.00 
17798.00 19893.00 
17803.00 19813.00 
17872.00 19774.00 
17960.00 19747.00 
18038.00 19700.00 
18101.00 19666.00 
18161.00 19628.00 
18258.00 19597.00 
18301.00 19488.00 
18406.00 19478.00 
18436.00 19412.00 
18505.00 19391.00 
18566.00 19367.00 
18613.00 19300.00 
18629.00 19232.00 
18712.00 19209.00 
18756.00 19173.00 
18787.00 19114.00 
18848.00 19088.00 
18868.00 19006.00 
18931.00 18980.00 
18975.00 18921.00 
19019.00 18875.00 
19059.00 18827.00 
19109.00 18770.00 
19147.00 18718.00 
19167.00 18633.00 
19220.00 18596.00 
19286.00 18576.00 
19318.00 18369.00 
19387.00 18351.00 
19434.00 18318.00 
19452.00 18195.00 
19495.00 18156.00 
19546.00 18070.00 
19590.00 18030.00 
19601.00 17890.00 
19634.00 17808.00 
19678.00 17740.00 
19718.00 17621.00 
19750.00 17513.00 
19786.00 17424.00 
19810.00 17271.00 
19843.00 17176.00 
16535.00 20226.00 
16641.00 20211.00 
16779.00 20168.00 
16933.00 20150.00 
17096.00 20106.00 
17166.00 20073.00 
17282.00 20031.00 
17382.00 19991.00 
17506.00 19956.00 
17595.00 19919.00 
17683.00 19897.00 
17749.00 19841.00 
17797.00 19773.00 
17900.00 19741.00 
17976.00 19693.00 
18045.00 19652.00 
18153.00 19622.00 
18228.00 19598.00 
18296.00 19553.00 
18364.00 19494.00 
18417.00 19448.00 
18485.00 19405.00 
18570.00 19371.00 
18604.00 19292.00 
18635.00 19230.00 
18776.00 19146.00 
18800.00 19075.00 
18877.00 19043.00 
18961.00 19002.00 
18964.00 18908.00 
19032.00 18880.00 
19072.00 18795.00 
19146.00 18777.00 
19185.00 18700.00 
19225.00 18634.00 
19287.00 18594.00 
19304.00 18469.00 
19362.00 18425.00 
19393.00 18329.00 
19447.00 18266.00 
19505.00 18229.00 
19527.00 18078.00 
19565.00 17993.00 
19629.00 17938.00 
19660.00 17817.00 
19698.00 17726.00 
19768.00 17692.00 
19787.00 17512.00 
19832.00 17387.00 
19834.00 17295.00 
19840.00 17283.00 
19849.00 17249.00 
19867.00 17093.00 
19869.00 17040.00 
16801.00 20226.00 
16856.00 20214.00 
16968.00 20192.00 
17069.00 20150.00 
17206.00 20121.00 
17242.00 20065.00 
17337.00 20029.00 
17450.00 19996.00 
17524.00 19956.00 
17607.00 19912.00 
17716.00 19880.00 
17772.00 19837.00 
17824.00 19782.00 
17926.00 19754.00 
18015.00 19726.00 
18093.00 19688.00 
18138.00 19631.00 
18189.00 19570.00 
18221.00 19519.00 
18261.00 19450.00 
18336.00 19417.00 
18383.00 19358.00 
18449.00 19323.00 
18540.00 19310.00 
18563.00 19236.00 
18629.00 19192.00 
18684.00 19145.00 
18720.00 19074.00 
18796.00 19054.00 
18825.00 18973.00 
18916.00 18961.00 
18954.00 18903.00 
19004.00 18868.00 
19041.00 18771.00 
19107.00 18765.00 
19128.00 18658.00 
19185.00 18606.00 
19253.00 18593.00 
19300.00 18530.00 
19354.00 18492.00 
19389.00 18386.00 
19452.00 18359.00 
19482.00 18313.00 
19540.00 18192.00 
19569.00 17945.00 
19609.00 17869.00 
19655.00 17774.00 
19723.00 17727.00 
19756.00 17628.00 
19783.00 17496.00 
19836.00 17425.00 
19877.00 17304.00 
19887.00 17292.00 
19892.00 17255.00 
19897.00 17226.00 
19906.00 17128.00 
