26785.00 28507.00 
26865.00 28498.00 
26881.00 28495.00 
26891.00 28445.00 
26916.00 28419.00 
27063.00 28413.00 
27112.00 28354.00 
27116.00 28353.00 
27203.00 28345.00 
27231.00 28279.00 
27249.00 28274.00 
27262.00 28267.00 
27306.00 28257.00 
27318.00 28242.00 
27360.00 28238.00 
27367.00 28194.00 
27382.00 28174.00 
27401.00 28172.00 
27428.00 28155.00 
27449.00 28153.00 
27451.00 28145.00 
27483.00 28132.00 
27493.00 28113.00 
27549.00 28073.00 
27557.00 28032.00 
27582.00 28031.00 
27593.00 28005.00 
27614.00 27981.00 
27640.00 27976.00 
27662.00 27961.00 
27710.00 27939.00 
27734.00 27889.00 
27747.00 27880.00 
27766.00 27846.00 
27774.00 27829.00 
27793.00 27791.00 
27805.00 27758.00 
27819.00 27749.00 
27868.00 27748.00 
27874.00 27690.00 
27903.00 27684.00 
27909.00 27670.00 
27922.00 27661.00 
27954.00 27639.00 
27991.00 27550.00 
28018.00 27545.00 
28020.00 27505.00 
28054.00 27498.00 
28057.00 27486.00 
28062.00 27452.00 
28074.00 27435.00 
28083.00 27429.00 
28087.00 27423.00 
28106.00 27419.00 
28108.00 27405.00 
28128.00 27399.00 
28130.00 27382.00 
28141.00 27348.00 
28172.00 27340.00 
28175.00 27318.00 
28179.00 27290.00 
28229.00 27275.00 
28260.00 27211.00 
28270.00 27161.00 
28297.00 27092.00 
28299.00 27077.00 
28313.00 27073.00 
28322.00 27050.00 
28335.00 26982.00 
26936.00 28502.00 
26962.00 28475.00 
26968.00 28453.00 
27024.00 28437.00 
27025.00 28432.00 
27074.00 28408.00 
27122.00 28404.00 
27147.00 28388.00 
27156.00 28356.00 
27172.00 28353.00 
27259.00 28333.00 
27282.00 28301.00 
27285.00 28287.00 
27299.00 28272.00 
27318.00 28255.00 
27319.00 28243.00 
27358.00 28224.00 
27403.00 28207.00 
27409.00 28193.00 
27441.00 28186.00 
27443.00 28132.00 
27450.00 28123.00 
27510.00 28113.00 
27512.00 28092.00 
27516.00 28074.00 
27543.00 28068.00 
27545.00 28039.00 
27555.00 28034.00 
27565.00 28022.00 
27567.00 28016.00 
27613.00 28005.00 
27617.00 27994.00 
27623.00 27976.00 
27634.00 27974.00 
27653.00 27941.00 
27697.00 27935.00 
27701.00 27925.00 
27712.00 27912.00 
27739.00 27897.00 
27747.00 27876.00 
27769.00 27854.00 
27785.00 27844.00 
27816.00 27802.00 
27844.00 27787.00 
27862.00 27752.00 
27863.00 27739.00 
27882.00 27728.00 
27885.00 27724.00 
27900.00 27707.00 
27914.00 27697.00 
27924.00 27690.00 
27945.00 27663.00 
27973.00 27629.00 
27983.00 27597.00 
28007.00 27582.00 
28031.00 27543.00 
28041.00 27531.00 
28062.00 27526.00 
28069.00 27496.00 
28076.00 27486.00 
28090.00 27473.00 
28094.00 27447.00 
28121.00 27423.00 
28134.00 27414.00 
28141.00 27410.00 
28171.00 27406.00 
28182.00 27342.00 
28186.00 27341.00 
28192.00 27336.00 
28207.00 27328.00 
28216.00 27295.00 
28222.00 27228.00 
28260.00 27224.00 
28264.00 27191.00 
28278.00 27188.00 
28301.00 27070.00 
27061.00 28507.00 
27108.00 28466.00 
27196.00 28430.00 
27237.00 28421.00 
27266.00 28379.00 
27296.00 28348.00 
27302.00 28318.00 
27305.00 28312.00 
27327.00 28305.00 
27379.00 28298.00 
27403.00 28244.00 
27458.00 28235.00 
27464.00 28164.00 
27489.00 28159.00 
27492.00 28140.00 
27506.00 28135.00 
27510.00 28132.00 
27550.00 28127.00 
27574.00 28101.00 
27580.00 28092.00 
27606.00 28054.00 
27617.00 28048.00 
27622.00 28038.00 
27630.00 28016.00 
27644.00 28014.00 
27659.00 27994.00 
27678.00 27990.00 
27696.00 27968.00 
27721.00 27965.00 
27731.00 27923.00 
27737.00 27908.00 
27770.00 27900.00 
27774.00 27891.00 
27777.00 27884.00 
27786.00 27867.00 
27809.00 27860.00 
27828.00 27823.00 
27874.00 27815.00 
27877.00 27787.00 
27879.00 27763.00 
27914.00 27752.00 
27923.00 27747.00 
27942.00 27711.00 
27943.00 27688.00 
27970.00 27664.00 
27980.00 27659.00 
27997.00 27631.00 
28001.00 27630.00 
28017.00 27622.00 
28030.00 27593.00 
28041.00 27576.00 
28062.00 27562.00 
28077.00 27534.00 
28086.00 27525.00 
28115.00 27499.00 
28127.00 27480.00 
28136.00 27451.00 
28144.00 27434.00 
28151.00 27404.00 
28157.00 27389.00 
28183.00 27386.00 
28184.00 27347.00 
28222.00 27312.00 
28224.00 27275.00 
28247.00 27264.00 
28257.00 27261.00 
28269.00 27224.00 
28280.00 27218.00 
28286.00 27156.00 
28305.00 27147.00 
28310.00 27140.00 
28322.00 27138.00 
28323.00 27083.00 
27171.00 28260.00 
27203.00 28242.00 
27282.00 28238.00 
27373.00 28220.00 
27431.00 28205.00 
27441.00 28182.00 
27446.00 28172.00 
27456.00 28162.00 
27487.00 28158.00 
27499.00 28151.00 
27519.00 28114.00 
27543.00 28084.00 
27554.00 28083.00 
27556.00 28082.00 
27575.00 28075.00 
27588.00 28074.00 
27589.00 28060.00 
27604.00 28052.00 
27616.00 28024.00 
27621.00 28014.00 
27626.00 28007.00 
27656.00 28000.00 
27698.00 27989.00 
27705.00 27978.00 
27756.00 27944.00 
27758.00 27924.00 
27763.00 27901.00 
27766.00 27899.00 
27768.00 27878.00 
27794.00 27849.00 
27866.00 27843.00 
27871.00 27807.00 
27882.00 27792.00 
27898.00 27781.00 
27926.00 27762.00 
27937.00 27743.00 
27942.00 27734.00 
27943.00 27716.00 
27950.00 27698.00 
27969.00 27677.00 
27982.00 27666.00 
28022.00 27648.00 
28039.00 27637.00 
28042.00 27634.00 
28066.00 27605.00 
28074.00 27597.00 
28090.00 27577.00 
28104.00 27575.00 
28133.00 27537.00 
28157.00 27493.00 
28173.00 27476.00 
28174.00 27468.00 
28223.00 27444.00 
28244.00 27386.00 
28269.00 27370.00 
28286.00 27366.00 
28315.00 27322.00 
28319.00 27248.00 
28340.00 27235.00 
28351.00 27214.00 
28367.00 27196.00 
28391.00 27170.00 
28398.00 27145.00 
28418.00 27126.00 
28421.00 27106.00 
28425.00 27078.00 
28441.00 27077.00 
28460.00 27050.00 
28509.00 26999.00 
28531.00 26989.00 
28540.00 26890.00 
28552.00 26888.00 
28570.00 26820.00 
28580.00 26766.00 
26785.00 28552.00 
26939.00 28527.00 
26964.00 28510.00 
26973.00 28496.00 
26979.00 28492.00 
27031.00 28468.00 
27034.00 28463.00 
27041.00 28462.00 
27085.00 28456.00 
27102.00 28435.00 
27127.00 28411.00 
27139.00 28410.00 
27144.00 28402.00 
27194.00 28391.00 
27228.00 28373.00 
27258.00 28340.00 
27268.00 28334.00 
27271.00 28305.00 
27304.00 28302.00 
27323.00 28292.00 
27335.00 28273.00 
27374.00 28260.00 
27405.00 28230.00 
27410.00 28220.00 
27414.00 28209.00 
27421.00 28205.00 
27444.00 28198.00 
27453.00 28191.00 
27456.00 28179.00 
27491.00 28174.00 
27496.00 28162.00 
27500.00 28144.00 
27531.00 28111.00 
27538.00 28101.00 
27571.00 28083.00 
27604.00 28068.00 
27609.00 28052.00 
27611.00 28018.00 
27632.00 28016.00 
27652.00 28004.00 
27668.00 27974.00 
27672.00 27954.00 
27676.00 27953.00 
27683.00 27950.00 
27688.00 27941.00 
27711.00 27928.00 
27728.00 27907.00 
27739.00 27865.00 
27769.00 27859.00 
27818.00 27838.00 
27829.00 27809.00 
27831.00 27762.00 
27838.00 27757.00 
27845.00 27735.00 
27848.00 27727.00 
27878.00 27713.00 
27896.00 27709.00 
27925.00 27659.00 
27934.00 27636.00 
27939.00 27607.00 
27965.00 27587.00 
27967.00 27567.00 
27986.00 27550.00 
27994.00 27536.00 
28007.00 27500.00 
28043.00 27454.00 
28044.00 27437.00 
28065.00 27436.00 
28070.00 27428.00 
28081.00 27372.00 
28085.00 27350.00 
28104.00 27344.00 
28121.00 27335.00 
28147.00 27272.00 
28172.00 27248.00 
28188.00 27203.00 
26833.00 28607.00 
26845.00 28604.00 
26873.00 28578.00 
26895.00 28546.00 
26909.00 28540.00 
26916.00 28538.00 
27045.00 28530.00 
27094.00 28494.00 
27100.00 28481.00 
27119.00 28478.00 
27140.00 28462.00 
27166.00 28457.00 
27191.00 28437.00 
27202.00 28415.00 
27205.00 28403.00 
27209.00 28397.00 
27226.00 28392.00 
27268.00 28389.00 
27288.00 28375.00 
27294.00 28350.00 
27334.00 28348.00 
27387.00 28298.00 
27399.00 28258.00 
27401.00 28257.00 
27404.00 28255.00 
27465.00 28246.00 
27486.00 28194.00 
27517.00 28177.00 
27533.00 28148.00 
27553.00 28109.00 
27558.00 28104.00 
27576.00 28081.00 
27620.00 28074.00 
27626.00 28050.00 
27654.00 28034.00 
27663.00 28016.00 
27674.00 28000.00 
27696.00 27988.00 
27710.00 27986.00 
27733.00 27947.00 
27745.00 27922.00 
27752.00 27920.00 
27753.00 27901.00 
27758.00 27892.00 
27772.00 27886.00 
27787.00 27880.00 
27800.00 27872.00 
27802.00 27861.00 
27851.00 27858.00 
27858.00 27821.00 
27885.00 27782.00 
27890.00 27763.00 
27891.00 27761.00 
27906.00 27754.00 
27921.00 27744.00 
27929.00 27714.00 
27946.00 27697.00 
27968.00 27666.00 
28023.00 27652.00 
28043.00 27634.00 
28047.00 27574.00 
28060.00 27569.00 
28075.00 27545.00 
28082.00 27544.00 
28086.00 27540.00 
28112.00 27473.00 
28118.00 27458.00 
28124.00 27453.00 
28131.00 27431.00 
28137.00 27424.00 
28178.00 27406.00 
28183.00 27380.00 
28189.00 27335.00 
27142.00 28399.00 
27170.00 28358.00 
27183.00 28356.00 
27196.00 28350.00 
27215.00 28340.00 
27289.00 28320.00 
27295.00 28303.00 
27304.00 28269.00 
27378.00 28268.00 
27383.00 28244.00 
27393.00 28237.00 
27418.00 28228.00 
27431.00 28206.00 
27474.00 28200.00 
27505.00 28163.00 
27522.00 28150.00 
27536.00 28124.00 
27578.00 28109.00 
27612.00 28089.00 
27660.00 28055.00 
27664.00 28024.00 
27686.00 28013.00 
27703.00 27985.00 
27707.00 27982.00 
27725.00 27978.00 
27740.00 27953.00 
27771.00 27943.00 
27788.00 27920.00 
27789.00 27885.00 
27804.00 27874.00 
27813.00 27868.00 
27845.00 27861.00 
27852.00 27849.00 
27859.00 27847.00 
27880.00 27837.00 
27892.00 27834.00 
27905.00 27780.00 
27912.00 27778.00 
27917.00 27771.00 
27936.00 27762.00 
27958.00 27739.00 
27970.00 27721.00 
28004.00 27712.00 
28035.00 27671.00 
28053.00 27634.00 
28066.00 27633.00 
28070.00 27605.00 
28071.00 27577.00 
28074.00 27574.00 
28092.00 27573.00 
28098.00 27556.00 
28117.00 27539.00 
28124.00 27529.00 
28161.00 27514.00 
28171.00 27465.00 
28174.00 27450.00 
28186.00 27448.00 
28197.00 27441.00 
28217.00 27422.00 
28220.00 27413.00 
28229.00 27396.00 
28238.00 27395.00 
28256.00 27375.00 
28257.00 27364.00 
28260.00 27344.00 
28269.00 27337.00 
28324.00 27319.00 
28325.00 27271.00 
28348.00 27237.00 
28384.00 27227.00 
28408.00 27199.00 
28415.00 27122.00 
28450.00 27117.00 
28503.00 27030.00 
26749.00 28700.00 
26770.00 28657.00 
26788.00 28647.00 
26811.00 28643.00 
26832.00 28625.00 
26849.00 28613.00 
26914.00 28609.00 
26939.00 28588.00 
26946.00 28573.00 
26949.00 28563.00 
26955.00 28558.00 
26971.00 28531.00 
26991.00 28522.00 
27078.00 28519.00 
27118.00 28481.00 
27119.00 28473.00 
27134.00 28434.00 
27180.00 28418.00 
27188.00 28406.00 
27201.00 28391.00 
27207.00 28373.00 
27226.00 28361.00 
27241.00 28342.00 
27242.00 28337.00 
27260.00 28316.00 
27274.00 28304.00 
27302.00 28284.00 
27332.00 28278.00 
27338.00 28264.00 
27340.00 28250.00 
27397.00 28232.00 
27420.00 28215.00 
27443.00 28210.00 
27450.00 28190.00 
27462.00 28180.00 
27475.00 28138.00 
27480.00 28128.00 
27505.00 28118.00 
27524.00 28110.00 
27535.00 28089.00 
27564.00 28078.00 
27572.00 28053.00 
27585.00 28031.00 
27590.00 28024.00 
27597.00 28010.00 
27613.00 28001.00 
27660.00 27988.00 
27688.00 27969.00 
27692.00 27945.00 
27716.00 27935.00 
27719.00 27907.00 
27735.00 27891.00 
27754.00 27879.00 
27768.00 27853.00 
27783.00 27849.00 
27796.00 27824.00 
27804.00 27817.00 
27808.00 27812.00 
27824.00 27787.00 
27832.00 27771.00 
27861.00 27769.00 
27867.00 27752.00 
27877.00 27744.00 
27911.00 27721.00 
27926.00 27689.00 
27962.00 27638.00 
27986.00 27603.00 
28014.00 27591.00 
28026.00 27558.00 
28044.00 27557.00 
28065.00 27512.00 
28069.00 27479.00 
28092.00 27472.00 
28114.00 27460.00 
28137.00 27423.00 
28151.00 27407.00 
28156.00 27378.00 
28178.00 27373.00 
28189.00 27320.00 
28198.00 27291.00 
28212.00 27251.00 
28226.00 27247.00 
28265.00 27108.00 
27334.00 28271.00 
27367.00 28270.00 
27374.00 28249.00 
27449.00 28241.00 
27459.00 28205.00 
27483.00 28202.00 
27500.00 28194.00 
27555.00 28186.00 
27560.00 28157.00 
27593.00 28152.00 
27603.00 28138.00 
27605.00 28120.00 
27622.00 28113.00 
27636.00 28091.00 
27644.00 28080.00 
27663.00 28070.00 
27676.00 28060.00 
27682.00 28049.00 
27683.00 28046.00 
27684.00 28041.00 
27687.00 28027.00 
27709.00 28023.00 
27744.00 28020.00 
27768.00 28002.00 
27772.00 27957.00 
27805.00 27952.00 
27827.00 27924.00 
27839.00 27899.00 
27841.00 27884.00 
27854.00 27883.00 
27878.00 27882.00 
27884.00 27863.00 
27914.00 27847.00 
27933.00 27829.00 
27938.00 27790.00 
27940.00 27781.00 
27947.00 27764.00 
27958.00 27760.00 
27969.00 27759.00 
28008.00 27743.00 
28028.00 27704.00 
28055.00 27681.00 
28079.00 27660.00 
28088.00 27644.00 
28102.00 27615.00 
28142.00 27595.00 
28145.00 27580.00 
28173.00 27557.00 
28174.00 27530.00 
28178.00 27497.00 
28186.00 27494.00 
28200.00 27484.00 
28221.00 27477.00 
28224.00 27462.00 
28227.00 27447.00 
28230.00 27445.00 
28237.00 27439.00 
28248.00 27417.00 
28269.00 27411.00 
28273.00 27405.00 
28281.00 27396.00 
28313.00 27355.00 
28317.00 27349.00 
28341.00 27333.00 
28343.00 27300.00 
28357.00 27273.00 
28380.00 27253.00 
28383.00 27206.00 
28436.00 27197.00 
28489.00 27114.00 
28540.00 26996.00 
28551.00 26936.00 
28574.00 26865.00 
27299.00 28218.00 
27345.00 28157.00 
27376.00 28121.00 
27387.00 28115.00 
27475.00 28114.00 
27487.00 28083.00 
27516.00 28048.00 
27528.00 28008.00 
27586.00 28001.00 
27596.00 27995.00 
27617.00 27986.00 
27649.00 27949.00 
27654.00 27946.00 
27692.00 27902.00 
27694.00 27895.00 
27716.00 27893.00 
27717.00 27883.00 
27718.00 27863.00 
27735.00 27852.00 
27766.00 27846.00 
27782.00 27817.00 
27786.00 27804.00 
27802.00 27800.00 
27829.00 27789.00 
27859.00 27785.00 
27889.00 27737.00 
27898.00 27720.00 
27904.00 27716.00 
27906.00 27706.00 
27924.00 27693.00 
27928.00 27668.00 
27942.00 27666.00 
27965.00 27662.00 
27968.00 27657.00 
27980.00 27621.00 
27992.00 27603.00 
28030.00 27579.00 
28040.00 27553.00 
28060.00 27548.00 
28073.00 27542.00 
28080.00 27508.00 
28081.00 27495.00 
28092.00 27485.00 
28099.00 27483.00 
28116.00 27471.00 
28128.00 27437.00 
28137.00 27436.00 
28161.00 27411.00 
28168.00 27398.00 
28177.00 27393.00 
28180.00 27392.00 
28191.00 27380.00 
28207.00 27361.00 
28254.00 27328.00 
28259.00 27286.00 
28299.00 27275.00 
28320.00 27257.00 
28321.00 27239.00 
28355.00 27202.00 
28359.00 27173.00 
28368.00 27168.00 
28396.00 27122.00 
28397.00 27105.00 
28436.00 27089.00 
28440.00 27034.00 
28449.00 27018.00 
28479.00 26998.00 
28483.00 26949.00 
28496.00 26921.00 
28523.00 26913.00 
28525.00 26865.00 
28566.00 26819.00 
28592.00 26808.00 
28599.00 26769.00 
28611.00 26726.00 
28624.00 26720.00 
28657.00 26719.00 
28660.00 26622.00 
28695.00 26583.00 
27171.00 28291.00 
27184.00 28278.00 
27237.00 28266.00 
27250.00 28253.00 
27282.00 28241.00 
27320.00 28237.00 
27370.00 28222.00 
27394.00 28164.00 
27469.00 28141.00 
27474.00 28122.00 
27488.00 28120.00 
27512.00 28112.00 
27522.00 28075.00 
27524.00 28065.00 
27530.00 28055.00 
27606.00 28049.00 
27608.00 28045.00 
27611.00 28016.00 
27632.00 28005.00 
27645.00 27991.00 
27671.00 27982.00 
27689.00 27962.00 
27691.00 27952.00 
27694.00 27939.00 
27703.00 27933.00 
27706.00 27918.00 
27741.00 27914.00 
27753.00 27884.00 
27755.00 27869.00 
27780.00 27867.00 
27811.00 27856.00 
27820.00 27835.00 
27840.00 27821.00 
27844.00 27816.00 
27850.00 27787.00 
27873.00 27782.00 
27888.00 27775.00 
27892.00 27772.00 
27901.00 27752.00 
27905.00 27750.00 
27907.00 27737.00 
27915.00 27736.00 
27937.00 27735.00 
27957.00 27733.00 
27997.00 27686.00 
28001.00 27661.00 
28014.00 27648.00 
28018.00 27626.00 
28024.00 27611.00 
28025.00 27609.00 
28042.00 27596.00 
28064.00 27587.00 
28072.00 27584.00 
28097.00 27554.00 
28105.00 27539.00 
28122.00 27496.00 
28123.00 27495.00 
28162.00 27494.00 
28164.00 27457.00 
28169.00 27455.00 
28177.00 27429.00 
28191.00 27407.00 
28195.00 27393.00 
28197.00 27392.00 
28211.00 27389.00 
28222.00 27386.00 
28237.00 27371.00 
28247.00 27340.00 
28252.00 27337.00 
28255.00 27333.00 
28269.00 27308.00 
28279.00 27297.00 
28285.00 27295.00 
28300.00 27288.00 
28314.00 27262.00 
28319.00 27259.00 
28345.00 27203.00 
28367.00 27176.00 
28386.00 27168.00 
28401.00 27151.00 
28412.00 27142.00 
28420.00 27129.00 
28441.00 27096.00 
28473.00 27081.00 
28504.00 26996.00 
27314.00 28264.00 
27356.00 28260.00 
27378.00 28246.00 
27392.00 28218.00 
27437.00 28206.00 
27500.00 28185.00 
27505.00 28174.00 
27533.00 28157.00 
27544.00 28114.00 
27577.00 28110.00 
27591.00 28089.00 
27609.00 28080.00 
27610.00 28066.00 
27621.00 28059.00 
27623.00 28058.00 
27647.00 28043.00 
27660.00 28031.00 
27668.00 28025.00 
27675.00 28021.00 
27686.00 28009.00 
27689.00 27981.00 
27710.00 27980.00 
27732.00 27963.00 
27769.00 27950.00 
27778.00 27931.00 
27790.00 27904.00 
27801.00 27895.00 
27806.00 27885.00 
27824.00 27874.00 
27840.00 27871.00 
27846.00 27856.00 
27876.00 27824.00 
27888.00 27815.00 
27893.00 27803.00 
27899.00 27783.00 
27916.00 27781.00 
27923.00 27758.00 
27950.00 27753.00 
27981.00 27725.00 
27986.00 27706.00 
27993.00 27693.00 
28028.00 27684.00 
28049.00 27647.00 
28084.00 27624.00 
28100.00 27583.00 
28108.00 27565.00 
28135.00 27542.00 
28136.00 27528.00 
28147.00 27515.00 
28167.00 27504.00 
28170.00 27482.00 
28172.00 27472.00 
28186.00 27463.00 
28191.00 27457.00 
28207.00 27421.00 
28240.00 27395.00 
28247.00 27370.00 
28264.00 27355.00 
28293.00 27329.00 
28294.00 27294.00 
28305.00 27264.00 
28332.00 27253.00 
28365.00 27236.00 
28379.00 27132.00 
28423.00 27126.00 
28441.00 26996.00 
28450.00 26952.00 
26814.00 28512.00 
26945.00 28466.00 
27011.00 28464.00 
27036.00 28395.00 
27041.00 28393.00 
27086.00 28392.00 
27126.00 28360.00 
27143.00 28344.00 
27178.00 28340.00 
27230.00 28323.00 
27254.00 28297.00 
27255.00 28284.00 
27281.00 28259.00 
27331.00 28247.00 
27334.00 28203.00 
27379.00 28199.00 
27403.00 28187.00 
27421.00 28169.00 
27431.00 28147.00 
27447.00 28135.00 
27453.00 28128.00 
27480.00 28106.00 
27503.00 28104.00 
27507.00 28076.00 
27531.00 28063.00 
27579.00 28048.00 
27590.00 28032.00 
27610.00 28012.00 
27645.00 27989.00 
27665.00 27966.00 
27671.00 27912.00 
27685.00 27894.00 
27705.00 27893.00 
27719.00 27890.00 
27736.00 27880.00 
27744.00 27860.00 
27780.00 27854.00 
27786.00 27824.00 
27810.00 27821.00 
27831.00 27808.00 
27849.00 27780.00 
27856.00 27740.00 
27865.00 27725.00 
27870.00 27722.00 
27905.00 27712.00 
27908.00 27694.00 
27921.00 27654.00 
27966.00 27645.00 
27983.00 27617.00 
27994.00 27598.00 
28011.00 27594.00 
28015.00 27574.00 
28054.00 27558.00 
28056.00 27489.00 
28067.00 27481.00 
28136.00 27467.00 
28153.00 27439.00 
28171.00 27352.00 
28195.00 27347.00 
28200.00 27325.00 
28254.00 27303.00 
28267.00 27264.00 
28287.00 27221.00 
28293.00 27137.00 
28319.00 27130.00 
28320.00 27087.00 
28340.00 27065.00 
28372.00 27026.00 
28378.00 27018.00 
28389.00 26975.00 
28427.00 26974.00 
27070.00 28501.00 
27112.00 28466.00 
27118.00 28433.00 
27159.00 28430.00 
27177.00 28413.00 
27259.00 28392.00 
27263.00 28348.00 
27280.00 28330.00 
27293.00 28326.00 
27294.00 28321.00 
27353.00 28308.00 
27392.00 28283.00 
27431.00 28242.00 
27471.00 28200.00 
27506.00 28195.00 
27528.00 28154.00 
27541.00 28133.00 
27559.00 28115.00 
27626.00 28099.00 
27652.00 28050.00 
27674.00 28033.00 
27684.00 27984.00 
27739.00 27977.00 
27753.00 27927.00 
27784.00 27894.00 
27788.00 27889.00 
27825.00 27861.00 
27849.00 27822.00 
27894.00 27798.00 
27907.00 27768.00 
27909.00 27765.00 
27916.00 27745.00 
27957.00 27737.00 
27980.00 27694.00 
27988.00 27661.00 
28002.00 27656.00 
28017.00 27635.00 
28022.00 27619.00 
28026.00 27609.00 
28040.00 27597.00 
28092.00 27594.00 
28103.00 27562.00 
28105.00 27558.00 
28125.00 27547.00 
28126.00 27511.00 
28144.00 27508.00 
28148.00 27500.00 
28160.00 27490.00 
28207.00 27485.00 
28209.00 27430.00 
28243.00 27405.00 
28257.00 27393.00 
28272.00 27382.00 
28307.00 27353.00 
28319.00 27308.00 
28328.00 27296.00 
28348.00 27285.00 
28361.00 27248.00 
28373.00 27198.00 
28384.00 27177.00 
28399.00 27151.00 
28406.00 27150.00 
28416.00 27128.00 
28420.00 27115.00 
28440.00 27114.00 
28462.00 27110.00 
28478.00 27063.00 
28492.00 27058.00 
28501.00 27049.00 
28530.00 26953.00 
28540.00 26935.00 
28544.00 26926.00 
28553.00 26925.00 
28572.00 26899.00 
28602.00 26870.00 
28603.00 26769.00 
28613.00 26748.00 
28628.00 26746.00 
28636.00 26724.00 
27093.00 28376.00 
27154.00 28352.00 
27256.00 28311.00 
27262.00 28294.00 
27274.00 28271.00 
27315.00 28258.00 
27356.00 28242.00 
27396.00 28220.00 
27408.00 28208.00 
27441.00 28184.00 
27449.00 28170.00 
27453.00 28156.00 
27479.00 28154.00 
27499.00 28132.00 
27528.00 28111.00 
27532.00 28084.00 
27553.00 28078.00 
27563.00 28074.00 
27581.00 28070.00 
27583.00 28050.00 
27603.00 28034.00 
27608.00 28016.00 
27620.00 28012.00 
27647.00 28004.00 
27662.00 27993.00 
27669.00 27973.00 
27686.00 27959.00 
27693.00 27958.00 
27712.00 27949.00 
27720.00 27935.00 
27751.00 27909.00 
27757.00 27904.00 
27762.00 27888.00 
27776.00 27881.00 
27796.00 27864.00 
27802.00 27855.00 
27828.00 27841.00 
27839.00 27807.00 
27857.00 27803.00 
27879.00 27787.00 
27901.00 27786.00 
27913.00 27761.00 
27946.00 27728.00 
27954.00 27688.00 
27982.00 27679.00 
27983.00 27657.00 
28009.00 27655.00 
28037.00 27633.00 
28042.00 27612.00 
28045.00 27608.00 
28049.00 27606.00 
28064.00 27582.00 
28070.00 27566.00 
28087.00 27559.00 
28111.00 27558.00 
28120.00 27513.00 
28128.00 27510.00 
28136.00 27489.00 
28156.00 27469.00 
28177.00 27460.00 
28178.00 27424.00 
28186.00 27418.00 
28207.00 27407.00 
28229.00 27384.00 
28236.00 27369.00 
28256.00 27346.00 
28271.00 27334.00 
28285.00 27288.00 
28296.00 27262.00 
28309.00 27257.00 
28347.00 27229.00 
28348.00 27182.00 
28357.00 27152.00 
28368.00 27143.00 
28377.00 27102.00 
28420.00 27086.00 
27542.00 28053.00 
27567.00 28022.00 
27655.00 27990.00 
27728.00 27956.00 
27766.00 27910.00 
27805.00 27906.00 
27825.00 27868.00 
27884.00 27858.00 
27897.00 27814.00 
27905.00 27794.00 
27926.00 27767.00 
27932.00 27757.00 
27938.00 27746.00 
27994.00 27744.00 
28003.00 27725.00 
28043.00 27687.00 
28071.00 27662.00 
28102.00 27637.00 
28121.00 27607.00 
28125.00 27583.00 
28155.00 27564.00 
28159.00 27540.00 
28215.00 27535.00 
28227.00 27485.00 
28242.00 27460.00 
28269.00 27452.00 
28279.00 27420.00 
28280.00 27386.00 
28306.00 27370.00 
28309.00 27344.00 
28334.00 27333.00 
28342.00 27331.00 
28345.00 27325.00 
28376.00 27296.00 
28400.00 27267.00 
28407.00 27237.00 
28410.00 27226.00 
28428.00 27219.00 
28445.00 27211.00 
28461.00 27207.00 
28469.00 27152.00 
28493.00 27119.00 
28516.00 27099.00 
28520.00 27093.00 
28532.00 27071.00 
28544.00 27045.00 
28551.00 27028.00 
28560.00 27023.00 
28564.00 26994.00 
28584.00 26988.00 
28594.00 26943.00 
28610.00 26882.00 
28612.00 26880.00 
28623.00 26868.00 
28630.00 26852.00 
28644.00 26851.00 
28645.00 26847.00 
28650.00 26829.00 
28664.00 26810.00 
28677.00 26796.00 
28684.00 26736.00 
28686.00 26686.00 
28691.00 26685.00 
28697.00 26662.00 
28713.00 26656.00 
28750.00 26595.00 
27016.00 28562.00 
27112.00 28536.00 
27125.00 28516.00 
27156.00 28491.00 
27174.00 28443.00 
27190.00 28439.00 
27244.00 28424.00 
27245.00 28404.00 
27247.00 28395.00 
27284.00 28392.00 
27298.00 28380.00 
27310.00 28359.00 
27321.00 28357.00 
27351.00 28351.00 
27360.00 28344.00 
27369.00 28318.00 
27371.00 28305.00 
27405.00 28294.00 
27415.00 28280.00 
27441.00 28255.00 
27460.00 28252.00 
27485.00 28227.00 
27489.00 28210.00 
27501.00 28196.00 
27502.00 28193.00 
27504.00 28185.00 
27551.00 28182.00 
27572.00 28171.00 
27595.00 28127.00 
27620.00 28099.00 
27621.00 28093.00 
27628.00 28089.00 
27631.00 28073.00 
27649.00 28056.00 
27700.00 28055.00 
27701.00 28014.00 
27711.00 27987.00 
27725.00 27979.00 
27727.00 27977.00 
27751.00 27976.00 
27764.00 27957.00 
27767.00 27950.00 
27784.00 27939.00 
27798.00 27927.00 
27809.00 27909.00 
27824.00 27904.00 
27841.00 27890.00 
27864.00 27837.00 
27869.00 27835.00 
27894.00 27822.00 
27896.00 27808.00 
27909.00 27784.00 
27925.00 27782.00 
27933.00 27781.00 
27947.00 27756.00 
27956.00 27733.00 
27968.00 27714.00 
27979.00 27710.00 
27988.00 27703.00 
28024.00 27687.00 
28040.00 27663.00 
28044.00 27647.00 
28061.00 27615.00 
28065.00 27597.00 
28086.00 27591.00 
28095.00 27574.00 
28110.00 27564.00 
28131.00 27534.00 
28184.00 27506.00 
28219.00 27451.00 
28230.00 27424.00 
28235.00 27423.00 
28264.00 27409.00 
28282.00 27340.00 
28287.00 27321.00 
28289.00 27317.00 
28311.00 27304.00 
28336.00 27254.00 
28346.00 27225.00 
28389.00 27214.00 
28439.00 27118.00 
28442.00 27061.00 
28452.00 27030.00 
27447.00 28177.00 
27485.00 28157.00 
27535.00 28153.00 
27561.00 28103.00 
27585.00 28082.00 
27612.00 28076.00 
27635.00 28071.00 
27643.00 28033.00 
27660.00 28016.00 
27665.00 28013.00 
27676.00 28007.00 
27705.00 27999.00 
27747.00 27998.00 
27750.00 27962.00 
27804.00 27942.00 
27822.00 27931.00 
27825.00 27889.00 
27829.00 27881.00 
27852.00 27877.00 
27859.00 27863.00 
27887.00 27850.00 
27906.00 27794.00 
27912.00 27793.00 
27936.00 27786.00 
27941.00 27784.00 
27951.00 27778.00 
27983.00 27765.00 
28002.00 27742.00 
28014.00 27709.00 
28033.00 27702.00 
28047.00 27681.00 
28050.00 27675.00 
28070.00 27644.00 
28073.00 27635.00 
28096.00 27631.00 
28113.00 27618.00 
28126.00 27587.00 
28134.00 27582.00 
28143.00 27578.00 
28151.00 27564.00 
28174.00 27548.00 
28201.00 27526.00 
28211.00 27505.00 
28223.00 27492.00 
28230.00 27482.00 
28256.00 27467.00 
28273.00 27454.00 
28279.00 27445.00 
28298.00 27435.00 
28306.00 27413.00 
28310.00 27397.00 
28314.00 27379.00 
28323.00 27359.00 
28344.00 27350.00 
28346.00 27338.00 
28376.00 27336.00 
28390.00 27323.00 
28391.00 27282.00 
28412.00 27273.00 
28458.00 27243.00 
28467.00 27208.00 
28476.00 27173.00 
28478.00 27171.00 
28503.00 27125.00 
28505.00 27111.00 
28515.00 27106.00 
28536.00 27103.00 
28553.00 27068.00 
28569.00 27044.00 
28585.00 26982.00 
28617.00 26973.00 
28627.00 26920.00 
28632.00 26916.00 
28637.00 26839.00 
28649.00 26793.00 
27173.00 28473.00 
27182.00 28456.00 
27237.00 28442.00 
27263.00 28419.00 
27309.00 28418.00 
27313.00 28394.00 
27350.00 28386.00 
27370.00 28348.00 
27371.00 28339.00 
27405.00 28336.00 
27435.00 28332.00 
27449.00 28287.00 
27451.00 28275.00 
27458.00 28274.00 
27490.00 28264.00 
27519.00 28247.00 
27520.00 28234.00 
27541.00 28223.00 
27549.00 28211.00 
27571.00 28201.00 
27579.00 28175.00 
27592.00 28174.00 
27609.00 28157.00 
27625.00 28144.00 
27635.00 28116.00 
27662.00 28110.00 
27667.00 28082.00 
27675.00 28074.00 
27705.00 28070.00 
27733.00 28064.00 
27736.00 28039.00 
27759.00 28037.00 
27779.00 27993.00 
27780.00 27975.00 
27803.00 27970.00 
27805.00 27933.00 
27822.00 27918.00 
27848.00 27908.00 
27851.00 27894.00 
27873.00 27890.00 
27879.00 27888.00 
27900.00 27876.00 
27923.00 27830.00 
27929.00 27802.00 
27937.00 27790.00 
27957.00 27779.00 
27996.00 27764.00 
28019.00 27736.00 
28027.00 27704.00 
28036.00 27683.00 
28062.00 27674.00 
28065.00 27628.00 
28084.00 27624.00 
28095.00 27622.00 
28110.00 27597.00 
28113.00 27574.00 
28123.00 27557.00 
28143.00 27548.00 
28150.00 27540.00 
28165.00 27505.00 
28167.00 27493.00 
28177.00 27482.00 
28178.00 27474.00 
28187.00 27468.00 
28194.00 27466.00 
28206.00 27443.00 
28208.00 27412.00 
28258.00 27410.00 
28266.00 27331.00 
28282.00 27276.00 
27345.00 28144.00 
27441.00 28132.00 
27506.00 28126.00 
27521.00 28111.00 
27564.00 28099.00 
27592.00 28087.00 
27621.00 28057.00 
27640.00 28029.00 
27654.00 28018.00 
27701.00 27995.00 
27729.00 27981.00 
27731.00 27949.00 
27733.00 27940.00 
27777.00 27917.00 
27781.00 27907.00 
27796.00 27899.00 
27797.00 27890.00 
27805.00 27869.00 
27827.00 27866.00 
27832.00 27864.00 
27878.00 27856.00 
27881.00 27830.00 
27883.00 27804.00 
27892.00 27796.00 
27917.00 27788.00 
27923.00 27777.00 
27937.00 27763.00 
27949.00 27749.00 
27973.00 27738.00 
27980.00 27717.00 
27994.00 27711.00 
28014.00 27687.00 
28016.00 27675.00 
28034.00 27670.00 
28052.00 27667.00 
28059.00 27631.00 
28062.00 27621.00 
28086.00 27596.00 
28089.00 27593.00 
28100.00 27582.00 
28103.00 27566.00 
28118.00 27559.00 
28134.00 27556.00 
28139.00 27532.00 
28162.00 27523.00 
28170.00 27520.00 
28187.00 27501.00 
28218.00 27477.00 
28268.00 27426.00 
28287.00 27391.00 
28295.00 27351.00 
28316.00 27337.00 
28327.00 27320.00 
28348.00 27308.00 
28383.00 27226.00 
28392.00 27217.00 
28409.00 27199.00 
28418.00 27196.00 
28421.00 27184.00 
28453.00 27158.00 
28464.00 27116.00 
28467.00 27104.00 
28471.00 27093.00 
28496.00 27054.00 
28507.00 27022.00 
28517.00 26976.00 
28543.00 26974.00 
28551.00 26949.00 
28577.00 26935.00 
28590.00 26919.00 
28594.00 26893.00 
28597.00 26873.00 
28603.00 26860.00 
28609.00 26811.00 
28622.00 26794.00 
28632.00 26793.00 
28655.00 26717.00 
28672.00 26702.00 
28679.00 26661.00 
28694.00 26623.00 
28703.00 26601.00 
28718.00 26567.00 
28733.00 26436.00 
