8363.00 8308.00 9023.00 7367.00 
8405.00 8650.00 8662.00 7264.00 
8419.00 8465.00 8796.00 7447.00 
8424.00 8422.00 8951.00 7429.00 
8450.00 8378.00 9009.00 7358.00 
8464.00 8712.00 8800.00 7250.00 
8498.00 8581.00 8864.00 7226.00 
8502.00 8639.00 8758.00 7347.00 
8514.00 8635.00 8787.00 7283.00 
8525.00 8509.00 8891.00 7231.00 
8550.00 8448.00 8861.00 7173.00 
7952.00 8317.00 9095.00 7774.00 
7963.00 8537.00 8943.00 7785.00 
7967.00 8542.00 8959.00 7776.00 
7973.00 8330.00 9092.00 7811.00 
8047.00 8512.00 9027.00 7684.00 
8108.00 8550.00 8953.00 7766.00 
8108.00 8698.00 8720.00 7728.00 
8305.00 8445.00 9039.00 7191.00 
8454.00 8585.00 8929.00 7324.00 
8468.00 8657.00 8697.00 7721.00 
8493.00 8518.00 9003.00 7356.00 
8495.00 8724.00 8749.00 7288.00 
8496.00 8328.00 8737.00 7785.00 
8510.00 8389.00 8994.00 7364.00 
8518.00 8686.00 8609.00 7610.00 
8559.00 8717.00 8762.00 7277.00 
8564.00 8500.00 8480.00 7249.00 
8588.00 8393.00 8637.00 7691.00 
8700.00 8665.00 8664.00 7247.00 
8733.00 8019.00 8456.00 7227.00 
8260.00 8503.00 8682.00 7601.00 
8363.00 8368.00 8743.00 7584.00 
8396.00 8561.00 8680.00 7486.00 
8398.00 8334.00 8733.00 7638.00 
8400.00 8338.00 8790.00 7588.00 
8400.00 8440.00 8777.00 7469.00 
8400.00 8509.00 8593.00 7578.00 
8404.00 8377.00 8697.00 7662.00 
8406.00 8438.00 8719.00 7608.00 
8428.00 8565.00 8597.00 7479.00 
8441.00 8512.00 8518.00 7602.00 
8453.00 8423.00 8608.00 7375.00 
8522.00 8608.00 8406.00 7342.00 
8557.00 8589.00 8463.00 7524.00 
8261.00 8722.00 8575.00 7792.00 
8330.00 8626.00 8757.00 7853.00 
8335.00 8591.00 8647.00 7923.00 
8386.00 8551.00 8847.00 7878.00 
8391.00 8532.00 8825.00 7894.00 
8392.00 8625.00 8642.00 7872.00 
8394.00 8590.00 8702.00 7903.00 
8412.00 8646.00 8813.00 7833.00 
8419.00 8462.00 8783.00 7950.00 
8434.00 8499.00 8834.00 7913.00 
8451.00 8584.00 8815.00 7895.00 
8491.00 8528.00 8815.00 7902.00 
8523.00 8431.00 8803.00 7935.00 
8528.00 8446.00 8795.00 7901.00 
8528.00 8615.00 8735.00 7677.00 
8567.00 8341.00 8798.00 7762.00 
8267.00 8433.00 8642.00 7240.00 
8289.00 8267.00 8623.00 7386.00 
8324.00 8415.00 8644.00 7164.00 
8365.00 8487.00 8563.00 7114.00 
8366.00 8335.00 8588.00 7093.00 
8384.00 8506.00 8558.00 7233.00 
8385.00 8558.00 8495.00 7214.00 
8398.00 8331.00 8578.00 7401.00 
8408.00 8329.00 8626.00 7318.00 
8413.00 8325.00 8502.00 7054.00 
8458.00 8374.00 8447.00 7364.00 
8481.00 8147.00 8437.00 7315.00 
8134.00 8648.00 8472.00 7700.00 
8152.00 8743.00 8487.00 7599.00 
8158.00 8794.00 8455.00 7528.00 
8192.00 8684.00 8504.00 7658.00 
8195.00 8617.00 8584.00 7565.00 
8203.00 8787.00 8521.00 7342.00 
8236.00 8684.00 8422.00 7739.00 
8254.00 8686.00 8616.00 7528.00 
8303.00 8564.00 8268.00 7780.00 
8307.00 8562.00 8398.00 7771.00 
8314.00 8677.00 8322.00 7725.00 
8318.00 8708.00 8587.00 7424.00 
8327.00 8758.00 8546.00 7468.00 
8372.00 8768.00 8555.00 7423.00 
8378.00 8814.00 8259.00 7678.00 
8394.00 8830.00 8341.00 7561.00 
8398.00 8725.00 8251.00 7703.00 
8411.00 8686.00 8261.00 7797.00 
8427.00 8855.00 8226.00 7537.00 
8353.00 8182.00 8665.00 7923.00 
8366.00 7924.00 8852.00 7925.00 
8368.00 8719.00 8419.00 7533.00 
8389.00 8667.00 8602.00 7596.00 
8409.00 7981.00 8657.00 8035.00 
8437.00 7818.00 8779.00 8058.00 
8437.00 8437.00 8656.00 7803.00 
8502.00 8301.00 8464.00 7757.00 
8519.00 8452.00 8551.00 7716.00 
8553.00 7846.00 8720.00 7978.00 
8553.00 8685.00 8708.00 7387.00 
8579.00 8505.00 8611.00 7696.00 
8609.00 8548.00 8729.00 7356.00 
8627.00 8016.00 8869.00 7826.00 
8629.00 7954.00 8848.00 7882.00 
8678.00 8278.00 8738.00 7391.00 
8712.00 8197.00 8809.00 7610.00 
8740.00 8192.00 8693.00 7635.00 
8006.00 8403.00 9073.00 7601.00 
8024.00 8325.00 9042.00 7594.00 
8048.00 8473.00 9049.00 7529.00 
8054.00 8589.00 9012.00 7471.00 
8068.00 8512.00 9098.00 7441.00 
8071.00 8504.00 9130.00 7407.00 
8074.00 8440.00 9086.00 7581.00 
8083.00 8447.00 9075.00 7525.00 
8091.00 8588.00 9025.00 7426.00 
8094.00 8326.00 9038.00 7662.00 
8105.00 8398.00 9029.00 7564.00 
8107.00 8398.00 9065.00 7512.00 
8118.00 8356.00 9038.00 7622.00 
8169.00 8459.00 9109.00 7426.00 
8260.00 8227.00 8876.00 7796.00 
8263.00 8326.00 8992.00 7764.00 
8265.00 8285.00 8993.00 7740.00 
8265.00 8310.00 9016.00 7690.00 
8304.00 8354.00 8867.00 7747.00 
8199.00 8433.00 8939.00 7625.00 
8223.00 8458.00 8868.00 7674.00 
8276.00 8472.00 8863.00 7771.00 
8322.00 8407.00 8927.00 7624.00 
8335.00 8411.00 8883.00 7532.00 
8350.00 8184.00 8916.00 7808.00 
8360.00 8510.00 8827.00 7616.00 
8366.00 8372.00 8927.00 7542.00 
8391.00 8487.00 8869.00 7572.00 
8402.00 8434.00 8756.00 7659.00 
8419.00 8468.00 8850.00 7624.00 
8445.00 8451.00 8823.00 7642.00 
8454.00 8390.00 8743.00 7709.00 
8464.00 8442.00 8687.00 7665.00 
8464.00 8470.00 8751.00 7605.00 
8499.00 8270.00 8849.00 7729.00 
8533.00 8341.00 8783.00 7561.00 
8425.00 8362.00 8682.00 7746.00 
8444.00 8488.00 8662.00 7832.00 
8450.00 8310.00 8703.00 7840.00 
8512.00 8515.00 8583.00 7787.00 
8522.00 8558.00 8569.00 7745.00 
8574.00 8587.00 8503.00 7709.00 
8589.00 8364.00 8637.00 7806.00 
8610.00 8576.00 8546.00 7652.00 
8615.00 8571.00 8552.00 7793.00 
8621.00 8476.00 8578.00 7742.00 
8646.00 8424.00 8524.00 7721.00 
8646.00 8543.00 8509.00 7727.00 
8658.00 8534.00 8531.00 7685.00 
8661.00 8534.00 8455.00 7599.00 
8663.00 8633.00 8499.00 7500.00 
8664.00 8564.00 8511.00 7521.00 
8696.00 8414.00 8561.00 7605.00 
8432.00 7967.00 9113.00 7870.00 
8463.00 8003.00 9038.00 7971.00 
8468.00 8125.00 9059.00 7876.00 
8470.00 8022.00 9081.00 7899.00 
8479.00 8108.00 9060.00 7778.00 
8495.00 8106.00 9011.00 7935.00 
8498.00 8002.00 9031.00 7973.00 
8502.00 7989.00 9027.00 7932.00 
8509.00 7977.00 9002.00 7991.00 
8532.00 8121.00 8997.00 7959.00 
8533.00 8166.00 8995.00 7763.00 
8534.00 8101.00 9008.00 7952.00 
8537.00 8235.00 8860.00 7983.00 
8546.00 8158.00 8981.00 7744.00 
8563.00 8197.00 8961.00 7831.00 
8566.00 8068.00 8954.00 7985.00 
8566.00 8261.00 8916.00 7792.00 
8569.00 8143.00 8936.00 7968.00 
8596.00 8264.00 8831.00 7946.00 
8611.00 8011.00 8923.00 8013.00 
8639.00 8184.00 8803.00 7921.00 
8172.00 8104.00 8786.00 7947.00 
8193.00 8278.00 8659.00 7982.00 
8201.00 8097.00 8743.00 8002.00 
8202.00 8266.00 8746.00 7948.00 
8207.00 8290.00 8780.00 7814.00 
8208.00 8192.00 8817.00 7933.00 
8224.00 8256.00 8803.00 7899.00 
8245.00 8234.00 8720.00 7998.00 
8259.00 8263.00 8636.00 7975.00 
8259.00 8271.00 8686.00 7963.00 
8278.00 8223.00 8734.00 7986.00 
8295.00 8199.00 8761.00 7973.00 
8304.00 8412.00 8682.00 7902.00 
8308.00 8166.00 8705.00 8014.00 
8394.00 8437.00 8748.00 7799.00 
8512.00 8679.00 8648.00 7815.00 
8567.00 8610.00 8760.00 7851.00 
8581.00 8671.00 8721.00 7710.00 
8586.00 8621.00 8757.00 7747.00 
8600.00 8584.00 8800.00 7586.00 
8618.00 8604.00 8781.00 7755.00 
8628.00 8517.00 8795.00 7662.00 
8663.00 8359.00 8677.00 7738.00 
8685.00 8645.00 8581.00 7501.00 
8715.00 8401.00 8635.00 7778.00 
8716.00 8465.00 8687.00 7706.00 
8756.00 8485.00 8565.00 7764.00 
8779.00 8231.00 8479.00 7748.00 
8785.00 8457.00 8696.00 7547.00 
8837.00 8182.00 8511.00 7716.00 
8851.00 8527.00 8575.00 7682.00 
8872.00 8353.00 8471.00 7768.00 
8915.00 8156.00 8489.00 7641.00 
8924.00 8411.00 8434.00 7523.00 
8939.00 8470.00 8426.00 7476.00 
8012.00 8530.00 8561.00 7392.00 
8074.00 8373.00 8594.00 7584.00 
8142.00 8107.00 8703.00 7629.00 
8155.00 8376.00 8430.00 7577.00 
8181.00 8554.00 8623.00 7196.00 
8295.00 8434.00 8930.00 7339.00 
8346.00 8326.00 8897.00 7488.00 
8366.00 8396.00 8913.00 7177.00 
8463.00 8382.00 8886.00 7234.00 
8475.00 8268.00 8613.00 7527.00 
8503.00 8455.00 8809.00 7370.00 
8507.00 8418.00 8782.00 7403.00 
8561.00 8382.00 8838.00 7327.00 
8571.00 8368.00 8820.00 7309.00 
8131.00 8240.00 8601.00 7734.00 
8169.00 8350.00 8511.00 7727.00 
8170.00 8260.00 8600.00 7736.00 
8205.00 8336.00 8458.00 7697.00 
8265.00 8229.00 8778.00 7629.00 
8295.00 8111.00 8643.00 7718.00 
8309.00 8261.00 8793.00 7601.00 
8311.00 8216.00 8463.00 7655.00 
8328.00 7964.00 8720.00 7594.00 
8346.00 8081.00 8689.00 7616.00 
8395.00 8098.00 8676.00 7596.00 
8126.00 8017.00 8006.00 7980.00 
8424.00 8585.00 8105.00 7764.00 
8424.00 8740.00 8259.00 7664.00 
8465.00 8420.00 8592.00 7670.00 
8532.00 8272.00 8100.00 7871.00 
8546.00 8148.00 8428.00 7854.00 
8547.00 8123.00 8440.00 7818.00 
8556.00 8066.00 8374.00 7863.00 
8583.00 8638.00 8507.00 7263.00 
8643.00 8314.00 8231.00 7823.00 
8649.00 8632.00 8246.00 7601.00 
8663.00 8720.00 8230.00 7247.00 
8682.00 8291.00 8170.00 7765.00 
8693.00 8632.00 8094.00 7395.00 
8710.00 8528.00 7943.00 7461.00 
8291.00 8067.00 8367.00 7844.00 
8339.00 8437.00 8383.00 7331.00 
8351.00 7860.00 8802.00 7683.00 
8380.00 8197.00 8801.00 7467.00 
8385.00 7968.00 8879.00 7594.00 
8477.00 8197.00 8782.00 7528.00 
8517.00 8080.00 8784.00 7587.00 
8517.00 8097.00 8700.00 7711.00 
8526.00 8375.00 8436.00 7543.00 
8539.00 8301.00 8385.00 7444.00 
8544.00 8104.00 8782.00 7430.00 
8553.00 8071.00 8713.00 7581.00 
8482.00 8574.00 8352.00 7313.00 
8484.00 8516.00 8400.00 7565.00 
8527.00 8311.00 8526.00 7882.00 
8546.00 8559.00 8518.00 7333.00 
8550.00 8512.00 8468.00 7403.00 
8570.00 8488.00 8619.00 7372.00 
8582.00 8599.00 8203.00 7320.00 
8606.00 8490.00 8379.00 7739.00 
8634.00 8453.00 8391.00 7565.00 
8637.00 8444.00 8671.00 7265.00 
8640.00 8505.00 8301.00 7536.00 
8664.00 8501.00 8386.00 7310.00 
8669.00 8580.00 8177.00 7576.00 
8670.00 8487.00 8236.00 7505.00 
8670.00 8513.00 8406.00 7278.00 
8680.00 8428.00 8388.00 7664.00 
8813.00 8455.00 8292.00 7574.00 
8409.00 8688.00 8454.00 7738.00 
8447.00 8624.00 8534.00 7484.00 
8547.00 8614.00 8654.00 7667.00 
8548.00 8287.00 8749.00 7853.00 
8551.00 8568.00 8281.00 7764.00 
8558.00 8269.00 8679.00 7918.00 
8563.00 8672.00 8511.00 7509.00 
8586.00 8594.00 8363.00 7739.00 
8596.00 8288.00 8711.00 7824.00 
8603.00 8332.00 8635.00 7897.00 
8618.00 8506.00 8556.00 7862.00 
8627.00 8608.00 8499.00 7697.00 
8630.00 8481.00 8628.00 7878.00 
8643.00 8572.00 8586.00 7630.00 
8647.00 8538.00 8395.00 7743.00 
8651.00 8333.00 8597.00 7868.00 
8660.00 8576.00 8542.00 7664.00 
8661.00 8613.00 8516.00 7568.00 
8668.00 8364.00 8544.00 7818.00 
7972.00 8289.00 8812.00 8146.00 
8025.00 8306.00 8885.00 8009.00 
8069.00 8249.00 8831.00 7944.00 
8076.00 7954.00 8837.00 8190.00 
8111.00 7832.00 8917.00 8097.00 
8118.00 8093.00 8703.00 8220.00 
8141.00 8112.00 8879.00 7944.00 
8152.00 7903.00 8943.00 8000.00 
8165.00 8194.00 8666.00 8263.00 
8227.00 8143.00 8832.00 8029.00 
8313.00 7974.00 8716.00 8252.00 
8319.00 8068.00 8690.00 8233.00 
8326.00 7925.00 8891.00 8137.00 
8335.00 7913.00 8865.00 8123.00 
8336.00 8065.00 8684.00 8250.00 
8349.00 7914.00 8809.00 8162.00 
8362.00 8157.00 8749.00 8122.00 
8386.00 7958.00 8751.00 8209.00 
