16755.00 20252.00 
16824.00 20243.00 
16886.00 20211.00 
17031.00 20196.00 
17215.00 20148.00 
17261.00 20139.00 
17313.00 20120.00 
17360.00 20091.00 
17440.00 20068.00 
17475.00 20042.00 
17536.00 20017.00 
17597.00 19990.00 
17648.00 19970.00 
17698.00 19950.00 
17750.00 19921.00 
17753.00 19898.00 
17821.00 19877.00 
17873.00 19856.00 
17911.00 19838.00 
17967.00 19808.00 
18022.00 19793.00 
18031.00 19763.00 
18096.00 19746.00 
18158.00 19722.00 
18168.00 19700.00 
18233.00 19671.00 
18257.00 19632.00 
18326.00 19599.00 
18367.00 19546.00 
18397.00 19523.00 
18418.00 19495.00 
18462.00 19487.00 
18473.00 19408.00 
18483.00 19404.00 
18512.00 19353.00 
18614.00 19327.00 
18637.00 19280.00 
18736.00 19247.00 
18755.00 19225.00 
18850.00 19166.00 
18858.00 19112.00 
18899.00 19064.00 
18938.00 19049.00 
18994.00 19008.00 
18996.00 18915.00 
19035.00 18884.00 
19105.00 18871.00 
19133.00 18785.00 
19192.00 18687.00 
19199.00 18612.00 
19268.00 18515.00 
19320.00 18513.00 
19341.00 18469.00 
19372.00 18348.00 
19409.00 18344.00 
19428.00 18317.00 
19465.00 18250.00 
19475.00 18189.00 
19527.00 18017.00 
19564.00 17962.00 
19569.00 17946.00 
19595.00 17897.00 
19649.00 17783.00 
19659.00 17734.00 
16932.00 20216.00 
16951.00 20203.00 
17058.00 20192.00 
17094.00 20185.00 
17155.00 20173.00 
17195.00 20156.00 
17308.00 20132.00 
17340.00 20105.00 
17432.00 20090.00 
17490.00 20067.00 
17528.00 20034.00 
17596.00 20007.00 
17643.00 19987.00 
17658.00 19949.00 
17769.00 19932.00 
17786.00 19904.00 
17873.00 19877.00 
17911.00 19828.00 
17938.00 19800.00 
18033.00 19791.00 
18067.00 19769.00 
18099.00 19744.00 
18146.00 19723.00 
18196.00 19704.00 
18238.00 19682.00 
18278.00 19668.00 
18290.00 19631.00 
18341.00 19615.00 
18376.00 19592.00 
18395.00 19566.00 
18400.00 19523.00 
18451.00 19512.00 
18477.00 19485.00 
18530.00 19482.00 
18569.00 19459.00 
18576.00 19422.00 
18609.00 19399.00 
18618.00 19358.00 
18661.00 19344.00 
18695.00 19327.00 
18709.00 19300.00 
18731.00 19260.00 
18736.00 19214.00 
18763.00 19184.00 
18808.00 19171.00 
18838.00 19146.00 
18842.00 19108.00 
18864.00 19073.00 
18902.00 19058.00 
18929.00 19039.00 
18996.00 19005.00 
19008.00 18956.00 
19031.00 18923.00 
19051.00 18884.00 
19104.00 18830.00 
19121.00 18786.00 
19126.00 18714.00 
19164.00 18706.00 
19195.00 18691.00 
19229.00 18662.00 
19287.00 18626.00 
19290.00 18546.00 
19329.00 18529.00 
19339.00 18494.00 
19402.00 18453.00 
19413.00 18350.00 
19444.00 18322.00 
19471.00 18295.00 
19497.00 18276.00 
19523.00 18202.00 
19539.00 18146.00 
19567.00 18093.00 
19593.00 18051.00 
19618.00 17972.00 
19636.00 17910.00 
19690.00 17820.00 
19711.00 17703.00 
19739.00 17580.00 
19772.00 17536.00 
19805.00 17428.00 
19809.00 17426.00 
17192.00 20164.00 
17281.00 20160.00 
17331.00 20128.00 
17422.00 20114.00 
17439.00 20084.00 
17501.00 20062.00 
17570.00 20043.00 
17649.00 20028.00 
17698.00 19991.00 
17730.00 19970.00 
17739.00 19935.00 
17808.00 19918.00 
17824.00 19878.00 
17877.00 19864.00 
17947.00 19846.00 
17969.00 19822.00 
18019.00 19800.00 
18048.00 19777.00 
18123.00 19769.00 
18155.00 19749.00 
18164.00 19714.00 
18195.00 19689.00 
18228.00 19661.00 
18293.00 19652.00 
18328.00 19629.00 
18343.00 19607.00 
18349.00 19565.00 
18397.00 19558.00 
18411.00 19518.00 
18466.00 19505.00 
18496.00 19493.00 
18511.00 19459.00 
18536.00 19426.00 
18542.00 19389.00 
18579.00 19368.00 
18591.00 19332.00 
18637.00 19326.00 
18660.00 19293.00 
18684.00 19270.00 
18704.00 19234.00 
18733.00 19212.00 
18756.00 19182.00 
18794.00 19166.00 
18808.00 19129.00 
18841.00 19111.00 
18874.00 19098.00 
18915.00 19091.00 
18926.00 19059.00 
18944.00 19029.00 
18953.00 18954.00 
18981.00 18945.00 
19011.00 18921.00 
19025.00 18868.00 
19052.00 18844.00 
19086.00 18833.00 
19103.00 18800.00 
19125.00 18753.00 
19187.00 18699.00 
19199.00 18660.00 
19218.00 18610.00 
19245.00 18585.00 
19271.00 18560.00 
19285.00 18502.00 
19323.00 18501.00 
19342.00 18463.00 
19383.00 18429.00 
19395.00 18400.00 
19415.00 18305.00 
19448.00 18297.00 
19462.00 18235.00 
19489.00 18174.00 
19510.00 18124.00 
19537.00 18093.00 
19586.00 18022.00 
19624.00 17932.00 
19648.00 17855.00 
19677.00 17813.00 
19689.00 17721.00 
19719.00 17650.00 
19731.00 17631.00 
19738.00 17584.00 
17133.00 20186.00 
17221.00 20132.00 
17271.00 20110.00 
17366.00 20092.00 
17463.00 20060.00 
17465.00 20030.00 
17554.00 20019.00 
17595.00 19973.00 
17651.00 19960.00 
17761.00 19940.00 
17789.00 19917.00 
17830.00 19901.00 
17901.00 19885.00 
17925.00 19845.00 
17988.00 19817.00 
18033.00 19770.00 
18115.00 19705.00 
18132.00 19679.00 
18135.00 19644.00 
18203.00 19633.00 
18331.00 19621.00 
18351.00 19570.00 
18376.00 19548.00 
18402.00 19521.00 
18452.00 19516.00 
18469.00 19485.00 
18470.00 19432.00 
18533.00 19427.00 
18563.00 19405.00 
18571.00 19362.00 
18609.00 19343.00 
18646.00 19323.00 
18706.00 19322.00 
18733.00 19249.00 
18762.00 19220.00 
18795.00 19210.00 
18822.00 19181.00 
18870.00 19131.00 
18882.00 19076.00 
18935.00 19062.00 
18970.00 19003.00 
18990.00 18955.00 
19026.00 18952.00 
19031.00 18882.00 
19070.00 18861.00 
19087.00 18847.00 
19123.00 18813.00 
19152.00 18797.00 
19162.00 18727.00 
19188.00 18695.00 
19221.00 18672.00 
19250.00 18654.00 
19299.00 18590.00 
19306.00 18524.00 
19330.00 18474.00 
19357.00 18411.00 
19416.00 18376.00 
19463.00 18271.00 
19490.00 18256.00 
19513.00 18161.00 
19528.00 18084.00 
19564.00 18083.00 
19588.00 18004.00 
19612.00 17940.00 
19640.00 17857.00 
19667.00 17787.00 
19691.00 17710.00 
19714.00 17622.00 
19756.00 17591.00 
17062.00 20141.00 
17228.00 20110.00 
17264.00 20083.00 
17296.00 20055.00 
17418.00 20031.00 
17456.00 20012.00 
17636.00 19987.00 
17645.00 19970.00 
17691.00 19945.00 
17718.00 19911.00 
17774.00 19898.00 
17842.00 19865.00 
17890.00 19841.00 
17920.00 19818.00 
17967.00 19806.00 
18035.00 19779.00 
18084.00 19732.00 
18145.00 19710.00 
18198.00 19689.00 
18207.00 19660.00 
18246.00 19649.00 
18261.00 19609.00 
18339.00 19599.00 
18360.00 19581.00 
18374.00 19552.00 
18413.00 19533.00 
18446.00 19508.00 
18476.00 19471.00 
18484.00 19453.00 
18499.00 19417.00 
18562.00 19414.00 
18611.00 19411.00 
18622.00 19316.00 
18706.00 19302.00 
18750.00 19235.00 
18767.00 19210.00 
18788.00 19180.00 
18831.00 19179.00 
18843.00 19130.00 
18876.00 19096.00 
18895.00 19073.00 
18935.00 19068.00 
18971.00 19010.00 
19023.00 18968.00 
19045.00 18924.00 
19074.00 18917.00 
19119.00 18839.00 
19140.00 18809.00 
19201.00 18789.00 
19209.00 18717.00 
19222.00 18661.00 
19249.00 18638.00 
19282.00 18613.00 
19318.00 18611.00 
19356.00 18509.00 
19368.00 18465.00 
19400.00 18450.00 
19427.00 18417.00 
19448.00 18361.00 
19465.00 18341.00 
19500.00 18322.00 
19549.00 18209.00 
19553.00 18114.00 
19587.00 18111.00 
19616.00 18080.00 
19650.00 18003.00 
19672.00 17956.00 
19688.00 17886.00 
19704.00 17840.00 
19732.00 17820.00 
19784.00 17664.00 
19804.00 17549.00 
16954.00 20210.00 
17007.00 20201.00 
17055.00 20179.00 
17173.00 20152.00 
17231.00 20129.00 
17350.00 20098.00 
17413.00 20076.00 
17506.00 20060.00 
17577.00 20034.00 
17619.00 20004.00 
17693.00 19998.00 
17752.00 19927.00 
17794.00 19900.00 
17860.00 19891.00 
17957.00 19867.00 
17960.00 19844.00 
18008.00 19830.00 
18056.00 19810.00 
18097.00 19788.00 
18107.00 19741.00 
18171.00 19736.00 
18217.00 19709.00 
18299.00 19683.00 
18315.00 19642.00 
18335.00 19602.00 
18341.00 19569.00 
18413.00 19556.00 
18453.00 19504.00 
18482.00 19488.00 
18520.00 19467.00 
18534.00 19427.00 
18554.00 19390.00 
18582.00 19376.00 
18609.00 19338.00 
18649.00 19323.00 
18691.00 19307.00 
18736.00 19246.00 
18741.00 19200.00 
18782.00 19181.00 
18813.00 19167.00 
18843.00 19153.00 
18876.00 19107.00 
18902.00 19091.00 
18919.00 19047.00 
18994.00 19012.00 
19013.00 18989.00 
19027.00 18943.00 
19063.00 18937.00 
19112.00 18879.00 
19125.00 18806.00 
19156.00 18788.00 
19174.00 18749.00 
19210.00 18727.00 
19244.00 18719.00 
19254.00 18662.00 
19285.00 18635.00 
19317.00 18607.00 
19331.00 18544.00 
19359.00 18543.00 
19389.00 18510.00 
19401.00 18417.00 
19431.00 18396.00 
19461.00 18361.00 
19499.00 18293.00 
19521.00 18192.00 
19559.00 18165.00 
19565.00 18081.00 
19595.00 18023.00 
19619.00 17950.00 
19652.00 17896.00 
19672.00 17843.00 
19692.00 17768.00 
19724.00 17656.00 
19761.00 17567.00 
19781.00 17514.00 
16958.00 20196.00 
16989.00 20187.00 
17048.00 20162.00 
17132.00 20128.00 
17204.00 20122.00 
17264.00 20100.00 
17420.00 20059.00 
17446.00 20027.00 
17522.00 20024.00 
17583.00 20004.00 
17604.00 19961.00 
17661.00 19957.00 
17805.00 19920.00 
17864.00 19883.00 
17900.00 19860.00 
17966.00 19856.00 
17995.00 19823.00 
18031.00 19798.00 
18066.00 19782.00 
18123.00 19723.00 
18186.00 19702.00 
18212.00 19640.00 
18221.00 19615.00 
18255.00 19581.00 
18325.00 19577.00 
18430.00 19519.00 
18493.00 19439.00 
18545.00 19429.00 
18575.00 19387.00 
18593.00 19357.00 
18661.00 19320.00 
18714.00 19313.00 
18760.00 19207.00 
18770.00 19171.00 
18830.00 19132.00 
18863.00 19078.00 
18906.00 19043.00 
18948.00 19009.00 
18982.00 18952.00 
19086.00 18914.00 
19101.00 18855.00 
19111.00 18823.00 
19129.00 18777.00 
19172.00 18768.00 
19233.00 18753.00 
19236.00 18679.00 
19297.00 18631.00 
19326.00 18566.00 
19354.00 18521.00 
19372.00 18508.00 
19390.00 18451.00 
19400.00 18406.00 
19461.00 18402.00 
19482.00 18270.00 
19512.00 18261.00 
19537.00 18204.00 
19572.00 18165.00 
19598.00 18104.00 
19643.00 18002.00 
19679.00 17951.00 
19717.00 17789.00 
17202.00 20154.00 
17315.00 20112.00 
17370.00 20077.00 
17492.00 20056.00 
17546.00 20033.00 
17615.00 20003.00 
17718.00 19983.00 
17757.00 19971.00 
17779.00 19937.00 
17863.00 19888.00 
17911.00 19858.00 
17979.00 19816.00 
18002.00 19784.00 
18078.00 19776.00 
18088.00 19740.00 
18133.00 19713.00 
18196.00 19703.00 
18252.00 19686.00 
18257.00 19644.00 
18312.00 19637.00 
18357.00 19623.00 
18371.00 19587.00 
18418.00 19573.00 
18437.00 19546.00 
18469.00 19515.00 
18533.00 19463.00 
18587.00 19451.00 
18594.00 19426.00 
18619.00 19399.00 
18657.00 19387.00 
18658.00 19338.00 
18704.00 19319.00 
18751.00 19265.00 
18773.00 19250.00 
18795.00 19211.00 
18827.00 19192.00 
18845.00 19155.00 
18882.00 19128.00 
18884.00 19090.00 
18910.00 19060.00 
18945.00 19045.00 
18966.00 18995.00 
18976.00 18972.00 
19024.00 18948.00 
19038.00 18908.00 
19051.00 18880.00 
19084.00 18856.00 
19108.00 18837.00 
19121.00 18778.00 
19151.00 18745.00 
19187.00 18729.00 
19195.00 18682.00 
19252.00 18657.00 
19276.00 18583.00 
19291.00 18540.00 
19319.00 18537.00 
19348.00 18511.00 
19368.00 18444.00 
19390.00 18404.00 
19421.00 18376.00 
19439.00 18322.00 
19461.00 18282.00 
19491.00 18251.00 
19514.00 18187.00 
19543.00 18167.00 
19560.00 18127.00 
19593.00 18064.00 
19618.00 18019.00 
19638.00 17977.00 
19670.00 17902.00 
19697.00 17890.00 
19716.00 17768.00 
19738.00 17712.00 
19779.00 17654.00 
19799.00 17595.00 
17082.00 20182.00 
17159.00 20164.00 
17275.00 20138.00 
17346.00 20109.00 
17394.00 20086.00 
17499.00 20062.00 
17625.00 20030.00 
17658.00 19992.00 
17683.00 19971.00 
17761.00 19944.00 
17821.00 19929.00 
17843.00 19908.00 
17873.00 19874.00 
17913.00 19860.00 
17958.00 19841.00 
17983.00 19814.00 
18041.00 19794.00 
18073.00 19773.00 
18087.00 19742.00 
18132.00 19726.00 
18148.00 19693.00 
18194.00 19683.00 
18224.00 19651.00 
18248.00 19630.00 
18300.00 19617.00 
18343.00 19601.00 
18366.00 19585.00 
18389.00 19546.00 
18423.00 19538.00 
18431.00 19497.00 
18477.00 19488.00 
18505.00 19461.00 
18529.00 19437.00 
18545.00 19411.00 
18589.00 19403.00 
18602.00 19368.00 
18633.00 19342.00 
18652.00 19322.00 
18666.00 19288.00 
18709.00 19279.00 
18734.00 19264.00 
18766.00 19241.00 
18790.00 19211.00 
18847.00 19180.00 
18860.00 19145.00 
18883.00 19108.00 
18897.00 19083.00 
18920.00 19055.00 
18940.00 19021.00 
18964.00 19003.00 
18987.00 18971.00 
19022.00 18951.00 
19035.00 18922.00 
19057.00 18890.00 
19077.00 18859.00 
19106.00 18839.00 
19136.00 18836.00 
19157.00 18797.00 
19186.00 18785.00 
19198.00 18732.00 
19226.00 18719.00 
19247.00 18680.00 
19270.00 18658.00 
19301.00 18624.00 
19315.00 18593.00 
19333.00 18546.00 
19361.00 18521.00 
19388.00 18487.00 
19399.00 18428.00 
19423.00 18395.00 
19439.00 18386.00 
19459.00 18267.00 
19511.00 18208.00 
19529.00 18133.00 
19546.00 18109.00 
19572.00 18002.00 
19595.00 17940.00 
19620.00 17885.00 
19638.00 17798.00 
19653.00 17782.00 
16972.00 20194.00 
17020.00 20161.00 
17186.00 20144.00 
17262.00 20115.00 
17410.00 20048.00 
17448.00 20045.00 
17524.00 20026.00 
17629.00 19985.00 
17664.00 19969.00 
17724.00 19954.00 
17759.00 19916.00 
17824.00 19909.00 
17881.00 19903.00 
17966.00 19840.00 
17978.00 19811.00 
18048.00 19797.00 
18090.00 19784.00 
18121.00 19723.00 
18156.00 19697.00 
18164.00 19674.00 
18217.00 19641.00 
18296.00 19635.00 
18319.00 19578.00 
18363.00 19558.00 
18390.00 19494.00 
18505.00 19467.00 
18540.00 19411.00 
18593.00 19402.00 
18630.00 19339.00 
18655.00 19329.00 
18708.00 19301.00 
18772.00 19242.00 
18780.00 19186.00 
18815.00 19176.00 
18837.00 19148.00 
18859.00 19102.00 
18917.00 19066.00 
18933.00 19033.00 
18953.00 19005.00 
18981.00 18979.00 
19016.00 18967.00 
19068.00 18922.00 
19126.00 18875.00 
19152.00 18827.00 
19161.00 18791.00 
19187.00 18762.00 
19204.00 18728.00 
19233.00 18723.00 
19268.00 18706.00 
19284.00 18660.00 
19317.00 18627.00 
19330.00 18580.00 
19359.00 18546.00 
19381.00 18506.00 
19403.00 18466.00 
19434.00 18432.00 
19462.00 18404.00 
19474.00 18361.00 
19493.00 18287.00 
19523.00 18260.00 
19556.00 18229.00 
19566.00 18198.00 
19602.00 18104.00 
19614.00 18019.00 
19627.00 17988.00 
19656.00 17912.00 
19685.00 17842.00 
19710.00 17774.00 
19713.00 17692.00 
19721.00 17676.00 
17316.00 20084.00 
17325.00 20083.00 
17329.00 20072.00 
17411.00 20051.00 
17483.00 20024.00 
17559.00 20003.00 
17595.00 19983.00 
17674.00 19963.00 
17695.00 19932.00 
17735.00 19904.00 
17794.00 19878.00 
17828.00 19860.00 
17861.00 19832.00 
17907.00 19817.00 
17968.00 19793.00 
18035.00 19755.00 
18049.00 19713.00 
18148.00 19709.00 
18171.00 19696.00 
18177.00 19657.00 
18212.00 19637.00 
18304.00 19603.00 
18359.00 19558.00 
18390.00 19490.00 
18449.00 19485.00 
18452.00 19450.00 
18503.00 19445.00 
18537.00 19412.00 
18548.00 19381.00 
18592.00 19366.00 
18601.00 19338.00 
18638.00 19323.00 
18683.00 19305.00 
18700.00 19234.00 
18726.00 19217.00 
18779.00 19209.00 
18821.00 19149.00 
18852.00 19131.00 
18871.00 19108.00 
18902.00 19090.00 
18917.00 19060.00 
18963.00 19057.00 
19017.00 19006.00 
19078.00 18943.00 
19127.00 18886.00 
19141.00 18841.00 
19173.00 18821.00 
19191.00 18809.00 
19202.00 18723.00 
19229.00 18715.00 
19255.00 18673.00 
19280.00 18649.00 
19287.00 18592.00 
19307.00 18545.00 
19345.00 18526.00 
19358.00 18486.00 
19375.00 18446.00 
19400.00 18375.00 
19440.00 18344.00 
19474.00 18306.00 
19482.00 18206.00 
19517.00 18147.00 
19542.00 18109.00 
19561.00 18084.00 
19586.00 17977.00 
19610.00 17944.00 
19630.00 17879.00 
19657.00 17765.00 
19671.00 17752.00 
17246.00 20134.00 
17254.00 20118.00 
17318.00 20100.00 
17320.00 20095.00 
17387.00 20063.00 
17465.00 20044.00 
17632.00 20009.00 
17695.00 19967.00 
17720.00 19944.00 
17818.00 19943.00 
17840.00 19898.00 
17882.00 19873.00 
17978.00 19840.00 
17984.00 19796.00 
18050.00 19742.00 
18078.00 19718.00 
18084.00 19680.00 
18174.00 19668.00 
18229.00 19636.00 
18239.00 19556.00 
18389.00 19547.00 
18401.00 19506.00 
18451.00 19488.00 
18483.00 19468.00 
18535.00 19432.00 
18541.00 19373.00 
18595.00 19350.00 
18603.00 19332.00 
18725.00 19328.00 
18787.00 19210.00 
18861.00 19191.00 
18870.00 19130.00 
18883.00 19026.00 
18978.00 19024.00 
19003.00 19007.00 
19066.00 18913.00 
19089.00 18900.00 
19093.00 18825.00 
19119.00 18786.00 
19158.00 18770.00 
19167.00 18730.00 
19205.00 18716.00 
19227.00 18686.00 
19235.00 18622.00 
19281.00 18614.00 
19315.00 18542.00 
19333.00 18507.00 
19359.00 18472.00 
19389.00 18442.00 
19423.00 18407.00 
19442.00 18261.00 
19480.00 18234.00 
19514.00 18217.00 
19521.00 18167.00 
19543.00 18151.00 
19580.00 18092.00 
19615.00 18055.00 
19626.00 17976.00 
19648.00 17903.00 
19668.00 17846.00 
19694.00 17834.00 
19722.00 17707.00 
19740.00 17662.00 
19768.00 17643.00 
19787.00 17485.00 
19811.00 17440.00 
17025.00 20179.00 
17155.00 20173.00 
17240.00 20140.00 
17300.00 20120.00 
17377.00 20090.00 
17448.00 20065.00 
17510.00 20046.00 
17529.00 20012.00 
17624.00 19991.00 
17666.00 19967.00 
17723.00 19944.00 
17758.00 19910.00 
17819.00 19888.00 
17850.00 19871.00 
17879.00 19836.00 
17948.00 19815.00 
18001.00 19764.00 
18035.00 19733.00 
18095.00 19711.00 
18126.00 19687.00 
18158.00 19663.00 
18224.00 19643.00 
18235.00 19610.00 
18256.00 19584.00 
18320.00 19572.00 
18328.00 19539.00 
18404.00 19529.00 
18432.00 19510.00 
18454.00 19475.00 
18479.00 19447.00 
18500.00 19416.00 
18546.00 19397.00 
18582.00 19391.00 
18631.00 19373.00 
18662.00 19342.00 
18668.00 19308.00 
18701.00 19290.00 
18760.00 19227.00 
18770.00 19187.00 
18796.00 19147.00 
18818.00 19124.00 
18861.00 19104.00 
18880.00 19071.00 
18898.00 19036.00 
18923.00 18998.00 
18961.00 18989.00 
18973.00 18937.00 
19016.00 18930.00 
19038.00 18903.00 
19075.00 18874.00 
19096.00 18859.00 
19119.00 18825.00 
19146.00 18776.00 
19211.00 18737.00 
19234.00 18721.00 
19263.00 18695.00 
19299.00 18668.00 
19312.00 18617.00 
19335.00 18588.00 
19361.00 18536.00 
19387.00 18492.00 
19414.00 18460.00 
19426.00 18386.00 
19450.00 18341.00 
19487.00 18315.00 
19503.00 18265.00 
19529.00 18244.00 
19558.00 18181.00 
19579.00 18153.00 
19609.00 18128.00 
19629.00 18020.00 
19657.00 17918.00 
19681.00 17851.00 
19705.00 17801.00 
19721.00 17732.00 
19748.00 17645.00 
19789.00 17501.00 
19796.00 17452.00 
16992.00 20210.00 
17034.00 20205.00 
17037.00 20189.00 
17139.00 20161.00 
17266.00 20135.00 
17285.00 20111.00 
17409.00 20096.00 
17523.00 20036.00 
17576.00 20022.00 
17625.00 19993.00 
17689.00 19977.00 
17756.00 19954.00 
17799.00 19931.00 
17860.00 19911.00 
17884.00 19881.00 
17911.00 19868.00 
17931.00 19831.00 
17970.00 19804.00 
18009.00 19781.00 
18113.00 19738.00 
18135.00 19690.00 
18204.00 19641.00 
18257.00 19628.00 
18270.00 19595.00 
18331.00 19589.00 
18361.00 19529.00 
18387.00 19501.00 
18428.00 19482.00 
18453.00 19450.00 
18494.00 19442.00 
18533.00 19414.00 
18581.00 19369.00 
18612.00 19343.00 
18618.00 19311.00 
18663.00 19300.00 
18681.00 19269.00 
18717.00 19257.00 
18729.00 19222.00 
18760.00 19203.00 
18794.00 19187.00 
18825.00 19174.00 
18858.00 19135.00 
18907.00 19106.00 
18928.00 19072.00 
18951.00 19039.00 
18981.00 19022.00 
18991.00 18982.00 
19006.00 18932.00 
19033.00 18925.00 
19088.00 18872.00 
19109.00 18837.00 
19126.00 18801.00 
19154.00 18778.00 
19182.00 18751.00 
19200.00 18724.00 
19225.00 18715.00 
19245.00 18654.00 
19269.00 18622.00 
19293.00 18590.00 
19308.00 18535.00 
19332.00 18499.00 
19357.00 18483.00 
19376.00 18421.00 
19405.00 18405.00 
19427.00 18370.00 
19447.00 18299.00 
19479.00 18275.00 
19497.00 18218.00 
19534.00 18154.00 
19562.00 18047.00 
19603.00 18019.00 
19639.00 17788.00 
17043.00 20139.00 
17140.00 20125.00 
17230.00 20112.00 
17293.00 20096.00 
17396.00 20067.00 
17475.00 20045.00 
17536.00 20024.00 
17595.00 19995.00 
17656.00 19978.00 
17734.00 19953.00 
17783.00 19902.00 
17823.00 19881.00 
17888.00 19851.00 
17895.00 19827.00 
17954.00 19814.00 
18032.00 19791.00 
18042.00 19765.00 
18122.00 19750.00 
18138.00 19723.00 
18184.00 19709.00 
18200.00 19682.00 
18246.00 19663.00 
18263.00 19624.00 
18289.00 19600.00 
18342.00 19549.00 
18377.00 19519.00 
18407.00 19498.00 
18426.00 19475.00 
18468.00 19456.00 
18489.00 19420.00 
18507.00 19387.00 
18594.00 19368.00 
18599.00 19314.00 
18617.00 19277.00 
18671.00 19268.00 
18692.00 19250.00 
18720.00 19221.00 
18753.00 19200.00 
18768.00 19167.00 
18799.00 19144.00 
18823.00 19111.00 
18864.00 19094.00 
18881.00 19060.00 
18898.00 19025.00 
18942.00 19017.00 
18950.00 18975.00 
18971.00 18933.00 
19007.00 18930.00 
19071.00 18886.00 
19076.00 18818.00 
19145.00 18797.00 
19153.00 18725.00 
19181.00 18703.00 
19208.00 18664.00 
19223.00 18621.00 
19257.00 18616.00 
19295.00 18575.00 
19298.00 18516.00 
19332.00 18505.00 
19369.00 18504.00 
19394.00 18490.00 
19427.00 18443.00 
19428.00 18410.00 
19464.00 18360.00 
19487.00 18293.00 
19509.00 18270.00 
19532.00 18193.00 
19557.00 18132.00 
19590.00 18085.00 
19609.00 18022.00 
19633.00 17937.00 
19673.00 17900.00 
19695.00 17704.00 
16811.00 20289.00 
16906.00 20254.00 
16994.00 20234.00 
17089.00 20216.00 
17147.00 20201.00 
17172.00 20182.00 
17333.00 20128.00 
17398.00 20078.00 
17457.00 20069.00 
17493.00 20039.00 
17570.00 20028.00 
17657.00 19948.00 
17669.00 19922.00 
17734.00 19901.00 
17847.00 19883.00 
17896.00 19862.00 
17921.00 19841.00 
18052.00 19818.00 
18079.00 19770.00 
18086.00 19740.00 
18130.00 19723.00 
18140.00 19643.00 
18180.00 19611.00 
18222.00 19585.00 
18302.00 19581.00 
18309.00 19555.00 
18361.00 19536.00 
18395.00 19519.00 
18483.00 19485.00 
18504.00 19442.00 
18551.00 19380.00 
18588.00 19357.00 
18609.00 19350.00 
18665.00 19283.00 
18700.00 19261.00 
18726.00 19230.00 
18735.00 19202.00 
18798.00 19189.00 
18879.00 19138.00 
18899.00 19029.00 
18943.00 19028.00 
18984.00 18937.00 
19013.00 18920.00 
19024.00 18807.00 
19072.00 18804.00 
19161.00 18791.00 
19190.00 18714.00 
19214.00 18662.00 
19248.00 18657.00 
19251.00 18599.00 
19291.00 18568.00 
19311.00 18516.00 
19327.00 18475.00 
19385.00 18467.00 
19394.00 18420.00 
19428.00 18330.00 
19450.00 18306.00 
19493.00 18197.00 
19524.00 18136.00 
19538.00 18046.00 
19577.00 17981.00 
19586.00 17887.00 
19613.00 17864.00 
19656.00 17847.00 
19679.00 17785.00 
19704.00 17733.00 
19729.00 17622.00 
19753.00 17531.00 
19766.00 17492.00 
19787.00 17471.00 
17151.00 20175.00 
17167.00 20167.00 
17186.00 20156.00 
17209.00 20153.00 
17218.00 20152.00 
17313.00 20130.00 
17322.00 20113.00 
17404.00 20080.00 
17444.00 20049.00 
17496.00 20031.00 
17558.00 20011.00 
17596.00 19980.00 
17682.00 19961.00 
17698.00 19932.00 
17796.00 19914.00 
17865.00 19891.00 
17884.00 19876.00 
17943.00 19852.00 
17967.00 19826.00 
17996.00 19801.00 
18043.00 19776.00 
18100.00 19763.00 
18147.00 19738.00 
18171.00 19682.00 
18225.00 19670.00 
18264.00 19642.00 
18285.00 19620.00 
18332.00 19605.00 
18345.00 19567.00 
18404.00 19557.00 
18432.00 19490.00 
18463.00 19471.00 
18480.00 19436.00 
18526.00 19430.00 
18597.00 19388.00 
18621.00 19359.00 
18655.00 19341.00 
18665.00 19313.00 
18682.00 19266.00 
18718.00 19256.00 
18747.00 19243.00 
18761.00 19196.00 
18790.00 19166.00 
18825.00 19156.00 
18841.00 19129.00 
18877.00 19114.00 
18919.00 19053.00 
18981.00 19024.00 
19011.00 18999.00 
19070.00 18955.00 
19082.00 18916.00 
19109.00 18900.00 
19133.00 18857.00 
19174.00 18816.00 
19199.00 18777.00 
19218.00 18748.00 
19239.00 18703.00 
19269.00 18676.00 
19283.00 18635.00 
19314.00 18616.00 
19327.00 18546.00 
19351.00 18513.00 
19374.00 18452.00 
19433.00 18413.00 
19444.00 18319.00 
19472.00 18293.00 
19493.00 18271.00 
19504.00 18189.00 
19527.00 18127.00 
19564.00 18125.00 
19568.00 18027.00 
19607.00 17961.00 
19636.00 17901.00 
19649.00 17855.00 
19680.00 17811.00 
19703.00 17733.00 
19744.00 17627.00 
19760.00 17541.00 
19772.00 17511.00 
16946.00 20176.00 
16965.00 20174.00 
16998.00 20168.00 
17054.00 20155.00 
17240.00 20120.00 
17382.00 20079.00 
17388.00 20052.00 
17459.00 20031.00 
17557.00 20013.00 
17585.00 19987.00 
17638.00 19956.00 
17729.00 19947.00 
17772.00 19920.00 
17792.00 19893.00 
17822.00 19860.00 
17915.00 19850.00 
17944.00 19819.00 
17996.00 19804.00 
18052.00 19782.00 
18059.00 19752.00 
18098.00 19730.00 
18141.00 19707.00 
18194.00 19691.00 
18226.00 19666.00 
18268.00 19656.00 
18276.00 19614.00 
18318.00 19599.00 
18334.00 19564.00 
18381.00 19551.00 
18426.00 19537.00 
18445.00 19500.00 
18459.00 19469.00 
18497.00 19458.00 
18519.00 19430.00 
18555.00 19411.00 
18574.00 19375.00 
18622.00 19363.00 
18624.00 19319.00 
18656.00 19298.00 
18668.00 19262.00 
18710.00 19252.00 
18730.00 19216.00 
18756.00 19190.00 
18786.00 19171.00 
18818.00 19151.00 
18857.00 19141.00 
18870.00 19101.00 
18901.00 19083.00 
18924.00 19051.00 
18955.00 19040.00 
18979.00 19010.00 
19013.00 18995.00 
19020.00 18941.00 
19051.00 18923.00 
19070.00 18892.00 
19103.00 18885.00 
19120.00 18827.00 
19140.00 18797.00 
19162.00 18752.00 
19219.00 18722.00 
19231.00 18657.00 
19245.00 18603.00 
19277.00 18583.00 
19302.00 18566.00 
19326.00 18507.00 
19352.00 18479.00 
19368.00 18423.00 
19388.00 18376.00 
19417.00 18361.00 
19439.00 18325.00 
19457.00 18257.00 
19487.00 18207.00 
19505.00 18149.00 
19522.00 18057.00 
19548.00 18038.00 
19581.00 17971.00 
19600.00 17895.00 
19633.00 17873.00 
19662.00 17822.00 
19681.00 17761.00 
19709.00 17672.00 
19737.00 17610.00 
19765.00 17516.00 
19781.00 17475.00 
19784.00 17436.00 
17425.00 20016.00 
17486.00 19999.00 
17521.00 19967.00 
17535.00 19945.00 
17664.00 19936.00 
17695.00 19894.00 
17790.00 19873.00 
17830.00 19826.00 
17843.00 19792.00 
17910.00 19773.00 
17950.00 19746.00 
18004.00 19727.00 
18045.00 19697.00 
18055.00 19669.00 
18128.00 19659.00 
18143.00 19633.00 
18198.00 19613.00 
18258.00 19607.00 
18357.00 19583.00 
18404.00 19544.00 
18461.00 19524.00 
18479.00 19471.00 
18489.00 19446.00 
18517.00 19421.00 
18545.00 19394.00 
18573.00 19369.00 
18619.00 19324.00 
18696.00 19289.00 
18750.00 19212.00 
18776.00 19165.00 
18835.00 19138.00 
18843.00 19093.00 
18909.00 19059.00 
18963.00 19004.00 
18978.00 18967.00 
19014.00 18952.00 
19026.00 18915.00 
19090.00 18879.00 
19114.00 18856.00 
19134.00 18808.00 
19158.00 18742.00 
19188.00 18696.00 
19204.00 18691.00 
19229.00 18664.00 
19249.00 18628.00 
19287.00 18621.00 
19301.00 18553.00 
19307.00 18502.00 
19335.00 18480.00 
19368.00 18476.00 
19401.00 18456.00 
19431.00 18437.00 
19445.00 18372.00 
19473.00 18341.00 
19495.00 18318.00 
19538.00 18266.00 
19543.00 18145.00 
19575.00 18071.00 
19597.00 18062.00 
19609.00 18044.00 
19653.00 17940.00 
19687.00 17882.00 
19730.00 17786.00 
19742.00 17776.00 
19783.00 17692.00 
19789.00 17647.00 
19820.00 17601.00 
19838.00 17463.00 
19852.00 17418.00 
17021.00 20211.00 
17047.00 20209.00 
17063.00 20204.00 
17120.00 20198.00 
17162.00 20191.00 
17279.00 20157.00 
17310.00 20133.00 
17381.00 20111.00 
17488.00 20092.00 
17536.00 20069.00 
17590.00 20055.00 
17627.00 20029.00 
17670.00 20008.00 
17713.00 19990.00 
17744.00 19955.00 
17779.00 19940.00 
17796.00 19910.00 
17880.00 19898.00 
17918.00 19872.00 
17922.00 19845.00 
17963.00 19823.00 
17969.00 19796.00 
17990.00 19766.00 
18032.00 19753.00 
18073.00 19729.00 
18100.00 19705.00 
18125.00 19675.00 
18174.00 19664.00 
18236.00 19653.00 
18242.00 19626.00 
18271.00 19610.00 
18310.00 19589.00 
18337.00 19569.00 
18365.00 19549.00 
18402.00 19535.00 
18437.00 19486.00 
18530.00 19461.00 
18532.00 19416.00 
18569.00 19401.00 
18684.00 19350.00 
18706.00 19268.00 
18730.00 19190.00 
18810.00 19188.00 
18823.00 19148.00 
18830.00 19105.00 
18856.00 19080.00 
18888.00 19070.00 
18951.00 19057.00 
18977.00 18966.00 
19004.00 18953.00 
19017.00 18908.00 
19050.00 18901.00 
19072.00 18878.00 
19100.00 18867.00 
19144.00 18809.00 
19164.00 18767.00 
19182.00 18727.00 
19198.00 18687.00 
19220.00 18649.00 
19243.00 18622.00 
19291.00 18584.00 
19311.00 18523.00 
19320.00 18454.00 
19352.00 18453.00 
19371.00 18354.00 
19392.00 18340.00 
19414.00 18298.00 
19449.00 18261.00 
19457.00 18152.00 
19476.00 18137.00 
19502.00 18018.00 
19510.00 17984.00 
19517.00 17918.00 
