8804.00 9498.00 
8858.00 9485.00 
8909.00 9465.00 
8929.00 9418.00 
8941.00 9399.00 
8962.00 9393.00 
9050.00 9324.00 
9057.00 9308.00 
9131.00 9245.00 
9174.00 9189.00 
9213.00 9135.00 
9296.00 9040.00 
9328.00 9024.00 
9353.00 8994.00 
9355.00 8971.00 
9381.00 8969.00 
9402.00 8900.00 
9411.00 8825.00 
8546.00 9750.00 
8601.00 9724.00 
8673.00 9686.00 
8680.00 9673.00 
8692.00 9664.00 
8738.00 9639.00 
8758.00 9601.00 
8829.00 9561.00 
8832.00 9554.00 
8872.00 9523.00 
8932.00 9452.00 
8952.00 9391.00 
9005.00 9378.00 
9025.00 9367.00 
9032.00 9283.00 
9229.00 9101.00 
9276.00 9069.00 
9319.00 9021.00 
9351.00 8979.00 
9367.00 8937.00 
9419.00 8884.00 
9425.00 8849.00 
9451.00 8828.00 
9481.00 8696.00 
8704.00 9580.00 
8715.00 9537.00 
8804.00 9516.00 
8879.00 9462.00 
8915.00 9447.00 
8923.00 9415.00 
9060.00 9257.00 
9159.00 9203.00 
9167.00 9119.00 
9180.00 9111.00 
9196.00 9090.00 
9258.00 9063.00 
9269.00 9042.00 
9300.00 9028.00 
9303.00 8979.00 
9310.00 8972.00 
9311.00 8965.00 
9319.00 8931.00 
8638.00 9644.00 
8721.00 9541.00 
8741.00 9522.00 
8839.00 9492.00 
8869.00 9432.00 
8896.00 9403.00 
8930.00 9343.00 
8974.00 9301.00 
9033.00 9291.00 
9043.00 9271.00 
9064.00 9237.00 
9112.00 9233.00 
9152.00 9106.00 
9185.00 9068.00 
9269.00 9019.00 
9275.00 8976.00 
9279.00 8931.00 
9289.00 8912.00 
8638.00 9579.00 
8702.00 9564.00 
8760.00 9555.00 
8825.00 9490.00 
8849.00 9484.00 
8960.00 9422.00 
8963.00 9421.00 
9015.00 9401.00 
9048.00 9353.00 
9069.00 9331.00 
9099.00 9299.00 
9109.00 9257.00 
9208.00 9236.00 
9271.00 9094.00 
9400.00 8958.00 
9419.00 8957.00 
9435.00 8909.00 
9440.00 8854.00 
9461.00 8834.00 
9479.00 8777.00 
9481.00 8720.00 
8627.00 9649.00 
8643.00 9603.00 
8652.00 9597.00 
8664.00 9577.00 
8730.00 9559.00 
8796.00 9511.00 
8853.00 9475.00 
8864.00 9470.00 
8993.00 9354.00 
9019.00 9328.00 
9200.00 9109.00 
9290.00 9086.00 
9318.00 9068.00 
9389.00 9037.00 
9414.00 8950.00 
8716.00 9569.00 
8732.00 9565.00 
8777.00 9543.00 
8818.00 9490.00 
8892.00 9391.00 
8909.00 9355.00 
9040.00 9306.00 
9084.00 9253.00 
9146.00 9231.00 
9187.00 9137.00 
9190.00 9100.00 
9261.00 9091.00 
9262.00 9081.00 
9268.00 9072.00 
9281.00 9023.00 
9338.00 8921.00 
9366.00 8915.00 
9368.00 8912.00 
9379.00 8856.00 
9383.00 8830.00 
9402.00 8819.00 
9438.00 8771.00 
9461.00 8740.00 
9465.00 8645.00 
8639.00 9624.00 
8789.00 9611.00 
8812.00 9591.00 
8817.00 9557.00 
8862.00 9554.00 
8865.00 9538.00 
8928.00 9496.00 
9006.00 9431.00 
9016.00 9401.00 
9040.00 9396.00 
9049.00 9386.00 
9102.00 9357.00 
9203.00 9189.00 
9270.00 9183.00 
9289.00 9170.00 
9353.00 9118.00 
9364.00 9071.00 
9376.00 9045.00 
9380.00 8979.00 
9383.00 8936.00 
8571.00 9633.00 
8620.00 9605.00 
8694.00 9604.00 
8698.00 9581.00 
8708.00 9572.00 
8899.00 9405.00 
8962.00 9380.00 
9120.00 9181.00 
9148.00 9175.00 
9250.00 9016.00 
9274.00 9009.00 
9349.00 8932.00 
9350.00 8917.00 
9382.00 8849.00 
9388.00 8840.00 
8734.00 9520.00 
8738.00 9490.00 
8752.00 9468.00 
8774.00 9448.00 
8917.00 9346.00 
9035.00 9202.00 
9129.00 9136.00 
9221.00 8968.00 
9286.00 8936.00 
9400.00 8758.00 
9418.00 8729.00 
9479.00 8675.00 
8891.00 9436.00 
8913.00 9432.00 
8936.00 9423.00 
8948.00 9396.00 
8980.00 9387.00 
9004.00 9380.00 
9066.00 9349.00 
9074.00 9331.00 
9096.00 9266.00 
9193.00 9211.00 
9197.00 9198.00 
9249.00 9148.00 
9344.00 9056.00 
9346.00 9038.00 
9402.00 8949.00 
9435.00 8892.00 
9458.00 8882.00 
9493.00 8847.00 
9509.00 8799.00 
9527.00 8792.00 
9540.00 8700.00 
8710.00 9675.00 
8747.00 9660.00 
8758.00 9645.00 
8787.00 9633.00 
8851.00 9526.00 
8931.00 9446.00 
9072.00 9353.00 
9135.00 9346.00 
9179.00 9253.00 
9225.00 9243.00 
9257.00 9209.00 
9270.00 9141.00 
9342.00 9064.00 
9353.00 9062.00 
9368.00 9018.00 
9390.00 9007.00 
9411.00 8959.00 
9442.00 8939.00 
8783.00 9553.00 
8911.00 9542.00 
8944.00 9527.00 
8979.00 9496.00 
8984.00 9477.00 
8989.00 9460.00 
9077.00 9407.00 
9102.00 9386.00 
9124.00 9353.00 
9182.00 9209.00 
9237.00 9167.00 
9285.00 9151.00 
9290.00 9121.00 
9303.00 9110.00 
9320.00 9062.00 
9371.00 9023.00 
9427.00 8903.00 
9433.00 8888.00 
9467.00 8870.00 
9472.00 8803.00 
8412.00 9703.00 
8450.00 9697.00 
8483.00 9696.00 
8679.00 9571.00 
8708.00 9552.00 
8752.00 9536.00 
8813.00 9521.00 
8814.00 9496.00 
8854.00 9440.00 
8866.00 9398.00 
9069.00 9245.00 
9104.00 9196.00 
9106.00 9184.00 
9126.00 9152.00 
9143.00 9145.00 
9167.00 9137.00 
9168.00 9131.00 
9189.00 9107.00 
8379.00 9698.00 
8516.00 9671.00 
8670.00 9657.00 
8711.00 9589.00 
8804.00 9564.00 
8842.00 9527.00 
8998.00 9404.00 
9020.00 9363.00 
9082.00 9278.00 
9127.00 9211.00 
9186.00 9167.00 
9289.00 8962.00 
9293.00 8961.00 
9303.00 8932.00 
9306.00 8850.00 
9395.00 8815.00 
9421.00 8797.00 
9427.00 8758.00 
8767.00 9605.00 
8797.00 9560.00 
8807.00 9559.00 
8894.00 9498.00 
8935.00 9469.00 
8987.00 9428.00 
9035.00 9374.00 
9051.00 9322.00 
9072.00 9282.00 
9137.00 9222.00 
9157.00 9190.00 
9210.00 9153.00 
9243.00 9111.00 
9300.00 9033.00 
9322.00 9031.00 
9338.00 9024.00 
9390.00 9021.00 
9416.00 8960.00 
9424.00 8943.00 
9427.00 8885.00 
9432.00 8853.00 
8534.00 9709.00 
8595.00 9699.00 
8614.00 9664.00 
8674.00 9661.00 
8866.00 9531.00 
8951.00 9419.00 
8965.00 9415.00 
9002.00 9363.00 
9022.00 9328.00 
9086.00 9306.00 
9133.00 9298.00 
9148.00 9271.00 
9173.00 9187.00 
8530.00 9717.00 
8578.00 9702.00 
8631.00 9659.00 
8651.00 9629.00 
8663.00 9604.00 
8910.00 9522.00 
8926.00 9384.00 
9111.00 9279.00 
9112.00 9261.00 
9160.00 9252.00 
9164.00 9209.00 
9210.00 9135.00 
9236.00 9040.00 
9284.00 9029.00 
9306.00 9005.00 
9365.00 8890.00 
9409.00 8878.00 
9435.00 8772.00 
9442.00 8764.00 
9443.00 8761.00 
9475.00 8716.00 
9477.00 8594.00 
8622.00 9604.00 
8654.00 9589.00 
8668.00 9570.00 
8730.00 9552.00 
8757.00 9540.00 
8837.00 9491.00 
8847.00 9485.00 
8874.00 9444.00 
9020.00 9398.00 
9026.00 9291.00 
9037.00 9277.00 
9085.00 9209.00 
9182.00 9093.00 
9208.00 9058.00 
9287.00 9003.00 
8711.00 9591.00 
8726.00 9578.00 
8775.00 9536.00 
8820.00 9508.00 
8843.00 9482.00 
8864.00 9438.00 
8950.00 9385.00 
8988.00 9318.00 
9137.00 9123.00 
9202.00 9089.00 
9338.00 8934.00 
9381.00 8905.00 
9388.00 8841.00 
9390.00 8767.00 
