26028.00 29186.00 
26086.00 29179.00 
26229.00 29039.00 
26300.00 28986.00 
26425.00 28939.00 
26558.00 28925.00 
26579.00 28895.00 
26660.00 28834.00 
26719.00 28816.00 
26729.00 28802.00 
26790.00 28728.00 
26811.00 28687.00 
26888.00 28663.00 
26970.00 28627.00 
26973.00 28574.00 
27066.00 28490.00 
27206.00 28397.00 
27220.00 28365.00 
27336.00 28293.00 
27454.00 28163.00 
27507.00 28089.00 
27559.00 28013.00 
27674.00 27978.00 
27732.00 27959.00 
27769.00 27858.00 
27797.00 27832.00 
27892.00 27706.00 
27951.00 27644.00 
28051.00 27519.00 
28061.00 27464.00 
28094.00 27443.00 
28120.00 27376.00 
28139.00 27322.00 
28180.00 27292.00 
28212.00 27279.00 
28270.00 27248.00 
28304.00 27214.00 
28331.00 27151.00 
28346.00 27086.00 
28383.00 27062.00 
28421.00 27013.00 
28466.00 26997.00 
28485.00 26941.00 
28576.00 26928.00 
28590.00 26823.00 
28632.00 26786.00 
28634.00 26672.00 
28670.00 26658.00 
28696.00 26576.00 
28720.00 26468.00 
28762.00 26435.00 
28796.00 26368.00 
28831.00 26356.00 
28869.00 26280.00 
28928.00 26079.00 
28946.00 25971.00 
28977.00 25877.00 
29005.00 25776.00 
29037.00 25694.00 
29083.00 25556.00 
29108.00 25476.00 
29139.00 25333.00 
29177.00 25325.00 
25774.00 29335.00 
25800.00 29293.00 
25807.00 29288.00 
25827.00 29285.00 
25867.00 29274.00 
25925.00 29258.00 
25993.00 29217.00 
26039.00 29165.00 
26095.00 29152.00 
26178.00 29103.00 
26270.00 29069.00 
26316.00 29037.00 
26327.00 28996.00 
26413.00 28968.00 
26531.00 28934.00 
26601.00 28905.00 
26657.00 28860.00 
26706.00 28798.00 
26752.00 28762.00 
26838.00 28751.00 
26855.00 28692.00 
26935.00 28684.00 
26990.00 28608.00 
27000.00 28558.00 
27102.00 28550.00 
27115.00 28489.00 
27170.00 28465.00 
27177.00 28431.00 
27232.00 28390.00 
27291.00 28370.00 
27299.00 28332.00 
27335.00 28293.00 
27415.00 28271.00 
27467.00 28251.00 
27511.00 28159.00 
27560.00 28145.00 
27585.00 28104.00 
27634.00 28102.00 
27658.00 28036.00 
27689.00 28006.00 
27753.00 27984.00 
27767.00 27933.00 
27820.00 27924.00 
27864.00 27898.00 
27882.00 27823.00 
27890.00 27787.00 
27954.00 27699.00 
27970.00 27641.00 
28032.00 27639.00 
28081.00 27631.00 
28108.00 27571.00 
28129.00 27515.00 
28154.00 27477.00 
28237.00 27425.00 
28269.00 27386.00 
28289.00 27308.00 
28318.00 27282.00 
28361.00 27233.00 
28388.00 27215.00 
28413.00 27154.00 
28440.00 27085.00 
28488.00 27066.00 
28558.00 27002.00 
28584.00 26938.00 
28615.00 26890.00 
28643.00 26833.00 
28669.00 26831.00 
28707.00 26711.00 
28727.00 26678.00 
28759.00 26589.00 
28790.00 26512.00 
28880.00 26436.00 
28887.00 26272.00 
28919.00 26220.00 
28958.00 26142.00 
28996.00 26080.00 
29025.00 26005.00 
29062.00 25977.00 
29096.00 25868.00 
29169.00 25784.00 
29221.00 25658.00 
29259.00 25519.00 
29288.00 25428.00 
29351.00 25301.00 
25451.00 29141.00 
25525.00 29131.00 
25588.00 29127.00 
25698.00 29103.00 
25761.00 29080.00 
25824.00 29076.00 
25951.00 29033.00 
25997.00 28993.00 
26158.00 28969.00 
26298.00 28914.00 
26325.00 28872.00 
26466.00 28847.00 
26468.00 28802.00 
26581.00 28745.00 
26622.00 28716.00 
26690.00 28693.00 
26809.00 28633.00 
26850.00 28579.00 
26958.00 28480.00 
27061.00 28434.00 
27086.00 28376.00 
27187.00 28326.00 
27259.00 28278.00 
27322.00 28264.00 
27345.00 28229.00 
27377.00 28158.00 
27423.00 28092.00 
27447.00 27973.00 
27591.00 27954.00 
27670.00 27844.00 
27694.00 27782.00 
27782.00 27697.00 
27822.00 27630.00 
27863.00 27616.00 
27903.00 27578.00 
27940.00 27543.00 
27961.00 27504.00 
28033.00 27450.00 
28082.00 27402.00 
28121.00 27396.00 
28208.00 27326.00 
28264.00 27249.00 
28289.00 27107.00 
28314.00 27082.00 
28375.00 27064.00 
28404.00 27056.00 
28458.00 27000.00 
28524.00 26948.00 
28566.00 26819.00 
28626.00 26781.00 
28664.00 26718.00 
28703.00 26626.00 
28718.00 26562.00 
28765.00 26508.00 
28783.00 26481.00 
28833.00 26421.00 
28858.00 26393.00 
28902.00 26314.00 
28923.00 26189.00 
28998.00 26148.00 
29017.00 26133.00 
29067.00 26010.00 
29140.00 25856.00 
29190.00 25802.00 
29212.00 25704.00 
29220.00 25666.00 
29228.00 25651.00 
26061.00 29098.00 
26180.00 29077.00 
26246.00 29022.00 
26368.00 28993.00 
26371.00 28914.00 
26459.00 28880.00 
26514.00 28849.00 
26554.00 28806.00 
26586.00 28792.00 
26737.00 28773.00 
26743.00 28737.00 
26847.00 28709.00 
26919.00 28584.00 
26974.00 28569.00 
27007.00 28529.00 
27065.00 28509.00 
27176.00 28441.00 
27218.00 28399.00 
27299.00 28362.00 
27313.00 28316.00 
27352.00 28296.00 
27390.00 28275.00 
27448.00 28209.00 
27506.00 28191.00 
27534.00 28097.00 
27580.00 28076.00 
27592.00 28002.00 
27645.00 27994.00 
27662.00 27948.00 
27732.00 27943.00 
27814.00 27902.00 
27852.00 27795.00 
27884.00 27774.00 
27910.00 27671.00 
27955.00 27647.00 
28056.00 27546.00 
28102.00 27507.00 
28126.00 27475.00 
28129.00 27399.00 
28188.00 27384.00 
28260.00 27347.00 
28285.00 27270.00 
28312.00 27235.00 
28346.00 27211.00 
28390.00 27195.00 
28398.00 27135.00 
28419.00 27087.00 
28477.00 27051.00 
28498.00 26999.00 
28516.00 26910.00 
28553.00 26895.00 
28598.00 26869.00 
28615.00 26823.00 
28646.00 26790.00 
28689.00 26758.00 
28707.00 26665.00 
28751.00 26603.00 
28832.00 26577.00 
28859.00 26516.00 
28885.00 26416.00 
28899.00 26353.00 
28989.00 26270.00 
29003.00 26161.00 
29038.00 26097.00 
29064.00 25960.00 
29109.00 25885.00 
29121.00 25784.00 
29168.00 25741.00 
29204.00 25679.00 
29230.00 25600.00 
29241.00 25566.00 
29274.00 25440.00 
29276.00 25431.00 
29277.00 25414.00 
29289.00 25381.00 
25895.00 29181.00 
25925.00 29176.00 
25926.00 29163.00 
25993.00 29148.00 
26176.00 29100.00 
26265.00 29054.00 
26307.00 29029.00 
26390.00 28980.00 
26418.00 28959.00 
26511.00 28927.00 
26517.00 28897.00 
26581.00 28864.00 
26630.00 28837.00 
26711.00 28801.00 
26736.00 28732.00 
26837.00 28706.00 
26843.00 28670.00 
26902.00 28637.00 
26946.00 28622.00 
27028.00 28556.00 
27073.00 28528.00 
27081.00 28484.00 
27162.00 28481.00 
27184.00 28435.00 
27187.00 28402.00 
27223.00 28366.00 
27281.00 28355.00 
27307.00 28315.00 
27378.00 28297.00 
27424.00 28226.00 
27439.00 28179.00 
27481.00 28163.00 
27508.00 28129.00 
27528.00 28081.00 
27551.00 28039.00 
27604.00 28018.00 
27618.00 27982.00 
27650.00 27953.00 
27685.00 27924.00 
27716.00 27886.00 
27748.00 27849.00 
27813.00 27790.00 
27849.00 27767.00 
27869.00 27704.00 
27888.00 27662.00 
27975.00 27626.00 
27983.00 27562.00 
28012.00 27537.00 
28110.00 27503.00 
28117.00 27446.00 
28162.00 27405.00 
28166.00 27332.00 
28261.00 27313.00 
28264.00 27232.00 
28291.00 27183.00 
28322.00 27143.00 
28356.00 27111.00 
28380.00 27060.00 
28417.00 27036.00 
28444.00 26997.00 
28490.00 26991.00 
28520.00 26920.00 
28544.00 26866.00 
28589.00 26850.00 
28600.00 26788.00 
28641.00 26749.00 
28668.00 26709.00 
28698.00 26668.00 
28732.00 26596.00 
28748.00 26495.00 
28786.00 26446.00 
28809.00 26362.00 
28857.00 26361.00 
28880.00 26335.00 
28900.00 26192.00 
28949.00 26172.00 
28981.00 26067.00 
29005.00 26003.00 
29042.00 25920.00 
29079.00 25845.00 
29121.00 25804.00 
29139.00 25707.00 
29168.00 25657.00 
25754.00 29144.00 
25835.00 29131.00 
25872.00 29130.00 
25915.00 29094.00 
25984.00 29040.00 
26116.00 28960.00 
26177.00 28936.00 
26265.00 28895.00 
26327.00 28879.00 
26396.00 28837.00 
26457.00 28763.00 
26539.00 28727.00 
26577.00 28695.00 
26673.00 28664.00 
26723.00 28647.00 
26756.00 28604.00 
26806.00 28566.00 
26857.00 28538.00 
26915.00 28505.00 
26956.00 28469.00 
27036.00 28444.00 
27085.00 28368.00 
27107.00 28327.00 
27260.00 28295.00 
27274.00 28239.00 
27285.00 28190.00 
27343.00 28183.00 
27385.00 28148.00 
27414.00 28108.00 
27456.00 28081.00 
27518.00 28051.00 
27556.00 28020.00 
27627.00 28001.00 
27645.00 27903.00 
27692.00 27875.00 
27701.00 27823.00 
27785.00 27810.00 
27794.00 27773.00 
27836.00 27746.00 
27860.00 27691.00 
27946.00 27652.00 
27968.00 27592.00 
28001.00 27543.00 
28017.00 27494.00 
28025.00 27432.00 
28125.00 27400.00 
28165.00 27383.00 
28195.00 27307.00 
28256.00 27271.00 
28287.00 27190.00 
28307.00 27111.00 
28340.00 27082.00 
28397.00 27068.00 
28410.00 26987.00 
28444.00 26969.00 
28468.00 26868.00 
28498.00 26829.00 
28538.00 26786.00 
28585.00 26776.00 
28621.00 26746.00 
28706.00 26676.00 
28725.00 26588.00 
28766.00 26561.00 
28790.00 26472.00 
28827.00 26442.00 
28864.00 26387.00 
28886.00 26291.00 
28930.00 26261.00 
28964.00 26211.00 
28993.00 26100.00 
29034.00 26069.00 
29077.00 26002.00 
29106.00 25936.00 
29170.00 25849.00 
29224.00 25740.00 
29263.00 25677.00 
29298.00 25531.00 
29312.00 25526.00 
25890.00 29071.00 
26052.00 29035.00 
26124.00 29002.00 
26176.00 28967.00 
26232.00 28931.00 
26311.00 28900.00 
26450.00 28841.00 
26498.00 28775.00 
26652.00 28726.00 
26719.00 28682.00 
26774.00 28615.00 
26793.00 28579.00 
26869.00 28555.00 
26906.00 28530.00 
26913.00 28513.00 
27013.00 28473.00 
27038.00 28440.00 
27108.00 28417.00 
27155.00 28391.00 
27291.00 28314.00 
27341.00 28290.00 
27364.00 28248.00 
27429.00 28182.00 
27476.00 28156.00 
27502.00 28122.00 
27586.00 28081.00 
27595.00 28043.00 
27613.00 27987.00 
27690.00 27940.00 
27709.00 27899.00 
27773.00 27881.00 
27823.00 27812.00 
27869.00 27741.00 
27893.00 27710.00 
27927.00 27666.00 
27980.00 27652.00 
28025.00 27583.00 
28073.00 27548.00 
28161.00 27460.00 
28244.00 27440.00 
28256.00 27290.00 
28264.00 27253.00 
28325.00 27222.00 
28347.00 27182.00 
28387.00 27154.00 
28449.00 27143.00 
28482.00 27080.00 
28542.00 27017.00 
28621.00 26876.00 
28668.00 26829.00 
28676.00 26776.00 
28718.00 26716.00 
28751.00 26699.00 
28762.00 26588.00 
28830.00 26526.00 
28862.00 26480.00 
28896.00 26451.00 
28923.00 26361.00 
28965.00 26268.00 
28973.00 26213.00 
29016.00 26152.00 
29064.00 26149.00 
29075.00 26011.00 
29140.00 25972.00 
29173.00 25851.00 
29200.00 25799.00 
29207.00 25752.00 
29225.00 25693.00 
29263.00 25536.00 
26036.00 29085.00 
26113.00 29071.00 
26129.00 29023.00 
26146.00 28982.00 
26264.00 28951.00 
26371.00 28934.00 
26406.00 28891.00 
26448.00 28870.00 
26603.00 28826.00 
26613.00 28765.00 
26717.00 28749.00 
26718.00 28708.00 
26748.00 28679.00 
26840.00 28669.00 
26845.00 28618.00 
26936.00 28612.00 
26947.00 28587.00 
26976.00 28534.00 
27018.00 28501.00 
27089.00 28473.00 
27095.00 28460.00 
27158.00 28407.00 
27220.00 28406.00 
27269.00 28354.00 
27286.00 28309.00 
27330.00 28250.00 
27402.00 28197.00 
27415.00 28166.00 
27435.00 28146.00 
27543.00 28091.00 
27581.00 28018.00 
27632.00 27995.00 
27743.00 27915.00 
27763.00 27825.00 
27868.00 27812.00 
27941.00 27676.00 
27989.00 27648.00 
28011.00 27632.00 
28035.00 27590.00 
28114.00 27518.00 
28137.00 27493.00 
28185.00 27404.00 
28206.00 27364.00 
28265.00 27306.00 
28344.00 27237.00 
28383.00 27142.00 
28416.00 27068.00 
28480.00 27017.00 
28499.00 26977.00 
28549.00 26918.00 
28566.00 26895.00 
28583.00 26809.00 
28625.00 26776.00 
28636.00 26694.00 
28670.00 26659.00 
28712.00 26628.00 
28744.00 26558.00 
28767.00 26509.00 
28790.00 26475.00 
28828.00 26311.00 
28872.00 26309.00 
28896.00 26260.00 
28944.00 26245.00 
28989.00 26033.00 
29031.00 25923.00 
29073.00 25845.00 
29105.00 25775.00 
29140.00 25755.00 
29145.00 25702.00 
29164.00 25699.00 
25755.00 29144.00 
25828.00 29109.00 
25966.00 29085.00 
26159.00 29056.00 
26204.00 29026.00 
26269.00 28993.00 
26323.00 28965.00 
26432.00 28947.00 
26493.00 28911.00 
26549.00 28871.00 
26617.00 28859.00 
26669.00 28833.00 
26703.00 28796.00 
26790.00 28774.00 
26823.00 28748.00 
26858.00 28711.00 
26914.00 28683.00 
26942.00 28653.00 
26977.00 28616.00 
27021.00 28597.00 
27036.00 28554.00 
27090.00 28529.00 
27125.00 28497.00 
27143.00 28465.00 
27179.00 28430.00 
27241.00 28410.00 
27292.00 28338.00 
27305.00 28304.00 
27358.00 28281.00 
27402.00 28249.00 
27405.00 28215.00 
27456.00 28187.00 
27470.00 28141.00 
27528.00 28120.00 
27545.00 28085.00 
27595.00 28065.00 
27607.00 28012.00 
27656.00 28001.00 
27701.00 27980.00 
27707.00 27927.00 
27744.00 27899.00 
27771.00 27864.00 
27830.00 27853.00 
27866.00 27826.00 
27884.00 27773.00 
27909.00 27748.00 
27934.00 27713.00 
27970.00 27683.00 
28000.00 27648.00 
28015.00 27587.00 
28049.00 27555.00 
28082.00 27517.00 
28097.00 27468.00 
28123.00 27421.00 
28144.00 27362.00 
28170.00 27324.00 
28191.00 27266.00 
28233.00 27253.00 
28258.00 27183.00 
28272.00 27121.00 
28317.00 27099.00 
28345.00 27050.00 
28365.00 26978.00 
28391.00 26935.00 
28427.00 26924.00 
28463.00 26846.00 
28492.00 26814.00 
28520.00 26760.00 
28573.00 26748.00 
28596.00 26691.00 
28617.00 26597.00 
28651.00 26574.00 
28681.00 26487.00 
28711.00 26426.00 
28753.00 26394.00 
28795.00 26378.00 
28828.00 26306.00 
28856.00 26242.00 
28883.00 26172.00 
28923.00 26081.00 
28947.00 26070.00 
29012.00 25926.00 
29064.00 25784.00 
29087.00 25627.00 
29103.00 25597.00 
25697.00 29290.00 
25793.00 29269.00 
25888.00 29234.00 
25933.00 29201.00 
25970.00 29166.00 
26120.00 29139.00 
26175.00 29100.00 
26320.00 29062.00 
26391.00 29002.00 
26461.00 28973.00 
26521.00 28940.00 
26589.00 28908.00 
26677.00 28840.00 
26738.00 28745.00 
26741.00 28712.00 
26771.00 28670.00 
26851.00 28652.00 
26894.00 28606.00 
26930.00 28580.00 
26955.00 28536.00 
27035.00 28521.00 
27092.00 28484.00 
27133.00 28437.00 
27137.00 28401.00 
27162.00 28363.00 
27225.00 28339.00 
27252.00 28304.00 
27294.00 28264.00 
27360.00 28237.00 
27384.00 28208.00 
27424.00 28162.00 
27465.00 28141.00 
27509.00 28089.00 
27535.00 28062.00 
27619.00 27997.00 
27708.00 27941.00 
27717.00 27877.00 
27790.00 27867.00 
27829.00 27784.00 
27866.00 27748.00 
27909.00 27720.00 
27939.00 27673.00 
27959.00 27630.00 
28010.00 27599.00 
28034.00 27557.00 
28064.00 27507.00 
28125.00 27499.00 
28184.00 27421.00 
28209.00 27383.00 
28255.00 27359.00 
28281.00 27301.00 
28331.00 27286.00 
28361.00 27226.00 
28391.00 27161.00 
28409.00 27113.00 
28445.00 27095.00 
28490.00 27052.00 
28510.00 26995.00 
28537.00 26941.00 
28569.00 26862.00 
28617.00 26857.00 
28634.00 26774.00 
28670.00 26741.00 
28697.00 26690.00 
28738.00 26600.00 
28770.00 26530.00 
28791.00 26451.00 
28826.00 26401.00 
28866.00 26371.00 
28892.00 26322.00 
28930.00 26203.00 
28972.00 26166.00 
29002.00 26061.00 
29050.00 25999.00 
29077.00 25937.00 
29105.00 25897.00 
29141.00 25755.00 
29215.00 25679.00 
29221.00 25531.00 
29231.00 25528.00 
29247.00 25463.00 
29253.00 25392.00 
25364.00 29398.00 
25423.00 29380.00 
25454.00 29345.00 
25633.00 29308.00 
25940.00 29213.00 
25958.00 29171.00 
26074.00 29132.00 
26081.00 29110.00 
26132.00 29074.00 
26173.00 29023.00 
26266.00 29001.00 
26325.00 28942.00 
26367.00 28888.00 
26439.00 28856.00 
26517.00 28816.00 
26558.00 28798.00 
26655.00 28769.00 
26670.00 28740.00 
26726.00 28703.00 
26746.00 28682.00 
26787.00 28640.00 
26837.00 28592.00 
26866.00 28563.00 
26908.00 28540.00 
27021.00 28488.00 
27096.00 28431.00 
27136.00 28387.00 
27200.00 28351.00 
27241.00 28340.00 
27343.00 28284.00 
27400.00 28257.00 
27447.00 28185.00 
27460.00 28147.00 
27465.00 28077.00 
27540.00 28073.00 
27620.00 28018.00 
27652.00 27984.00 
27704.00 27977.00 
27708.00 27899.00 
27794.00 27861.00 
27831.00 27840.00 
27888.00 27742.00 
27907.00 27693.00 
27949.00 27656.00 
27984.00 27633.00 
28025.00 27599.00 
28039.00 27554.00 
28067.00 27500.00 
28166.00 27492.00 
28170.00 27384.00 
28213.00 27380.00 
28236.00 27292.00 
28274.00 27281.00 
28311.00 27265.00 
28373.00 27207.00 
28444.00 27098.00 
28464.00 27086.00 
28477.00 26957.00 
28521.00 26925.00 
28542.00 26854.00 
28589.00 26822.00 
28631.00 26759.00 
28685.00 26685.00 
28689.00 26478.00 
28724.00 26439.00 
28822.00 26397.00 
28905.00 26163.00 
28946.00 26020.00 
28972.00 25925.00 
29018.00 25883.00 
29056.00 25758.00 
29099.00 25718.00 
29141.00 25619.00 
25658.00 29250.00 
25749.00 29236.00 
25755.00 29233.00 
25847.00 29198.00 
25869.00 29159.00 
26030.00 29113.00 
26047.00 29091.00 
26144.00 29062.00 
26213.00 29030.00 
26263.00 28983.00 
26365.00 28960.00 
26437.00 28931.00 
26512.00 28883.00 
26521.00 28858.00 
26548.00 28826.00 
26635.00 28794.00 
26674.00 28764.00 
26718.00 28730.00 
26818.00 28720.00 
26877.00 28645.00 
26983.00 28569.00 
27003.00 28544.00 
27047.00 28507.00 
27138.00 28489.00 
27195.00 28417.00 
27267.00 28415.00 
27308.00 28389.00 
27342.00 28293.00 
27375.00 28264.00 
27413.00 28174.00 
27473.00 28157.00 
27506.00 28127.00 
27523.00 28078.00 
27568.00 28047.00 
27600.00 28019.00 
27645.00 27985.00 
27682.00 27958.00 
27743.00 27938.00 
27795.00 27857.00 
27819.00 27814.00 
27853.00 27785.00 
27889.00 27782.00 
27918.00 27736.00 
27952.00 27686.00 
27992.00 27661.00 
28016.00 27627.00 
28045.00 27572.00 
28073.00 27520.00 
28119.00 27487.00 
28139.00 27455.00 
28165.00 27393.00 
28190.00 27376.00 
28247.00 27335.00 
28270.00 27199.00 
28301.00 27171.00 
28331.00 27116.00 
28392.00 27100.00 
28408.00 27045.00 
28454.00 27032.00 
28482.00 26977.00 
28508.00 26913.00 
28527.00 26853.00 
28572.00 26820.00 
28600.00 26747.00 
28636.00 26742.00 
28662.00 26622.00 
28701.00 26591.00 
28735.00 26557.00 
28784.00 26556.00 
28821.00 26496.00 
28830.00 26427.00 
28877.00 26414.00 
28911.00 26330.00 
28947.00 26306.00 
28963.00 26195.00 
29013.00 26142.00 
29039.00 26065.00 
29079.00 25962.00 
29127.00 25892.00 
29168.00 25819.00 
29184.00 25793.00 
29204.00 25735.00 
25754.00 29230.00 
25803.00 29208.00 
25847.00 29178.00 
25876.00 29139.00 
25952.00 29095.00 
26084.00 29065.00 
26132.00 29038.00 
26187.00 28997.00 
26220.00 28969.00 
26376.00 28931.00 
26401.00 28850.00 
26491.00 28809.00 
26551.00 28801.00 
26676.00 28750.00 
26703.00 28728.00 
26723.00 28710.00 
26761.00 28670.00 
26802.00 28631.00 
26891.00 28627.00 
26907.00 28577.00 
26929.00 28539.00 
26972.00 28507.00 
27072.00 28498.00 
27120.00 28423.00 
27133.00 28366.00 
27255.00 28334.00 
27291.00 28272.00 
27352.00 28150.00 
27408.00 28117.00 
27446.00 28113.00 
27512.00 28074.00 
27560.00 27988.00 
27588.00 27887.00 
27710.00 27843.00 
27757.00 27779.00 
27780.00 27769.00 
27807.00 27721.00 
27847.00 27675.00 
27906.00 27649.00 
27929.00 27630.00 
27954.00 27543.00 
27993.00 27518.00 
28031.00 27456.00 
28087.00 27422.00 
28107.00 27410.00 
28132.00 27313.00 
28154.00 27270.00 
28213.00 27259.00 
28223.00 27177.00 
28255.00 27170.00 
28305.00 27125.00 
28315.00 27057.00 
28350.00 27031.00 
28408.00 26979.00 
28447.00 26948.00 
28484.00 26829.00 
28540.00 26817.00 
28609.00 26717.00 
28632.00 26667.00 
28661.00 26632.00 
28725.00 26547.00 
28783.00 26424.00 
28784.00 26333.00 
28830.00 26327.00 
28868.00 26313.00 
28902.00 26244.00 
28928.00 26179.00 
28944.00 26101.00 
29002.00 26015.00 
29066.00 25865.00 
29101.00 25839.00 
29148.00 25810.00 
29187.00 25681.00 
29233.00 25656.00 
29258.00 25593.00 
25727.00 29279.00 
25794.00 29269.00 
25819.00 29243.00 
25932.00 29209.00 
25993.00 29173.00 
26063.00 29146.00 
26125.00 29115.00 
26144.00 29073.00 
26194.00 29037.00 
26313.00 29024.00 
26357.00 28975.00 
26433.00 28955.00 
26515.00 28920.00 
26540.00 28892.00 
26577.00 28848.00 
26639.00 28818.00 
26704.00 28785.00 
26748.00 28760.00 
26809.00 28687.00 
26828.00 28652.00 
26910.00 28628.00 
26975.00 28561.00 
27040.00 28540.00 
27051.00 28498.00 
27104.00 28471.00 
27135.00 28440.00 
27191.00 28413.00 
27229.00 28384.00 
27301.00 28317.00 
27339.00 28288.00 
27371.00 28248.00 
27390.00 28209.00 
27447.00 28202.00 
27461.00 28142.00 
27536.00 28132.00 
27549.00 28080.00 
27582.00 28062.00 
27629.00 28036.00 
27680.00 27956.00 
27716.00 27930.00 
27759.00 27903.00 
27789.00 27860.00 
27816.00 27834.00 
27857.00 27796.00 
27912.00 27790.00 
27924.00 27734.00 
28026.00 27630.00 
28039.00 27562.00 
28107.00 27490.00 
28128.00 27469.00 
28165.00 27421.00 
28188.00 27366.00 
28207.00 27293.00 
28290.00 27270.00 
28322.00 27208.00 
28404.00 27169.00 
28420.00 27089.00 
28462.00 27082.00 
28510.00 27057.00 
28562.00 26999.00 
28622.00 26898.00 
28672.00 26831.00 
28688.00 26776.00 
28718.00 26758.00 
28742.00 26687.00 
28817.00 26600.00 
28847.00 26567.00 
28870.00 26412.00 
28903.00 26378.00 
28942.00 26307.00 
28992.00 26181.00 
29037.00 26023.00 
29085.00 25969.00 
29105.00 25902.00 
29113.00 25882.00 
29115.00 25845.00 
29140.00 25793.00 
26019.00 29135.00 
26110.00 29098.00 
26127.00 29074.00 
26224.00 29023.00 
26256.00 28999.00 
26329.00 28963.00 
26402.00 28949.00 
26417.00 28906.00 
26530.00 28864.00 
26624.00 28844.00 
26703.00 28815.00 
26716.00 28773.00 
26757.00 28702.00 
26825.00 28674.00 
26954.00 28642.00 
27001.00 28550.00 
27056.00 28506.00 
27100.00 28495.00 
27155.00 28409.00 
27208.00 28392.00 
27216.00 28353.00 
27235.00 28312.00 
27394.00 28280.00 
27452.00 28212.00 
27506.00 28146.00 
27539.00 28091.00 
27560.00 28077.00 
27614.00 28064.00 
27620.00 27989.00 
27697.00 27984.00 
27702.00 27947.00 
27771.00 27927.00 
27843.00 27821.00 
27862.00 27767.00 
27908.00 27751.00 
27952.00 27731.00 
27975.00 27697.00 
28019.00 27648.00 
28035.00 27528.00 
28121.00 27510.00 
28253.00 27434.00 
28270.00 27297.00 
28280.00 27262.00 
28343.00 27233.00 
28381.00 27102.00 
28419.00 27083.00 
28453.00 27059.00 
28536.00 26989.00 
28588.00 26866.00 
28667.00 26847.00 
28671.00 26720.00 
28699.00 26675.00 
28747.00 26617.00 
28749.00 26530.00 
28795.00 26525.00 
28823.00 26500.00 
28874.00 26451.00 
28883.00 26333.00 
28964.00 26239.00 
28986.00 26185.00 
29040.00 26145.00 
29101.00 26031.00 
29124.00 25958.00 
29157.00 25889.00 
29218.00 25796.00 
29234.00 25707.00 
29240.00 25603.00 
25528.00 29316.00 
25531.00 29308.00 
25685.00 29279.00 
25746.00 29212.00 
25828.00 29164.00 
25929.00 29128.00 
25979.00 29094.00 
26078.00 29060.00 
26196.00 28995.00 
26255.00 28965.00 
26329.00 28918.00 
26344.00 28882.00 
26376.00 28840.00 
26486.00 28800.00 
26509.00 28767.00 
26604.00 28747.00 
26626.00 28696.00 
26670.00 28681.00 
26696.00 28634.00 
26822.00 28613.00 
26850.00 28527.00 
26964.00 28511.00 
26972.00 28470.00 
27001.00 28432.00 
27061.00 28404.00 
27091.00 28367.00 
27164.00 28342.00 
27210.00 28301.00 
27276.00 28294.00 
27304.00 28254.00 
27330.00 28199.00 
27376.00 28187.00 
27409.00 28143.00 
27426.00 28090.00 
27512.00 28088.00 
27552.00 27991.00 
27606.00 27980.00 
27641.00 27948.00 
27661.00 27884.00 
27708.00 27845.00 
27830.00 27830.00 
27833.00 27775.00 
27927.00 27714.00 
27939.00 27658.00 
27970.00 27618.00 
28035.00 27608.00 
28065.00 27564.00 
28077.00 27523.00 
28121.00 27473.00 
28146.00 27423.00 
28166.00 27369.00 
28209.00 27335.00 
28256.00 27326.00 
28276.00 27271.00 
28321.00 27250.00 
28337.00 27174.00 
28441.00 27163.00 
28463.00 27079.00 
28519.00 27025.00 
28532.00 26897.00 
28546.00 26825.00 
28587.00 26760.00 
28619.00 26731.00 
28656.00 26639.00 
28672.00 26570.00 
28717.00 26500.00 
28753.00 26496.00 
28801.00 26389.00 
28839.00 26373.00 
28864.00 26263.00 
28898.00 26216.00 
28927.00 26119.00 
28969.00 26076.00 
29013.00 26040.00 
29082.00 25927.00 
29100.00 25889.00 
29160.00 25677.00 
29192.00 25617.00 
29238.00 25569.00 
29287.00 25447.00 
25907.00 29164.00 
25957.00 29133.00 
26001.00 29130.00 
26060.00 29050.00 
26305.00 28974.00 
26374.00 28953.00 
26595.00 28832.00 
26655.00 28811.00 
26756.00 28732.00 
26773.00 28704.00 
26920.00 28610.00 
26972.00 28586.00 
27095.00 28504.00 
27201.00 28393.00 
27253.00 28316.00 
27329.00 28258.00 
27358.00 28228.00 
27468.00 28206.00 
27500.00 28147.00 
27510.00 28110.00 
27603.00 28078.00 
27611.00 27981.00 
27632.00 27927.00 
27644.00 27912.00 
27736.00 27910.00 
27772.00 27909.00 
27802.00 27855.00 
27815.00 27814.00 
27922.00 27762.00 
27939.00 27686.00 
27969.00 27672.00 
27975.00 27610.00 
28025.00 27540.00 
28086.00 27510.00 
28107.00 27418.00 
28137.00 27414.00 
28149.00 27331.00 
28201.00 27311.00 
28247.00 27290.00 
28262.00 27238.00 
28311.00 27214.00 
28374.00 27175.00 
28461.00 27047.00 
28487.00 26968.00 
28571.00 26893.00 
28574.00 26767.00 
28598.00 26675.00 
28698.00 26601.00 
28728.00 26522.00 
28777.00 26388.00 
28809.00 26339.00 
28841.00 26292.00 
28866.00 26183.00 
28915.00 26050.00 
28960.00 26038.00 
28987.00 25920.00 
29024.00 25856.00 
29065.00 25789.00 
29144.00 25559.00 
29165.00 25446.00 
26095.00 29143.00 
26112.00 29124.00 
26230.00 29074.00 
26275.00 29049.00 
26318.00 29012.00 
26351.00 28987.00 
26391.00 28961.00 
26441.00 28918.00 
26482.00 28892.00 
26494.00 28851.00 
26554.00 28819.00 
26633.00 28793.00 
26710.00 28765.00 
26739.00 28734.00 
26794.00 28707.00 
26813.00 28630.00 
26856.00 28605.00 
26919.00 28585.00 
26962.00 28557.00 
27012.00 28542.00 
27022.00 28483.00 
27063.00 28457.00 
27106.00 28425.00 
27119.00 28381.00 
27175.00 28367.00 
27176.00 28315.00 
27238.00 28293.00 
27285.00 28277.00 
27329.00 28235.00 
27356.00 28215.00 
27362.00 28165.00 
27391.00 28133.00 
27477.00 28124.00 
27568.00 28048.00 
27592.00 27993.00 
27633.00 27970.00 
27666.00 27937.00 
27686.00 27911.00 
27693.00 27850.00 
27751.00 27830.00 
27759.00 27786.00 
27798.00 27756.00 
27854.00 27735.00 
27896.00 27734.00 
27905.00 27663.00 
27938.00 27643.00 
27968.00 27607.00 
28005.00 27591.00 
28038.00 27554.00 
28114.00 27509.00 
28123.00 27442.00 
28160.00 27414.00 
28192.00 27384.00 
28226.00 27356.00 
28247.00 27311.00 
28289.00 27295.00 
28330.00 27281.00 
28371.00 27178.00 
28396.00 27117.00 
28429.00 27091.00 
28467.00 27048.00 
28494.00 27031.00 
28519.00 26961.00 
28548.00 26932.00 
28591.00 26929.00 
28603.00 26837.00 
28634.00 26814.00 
28664.00 26741.00 
28701.00 26710.00 
28736.00 26697.00 
28764.00 26668.00 
28794.00 26590.00 
28830.00 26542.00 
28853.00 26434.00 
28880.00 26405.00 
28909.00 26343.00 
28934.00 26197.00 
28964.00 26196.00 
29006.00 26134.00 
29027.00 26109.00 
29066.00 25964.00 
29102.00 25910.00 
29131.00 25849.00 
29184.00 25797.00 
26007.00 29160.00 
26037.00 29138.00 
26055.00 29133.00 
26146.00 29103.00 
26207.00 29057.00 
26316.00 29019.00 
26392.00 28948.00 
26393.00 28934.00 
26516.00 28889.00 
26551.00 28849.00 
26609.00 28845.00 
26667.00 28811.00 
26708.00 28780.00 
26762.00 28747.00 
26805.00 28708.00 
26862.00 28686.00 
26916.00 28652.00 
26926.00 28614.00 
26955.00 28579.00 
27033.00 28557.00 
27061.00 28529.00 
27097.00 28496.00 
27126.00 28453.00 
27129.00 28413.00 
27204.00 28391.00 
27221.00 28348.00 
27251.00 28318.00 
27324.00 28301.00 
27357.00 28263.00 
27374.00 28229.00 
27434.00 28209.00 
27481.00 28131.00 
27546.00 28125.00 
27596.00 28092.00 
27640.00 28075.00 
27703.00 27957.00 
27723.00 27906.00 
27769.00 27885.00 
27806.00 27854.00 
27843.00 27834.00 
27870.00 27729.00 
27916.00 27706.00 
27948.00 27686.00 
28002.00 27661.00 
28023.00 27605.00 
28070.00 27602.00 
28113.00 27590.00 
28175.00 27500.00 
28198.00 27449.00 
28261.00 27391.00 
28280.00 27341.00 
28306.00 27298.00 
28343.00 27269.00 
28378.00 27239.00 
28419.00 27221.00 
28424.00 27132.00 
28452.00 27083.00 
28495.00 27058.00 
28520.00 27019.00 
28555.00 26988.00 
28579.00 26917.00 
28617.00 26913.00 
28640.00 26865.00 
28665.00 26765.00 
28695.00 26718.00 
28716.00 26648.00 
28765.00 26612.00 
28777.00 26559.00 
28821.00 26516.00 
28835.00 26403.00 
28867.00 26362.00 
28911.00 26328.00 
28936.00 26264.00 
28977.00 26218.00 
29005.00 26130.00 
29078.00 26035.00 
29109.00 25913.00 
29147.00 25876.00 
29178.00 25801.00 
29216.00 25670.00 
25608.00 29342.00 
25635.00 29335.00 
25663.00 29331.00 
25680.00 29323.00 
25749.00 29287.00 
25864.00 29254.00 
25914.00 29227.00 
26002.00 29177.00 
26120.00 29162.00 
26153.00 29108.00 
26281.00 29077.00 
26283.00 29054.00 
26349.00 29027.00 
26407.00 28995.00 
26461.00 28949.00 
26494.00 28918.00 
26563.00 28892.00 
26632.00 28866.00 
26670.00 28829.00 
26717.00 28752.00 
26819.00 28741.00 
26844.00 28699.00 
26867.00 28661.00 
26996.00 28625.00 
27001.00 28570.00 
27042.00 28540.00 
27115.00 28520.00 
27159.00 28490.00 
27204.00 28471.00 
27221.00 28416.00 
27280.00 28404.00 
27354.00 28338.00 
27369.00 28296.00 
27396.00 28254.00 
27432.00 28230.00 
27464.00 28189.00 
27525.00 28180.00 
27550.00 28134.00 
27567.00 28096.00 
27607.00 28068.00 
27622.00 28010.00 
27710.00 27963.00 
27713.00 27901.00 
27834.00 27875.00 
27847.00 27838.00 
27901.00 27813.00 
27948.00 27723.00 
27979.00 27699.00 
28008.00 27650.00 
28049.00 27631.00 
28072.00 27585.00 
28117.00 27566.00 
28147.00 27519.00 
28183.00 27479.00 
28208.00 27453.00 
28251.00 27403.00 
28294.00 27306.00 
28348.00 27230.00 
28393.00 27203.00 
28420.00 27144.00 
28449.00 27074.00 
28463.00 27010.00 
28500.00 26950.00 
28543.00 26936.00 
28579.00 26907.00 
28622.00 26900.00 
28635.00 26789.00 
28667.00 26758.00 
28719.00 26744.00 
28769.00 26603.00 
28783.00 26508.00 
28828.00 26427.00 
28859.00 26350.00 
28893.00 26315.00 
28907.00 26184.00 
28942.00 26086.00 
28981.00 26043.00 
29019.00 25960.00 
29059.00 25824.00 
29094.00 25736.00 
29107.00 25702.00 
29124.00 25695.00 
29142.00 25688.00 
