15692.00 18578.00 18385.00 
15763.00 18435.00 18613.00 
15772.00 18480.00 18557.00 
15773.00 18233.00 18772.00 
15810.00 18382.00 18671.00 
15844.00 18652.00 18219.00 
15924.00 18771.00 17912.00 
15931.00 18511.00 18519.00 
15939.00 18418.00 18611.00 
15949.00 18043.00 18891.00 
15965.00 18772.00 17909.00 
15973.00 18786.00 17861.00 
16037.00 18221.00 18784.00 
16065.00 18549.00 18432.00 
16097.00 18495.00 18498.00 
16106.00 17760.00 19043.00 
16151.00 17589.00 19090.00 
16250.00 18954.00 17219.00 
16257.00 18621.00 17772.00 
16358.00 18823.00 17762.00 
16364.00 17446.00 19146.00 
16466.00 18103.00 18556.00 
16498.00 17115.00 19266.00 
16593.00 18902.00 17443.00 
16624.00 18986.00 16890.00 
16746.00 17015.00 19212.00 
17016.00 18689.00 17242.00 
17092.00 18926.00 16568.00 
17102.00 16976.00 19120.00 
17123.00 18140.00 17920.00 
17202.00 17594.00 18612.00 
17330.00 18868.00 16568.00 
17333.00 16963.00 18950.00 
17387.00 16838.00 18903.00 
17462.00 18829.00 16452.00 
17542.00 18793.00 16451.00 
17632.00 18749.00 16544.00 
17650.00 18702.00 16626.00 
17670.00 16955.00 18708.00 
17701.00 18109.00 17302.00 
17732.00 18702.00 16545.00 
17753.00 16981.00 18625.00 
17790.00 16999.00 18584.00 
17802.00 18640.00 16518.00 
17813.00 17677.00 18048.00 
17831.00 18669.00 16494.00 
17848.00 17005.00 18524.00 
17856.00 18618.00 16572.00 
18019.00 18380.00 16743.00 
18023.00 17183.00 18189.00 
18152.00 18167.00 16585.00 
18185.00 17281.00 17903.00 
18205.00 17190.00 17916.00 
18230.00 18053.00 16620.00 
18259.00 17351.00 17784.00 
18278.00 17408.00 17224.00 
18301.00 17775.00 16886.00 
18349.00 17607.00 17124.00 
15770.00 18227.00 18806.00 
15800.00 18499.00 18495.00 
15813.00 18616.00 18356.00 
15830.00 18768.00 17970.00 
15838.00 17845.00 19022.00 
15839.00 18158.00 18887.00 
15840.00 18531.00 18445.00 
15856.00 18725.00 18113.00 
15893.00 18346.00 18688.00 
15904.00 17719.00 19076.00 
16073.00 19031.00 17315.00 
16095.00 17600.00 19172.00 
16107.00 17364.00 19241.00 
16141.00 18088.00 18894.00 
16143.00 18918.00 17599.00 
16182.00 18411.00 18067.00 
16225.00 18944.00 17388.00 
16269.00 17852.00 18838.00 
16380.00 17112.00 19336.00 
16506.00 18972.00 17003.00 
16608.00 17103.00 19319.00 
16678.00 18948.00 17065.00 
16698.00 17019.00 19295.00 
16834.00 18849.00 16813.00 
16907.00 17810.00 18127.00 
16960.00 18441.00 17551.00 
16975.00 17137.00 18809.00 
17007.00 16926.00 19181.00 
17100.00 18830.00 16755.00 
17263.00 16903.00 19070.00 
17523.00 16707.00 18926.00 
17542.00 18599.00 16566.00 
17579.00 16671.00 18896.00 
17623.00 17867.00 17560.00 
17623.00 18472.00 16843.00 
17653.00 16682.00 18855.00 
17667.00 18559.00 16834.00 
17701.00 18535.00 16839.00 
17704.00 16656.00 18816.00 
17768.00 16557.00 18785.00 
17773.00 18457.00 16878.00 
17776.00 17346.00 18314.00 
17783.00 18462.00 16635.00 
17786.00 16599.00 18744.00 
17791.00 16584.00 18760.00 
17860.00 18398.00 16665.00 
17901.00 18372.00 16586.00 
17947.00 18310.00 16551.00 
17968.00 16600.00 18446.00 
18024.00 18200.00 16696.00 
18106.00 16756.00 18185.00 
18198.00 17880.00 16830.00 
18200.00 17814.00 16911.00 
18262.00 17072.00 17841.00 
18270.00 17635.00 17105.00 
18278.00 17398.00 17315.00 
18294.00 17148.00 17494.00 
18315.00 17217.00 17439.00 
16026.00 17889.00 18956.00 
16032.00 17767.00 18942.00 
16081.00 18057.00 18817.00 
16099.00 17981.00 18892.00 
16138.00 17952.00 18918.00 
16157.00 18308.00 18558.00 
16183.00 18446.00 18277.00 
16216.00 17521.00 19079.00 
16320.00 18120.00 18769.00 
16358.00 18265.00 18664.00 
16415.00 17385.00 19102.00 
16475.00 18331.00 18530.00 
16521.00 18399.00 18446.00 
16540.00 18625.00 17928.00 
16578.00 18509.00 18225.00 
16578.00 18695.00 17793.00 
16650.00 18778.00 17499.00 
16766.00 18738.00 17614.00 
16781.00 17265.00 19017.00 
16787.00 18438.00 17791.00 
16794.00 18797.00 17118.00 
16805.00 17817.00 18425.00 
16859.00 17030.00 19136.00 
17009.00 16751.00 19181.00 
17342.00 16632.00 19092.00 
17401.00 17851.00 17858.00 
17408.00 16641.00 19051.00 
17415.00 18647.00 16885.00 
17434.00 18460.00 17185.00 
17476.00 17264.00 18491.00 
17517.00 18554.00 17170.00 
17593.00 18594.00 16766.00 
17730.00 16561.00 18868.00 
17810.00 16698.00 18816.00 
17881.00 16591.00 18741.00 
17946.00 18378.00 16658.00 
17947.00 18408.00 16631.00 
18053.00 17860.00 17214.00 
18073.00 18277.00 16698.00 
18084.00 16757.00 18490.00 
18091.00 17292.00 17873.00 
18092.00 16660.00 18578.00 
18134.00 16671.00 18541.00 
18142.00 18206.00 16621.00 
18153.00 16679.00 18510.00 
18172.00 16683.00 18486.00 
18183.00 18151.00 16656.00 
18249.00 16588.00 18330.00 
18321.00 16787.00 18287.00 
18336.00 17936.00 16539.00 
18368.00 17781.00 16949.00 
18372.00 17829.00 16776.00 
18404.00 16752.00 18157.00 
18442.00 17482.00 16933.00 
18472.00 16779.00 18018.00 
18494.00 17184.00 17234.00 
18496.00 16803.00 17978.00 
18520.00 17145.00 17549.00 
18523.00 16787.00 17837.00 
18537.00 16989.00 17771.00 
18557.00 16988.00 17337.00 
15888.00 18312.00 18633.00 
15894.00 18290.00 18696.00 
15964.00 18268.00 18699.00 
16054.00 17862.00 18995.00 
16065.00 17778.00 19012.00 
16071.00 18088.00 18847.00 
16077.00 18560.00 18367.00 
16126.00 18496.00 18472.00 
16128.00 18639.00 18093.00 
16140.00 18256.00 18704.00 
16169.00 18629.00 18219.00 
16171.00 17538.00 19110.00 
16236.00 18376.00 18596.00 
16334.00 18814.00 17925.00 
16335.00 17379.00 19163.00 
16361.00 18335.00 18615.00 
16423.00 17935.00 18719.00 
16435.00 18581.00 18048.00 
16460.00 17105.00 19241.00 
16546.00 18792.00 17726.00 
16556.00 16834.00 19290.00 
16584.00 16782.00 19296.00 
16673.00 18903.00 17361.00 
16674.00 18879.00 17432.00 
16925.00 18883.00 17095.00 
16927.00 16751.00 19257.00 
17016.00 16628.00 19224.00 
17069.00 18551.00 17350.00 
17076.00 17272.00 18752.00 
17110.00 17961.00 18074.00 
17166.00 18814.00 16841.00 
17269.00 16496.00 19212.00 
17366.00 18768.00 16892.00 
17561.00 16607.00 19037.00 
17591.00 16485.00 19001.00 
17591.00 16551.00 18999.00 
17673.00 18665.00 16663.00 
17687.00 16595.00 18933.00 
17709.00 18529.00 16637.00 
17732.00 16654.00 18861.00 
17756.00 18658.00 16600.00 
17763.00 17884.00 17315.00 
17765.00 18619.00 16497.00 
17792.00 17332.00 18124.00 
17816.00 16812.00 18705.00 
17820.00 18600.00 16571.00 
17846.00 18574.00 16526.00 
17865.00 16652.00 18718.00 
17893.00 18538.00 16492.00 
17925.00 16543.00 18672.00 
17942.00 18481.00 16498.00 
17984.00 18403.00 16331.00 
18022.00 16598.00 18530.00 
18032.00 16534.00 18522.00 
18051.00 18335.00 16438.00 
18168.00 16595.00 18241.00 
18187.00 18131.00 16399.00 
18201.00 16598.00 18072.00 
18320.00 17870.00 16497.00 
18377.00 17018.00 17630.00 
18409.00 17462.00 17118.00 
18444.00 17056.00 17421.00 
18471.00 17318.00 17356.00 
15816.00 18342.00 18505.00 
15817.00 18517.00 18310.00 
15874.00 18715.00 17863.00 
15876.00 18245.00 18641.00 
15876.00 18580.00 18239.00 
15899.00 18125.00 18765.00 
15969.00 18704.00 18011.00 
16006.00 18708.00 18000.00 
16085.00 18162.00 18732.00 
16137.00 18167.00 18685.00 
16138.00 18445.00 18418.00 
16170.00 18809.00 17749.00 
16225.00 18292.00 18563.00 
16249.00 17863.00 19027.00 
16267.00 18557.00 17924.00 
16303.00 18898.00 17397.00 
16315.00 17867.00 18650.00 
16319.00 17091.00 19216.00 
16367.00 17295.00 19188.00 
16375.00 18918.00 17333.00 
16458.00 17047.00 19292.00 
16675.00 18928.00 17166.00 
16928.00 16726.00 19336.00 
16957.00 18913.00 16786.00 
17006.00 18559.00 17173.00 
17040.00 17933.00 18011.00 
17102.00 16519.00 19239.00 
17195.00 18891.00 16771.00 
17196.00 16521.00 19217.00 
17244.00 17417.00 18778.00 
17267.00 18888.00 16664.00 
17388.00 18838.00 16635.00 
17409.00 16378.00 19129.00 
17464.00 18797.00 16488.00 
17506.00 16491.00 19050.00 
17671.00 18676.00 16540.00 
17706.00 16492.00 18851.00 
17709.00 18671.00 16551.00 
17749.00 18651.00 16508.00 
17771.00 17972.00 17317.00 
17850.00 17343.00 18089.00 
17851.00 18515.00 16512.00 
17854.00 16640.00 18736.00 
17903.00 18449.00 16594.00 
17918.00 16706.00 18654.00 
17922.00 16609.00 18652.00 
17937.00 16570.00 18621.00 
17995.00 16576.00 18514.00 
18020.00 18283.00 16561.00 
18107.00 18161.00 16546.00 
18145.00 16725.00 18309.00 
18254.00 17865.00 16721.00 
18304.00 16660.00 17938.00 
18416.00 16665.00 17799.00 
18419.00 16717.00 17779.00 
18455.00 17171.00 17203.00 
18506.00 17311.00 16975.00 
18508.00 17052.00 17378.00 
15723.00 17886.00 19075.00 
15776.00 17959.00 19030.00 
15795.00 18215.00 18769.00 
15812.00 17923.00 19057.00 
15869.00 17695.00 19199.00 
15906.00 18354.00 18554.00 
15913.00 17796.00 19159.00 
15934.00 17903.00 19048.00 
15964.00 18156.00 18796.00 
15968.00 17577.00 19257.00 
15972.00 18297.00 18658.00 
16013.00 17278.00 19363.00 
16120.00 18430.00 18298.00 
16173.00 16834.00 19520.00 
16283.00 16720.00 19509.00 
16337.00 17347.00 19034.00 
16375.00 18491.00 18083.00 
16540.00 18032.00 18552.00 
16547.00 18541.00 17932.00 
16709.00 16385.00 19496.00 
16886.00 18599.00 17533.00 
17088.00 16192.00 19397.00 
17090.00 18026.00 17913.00 
17103.00 18573.00 17455.00 
17112.00 17425.00 18496.00 
17120.00 16796.00 19131.00 
17133.00 16159.00 19371.00 
17221.00 18532.00 17339.00 
17260.00 16179.00 19322.00 
17316.00 16243.00 19288.00 
17583.00 16267.00 19114.00 
17601.00 16493.00 19091.00 
17657.00 18400.00 17241.00 
17662.00 18393.00 17240.00 
17666.00 16490.00 19057.00 
17712.00 18365.00 17164.00 
17729.00 18077.00 17410.00 
17733.00 16863.00 18586.00 
17752.00 17581.00 18020.00 
17753.00 16348.00 18962.00 
17788.00 18334.00 17083.00 
17826.00 16285.00 18843.00 
17826.00 16596.00 18840.00 
17841.00 18294.00 17056.00 
17864.00 18262.00 17129.00 
17912.00 18244.00 17014.00 
17940.00 16463.00 18711.00 
17986.00 18141.00 17195.00 
18012.00 18112.00 17098.00 
18056.00 16534.00 18520.00 
18056.00 18033.00 17187.00 
18156.00 16263.00 18361.00 
18164.00 17877.00 17222.00 
18248.00 17516.00 17477.00 
18278.00 16819.00 17908.00 
18279.00 16669.00 18112.00 
18299.00 17587.00 17410.00 
18323.00 16762.00 18006.00 
18339.00 17330.00 17679.00 
18368.00 17061.00 17806.00 
15855.00 17943.00 19048.00 
15992.00 18229.00 18657.00 
16006.00 17978.00 19016.00 
16019.00 18295.00 18568.00 
16054.00 17875.00 19128.00 
16059.00 17727.00 19166.00 
16087.00 18400.00 18469.00 
16089.00 18620.00 17884.00 
16154.00 18483.00 18342.00 
16173.00 18132.00 18800.00 
16245.00 18578.00 18161.00 
16253.00 17468.00 19265.00 
16281.00 18265.00 18581.00 
16288.00 18142.00 18735.00 
16338.00 18744.00 17726.00 
16535.00 17666.00 18556.00 
16547.00 17069.00 19153.00 
16555.00 18798.00 17494.00 
16591.00 17011.00 19275.00 
16615.00 18329.00 18014.00 
16686.00 18773.00 17408.00 
16726.00 18840.00 17280.00 
16863.00 16765.00 19265.00 
16969.00 18852.00 16985.00 
17001.00 16638.00 19197.00 
17134.00 18287.00 17283.00 
17141.00 16660.00 19151.00 
17260.00 18715.00 16879.00 
17274.00 17231.00 18599.00 
17326.00 17835.00 18073.00 
17406.00 16580.00 19050.00 
17551.00 16490.00 19025.00 
17581.00 16447.00 18984.00 
17748.00 18491.00 16772.00 
17814.00 17123.00 17958.00 
17830.00 17757.00 17390.00 
17831.00 18362.00 16863.00 
17837.00 18464.00 16599.00 
17851.00 16623.00 18803.00 
17902.00 18429.00 16660.00 
17915.00 18401.00 16716.00 
17949.00 16727.00 18702.00 
17990.00 16577.00 18656.00 
18041.00 16523.00 18601.00 
18080.00 16657.00 18559.00 
18103.00 18207.00 16725.00 
18165.00 16569.00 18453.00 
18223.00 18110.00 16705.00 
18286.00 18016.00 16628.00 
18352.00 17920.00 16530.00 
18376.00 17903.00 16649.00 
18393.00 17105.00 17368.00 
18420.00 16797.00 17939.00 
18423.00 16806.00 17677.00 
18432.00 16700.00 17940.00 
18448.00 17185.00 17316.00 
18457.00 17377.00 17135.00 
18480.00 17544.00 16898.00 
15987.00 18514.00 18312.00 
16033.00 18383.00 18442.00 
16042.00 18570.00 18235.00 
16058.00 18682.00 17980.00 
16072.00 18289.00 18608.00 
16104.00 17980.00 18853.00 
16115.00 18281.00 18582.00 
16118.00 18574.00 18204.00 
16128.00 18075.00 18800.00 
16144.00 18461.00 18358.00 
16179.00 18737.00 17873.00 
16216.00 18175.00 18700.00 
16241.00 18091.00 18761.00 
16249.00 17516.00 19071.00 
16484.00 18757.00 17720.00 
16559.00 18497.00 17860.00 
16610.00 17245.00 19132.00 
16639.00 18814.00 17517.00 
16741.00 18026.00 18529.00 
16803.00 18877.00 17304.00 
16876.00 16914.00 19215.00 
16987.00 18914.00 16808.00 
17070.00 18886.00 16767.00 
17235.00 17316.00 18498.00 
17235.00 18509.00 17282.00 
17236.00 16804.00 19069.00 
17290.00 16542.00 19082.00 
17302.00 18836.00 16620.00 
17321.00 17942.00 17983.00 
17356.00 16735.00 19058.00 
17443.00 18778.00 16674.00 
17626.00 18668.00 16607.00 
17701.00 16781.00 18886.00 
17798.00 16969.00 18764.00 
17826.00 16814.00 18780.00 
17828.00 18532.00 16619.00 
17842.00 16542.00 18792.00 
17847.00 18481.00 16682.00 
17890.00 18471.00 16622.00 
17897.00 18047.00 17370.00 
17930.00 17450.00 17983.00 
17940.00 16553.00 18676.00 
17951.00 16939.00 18638.00 
17961.00 17037.00 18556.00 
17972.00 18418.00 16570.00 
17973.00 18406.00 16549.00 
18009.00 18364.00 16612.00 
18034.00 18327.00 16624.00 
18042.00 18314.00 16648.00 
18058.00 16641.00 18512.00 
18118.00 16567.00 18393.00 
18176.00 16950.00 18285.00 
18215.00 17917.00 16835.00 
18223.00 17944.00 16795.00 
18249.00 16716.00 18147.00 
18287.00 16885.00 17988.00 
18357.00 17685.00 17130.00 
18375.00 17561.00 17135.00 
18390.00 17213.00 17780.00 
18413.00 17305.00 17283.00 
18423.00 17199.00 17602.00 
18436.00 17280.00 17463.00 
15751.00 18158.00 18850.00 
15777.00 18105.00 18910.00 
15799.00 18208.00 18792.00 
15829.00 17939.00 18999.00 
15832.00 17771.00 19054.00 
15860.00 18371.00 18616.00 
15877.00 17678.00 19115.00 
15882.00 18513.00 18356.00 
15897.00 17113.00 19300.00 
15910.00 18723.00 18014.00 
15969.00 18280.00 18727.00 
16096.00 18509.00 18061.00 
16141.00 17502.00 19199.00 
16201.00 17779.00 18868.00 
16218.00 16958.00 19286.00 
16230.00 18828.00 17646.00 
16255.00 18876.00 17512.00 
16313.00 18891.00 17444.00 
16384.00 16936.00 19316.00 
16565.00 16794.00 19312.00 
16662.00 18849.00 17122.00 
16985.00 16788.00 19254.00 
16987.00 17781.00 18141.00 
16991.00 18755.00 17332.00 
17077.00 17110.00 18940.00 
17103.00 18760.00 17006.00 
17215.00 16626.00 19217.00 
17364.00 16569.00 19129.00 
17455.00 18657.00 16841.00 
17457.00 16509.00 19035.00 
17516.00 16619.00 19018.00 
17623.00 16682.00 18963.00 
17625.00 16465.00 18901.00 
17662.00 16987.00 18826.00 
17674.00 18604.00 16834.00 
17721.00 16853.00 18828.00 
17733.00 16737.00 18816.00 
17734.00 18581.00 16792.00 
17758.00 17855.00 17389.00 
17764.00 16694.00 18778.00 
17785.00 18509.00 17004.00 
17809.00 17126.00 18199.00 
17831.00 18454.00 16997.00 
17881.00 18350.00 16770.00 
17944.00 16933.00 18440.00 
17968.00 18267.00 17136.00 
18051.00 18157.00 17030.00 
18176.00 16969.00 18156.00 
18212.00 17047.00 18076.00 
18224.00 17923.00 16991.00 
18239.00 17857.00 17101.00 
18340.00 17042.00 17661.00 
18348.00 17261.00 17512.00 
18410.00 17398.00 17313.00 
15584.00 18104.00 18821.00 
15599.00 18509.00 18428.00 
15639.00 18317.00 18673.00 
15656.00 18239.00 18738.00 
15671.00 18472.00 18521.00 
15842.00 18687.00 18254.00 
15874.00 18883.00 17831.00 
15889.00 18666.00 18299.00 
15913.00 18298.00 18684.00 
15929.00 18625.00 18358.00 
15973.00 19069.00 17284.00 
15980.00 19048.00 17485.00 
15983.00 18747.00 18135.00 
16000.00 17854.00 19003.00 
16052.00 19085.00 17188.00 
16063.00 18334.00 18636.00 
16077.00 17622.00 19095.00 
16103.00 18606.00 18329.00 
16156.00 18050.00 18507.00 
16208.00 17407.00 19106.00 
16208.00 18771.00 17872.00 
16333.00 19091.00 16786.00 
16341.00 19081.00 17035.00 
16349.00 18411.00 18491.00 
16357.00 17387.00 19127.00 
16615.00 19102.00 16634.00 
16783.00 17208.00 19149.00 
16847.00 18720.00 17140.00 
16848.00 16916.00 19034.00 
16914.00 19084.00 16578.00 
16993.00 18229.00 17977.00 
17073.00 17736.00 18643.00 
17105.00 17095.00 18985.00 
17189.00 18960.00 16418.00 
17425.00 18880.00 16447.00 
17432.00 18864.00 16377.00 
17604.00 16975.00 18771.00 
17623.00 18181.00 17287.00 
17657.00 17563.00 17969.00 
17696.00 18737.00 16477.00 
17725.00 17026.00 18680.00 
17740.00 17055.00 18668.00 
17785.00 18677.00 16443.00 
17882.00 16975.00 18551.00 
17899.00 18609.00 16438.00 
17923.00 16967.00 18543.00 
17932.00 18553.00 16311.00 
17940.00 16917.00 18498.00 
17982.00 16906.00 18440.00 
18003.00 18464.00 16339.00 
18171.00 18078.00 16480.00 
18180.00 16985.00 18114.00 
18205.00 16950.00 17940.00 
18208.00 18110.00 16405.00 
18231.00 17428.00 17191.00 
18237.00 17005.00 17804.00 
18348.00 17710.00 16661.00 
18375.00 16950.00 17281.00 
18403.00 17393.00 17006.00 
18424.00 17431.00 16903.00 
15477.00 18426.00 18511.00 
15629.00 18203.00 18798.00 
15660.00 18851.00 17939.00 
15688.00 18383.00 18632.00 
15696.00 17893.00 18963.00 
15704.00 18875.00 17868.00 
15724.00 18415.00 18611.00 
15726.00 18340.00 18656.00 
15788.00 18113.00 18867.00 
15843.00 18941.00 17693.00 
15866.00 18480.00 18495.00 
15918.00 18606.00 18346.00 
15931.00 19019.00 17298.00 
15939.00 17838.00 18979.00 
15986.00 18712.00 18199.00 
16056.00 17527.00 19114.00 
16108.00 17385.00 19148.00 
16117.00 19004.00 17143.00 
16226.00 18480.00 17878.00 
16338.00 17183.00 19234.00 
16353.00 18986.00 16691.00 
16392.00 17967.00 18700.00 
16452.00 17116.00 19220.00 
16644.00 18938.00 16855.00 
16868.00 18978.00 16458.00 
16910.00 16916.00 19186.00 
16985.00 17879.00 17953.00 
17032.00 18882.00 16457.00 
17038.00 18546.00 17340.00 
17045.00 17328.00 18683.00 
17083.00 16712.00 19073.00 
17319.00 16775.00 19070.00 
17438.00 18747.00 16588.00 
17483.00 16733.00 18994.00 
17611.00 17862.00 17351.00 
17615.00 18614.00 16603.00 
17621.00 16944.00 18830.00 
17636.00 18570.00 16440.00 
17675.00 18521.00 16750.00 
17680.00 17281.00 17998.00 
17698.00 16696.00 18817.00 
17732.00 16913.00 18750.00 
17835.00 18423.00 16627.00 
17867.00 18384.00 16544.00 
17879.00 16588.00 18472.00 
17940.00 16711.00 18387.00 
17946.00 16677.00 18376.00 
17980.00 18231.00 16611.00 
18058.00 18108.00 16829.00 
18087.00 16752.00 18152.00 
18108.00 17864.00 16835.00 
18185.00 16807.00 17899.00 
18219.00 16898.00 17701.00 
18240.00 17558.00 16970.00 
18297.00 16940.00 17380.00 
18301.00 17241.00 17274.00 
18320.00 17362.00 17168.00 
16017.00 18821.00 17575.00 
16052.00 18440.00 18390.00 
16123.00 18349.00 18502.00 
16132.00 18490.00 18314.00 
16132.00 18747.00 17798.00 
16166.00 18197.00 18668.00 
16182.00 18489.00 18316.00 
16189.00 18660.00 18002.00 
16203.00 18431.00 18423.00 
16218.00 18209.00 18640.00 
16220.00 18843.00 17432.00 
16278.00 18188.00 18674.00 
16293.00 18178.00 18666.00 
16365.00 18227.00 18619.00 
16494.00 17444.00 19030.00 
16557.00 17656.00 18970.00 
16611.00 18844.00 17238.00 
16649.00 17115.00 19153.00 
16697.00 17013.00 19180.00 
16725.00 18389.00 17953.00 
16736.00 16943.00 19215.00 
16763.00 16802.00 19212.00 
16818.00 17772.00 18698.00 
16863.00 18848.00 16997.00 
17085.00 16791.00 19157.00 
17227.00 18279.00 17143.00 
17303.00 17671.00 17885.00 
17305.00 16748.00 19085.00 
17338.00 18818.00 16701.00 
17420.00 17069.00 18639.00 
17477.00 18742.00 16652.00 
17544.00 16863.00 18955.00 
17630.00 16882.00 18902.00 
17728.00 16743.00 18809.00 
17752.00 16923.00 18806.00 
17788.00 16761.00 18786.00 
17888.00 18524.00 16581.00 
17900.00 16803.00 18692.00 
17909.00 16966.00 18654.00 
17980.00 18446.00 16621.00 
17989.00 18425.00 16598.00 
18021.00 18364.00 16593.00 
18023.00 16727.00 18531.00 
18080.00 16820.00 18501.00 
18081.00 17774.00 17390.00 
18091.00 17137.00 17999.00 
18117.00 16935.00 18453.00 
18179.00 16906.00 18381.00 
18185.00 18209.00 16494.00 
18200.00 18172.00 16558.00 
18214.00 18138.00 16471.00 
18226.00 16784.00 18311.00 
18281.00 18066.00 16532.00 
18289.00 16839.00 18241.00 
18390.00 16778.00 17985.00 
18423.00 17873.00 16647.00 
18435.00 17760.00 16708.00 
18450.00 17758.00 16740.00 
18451.00 16957.00 17802.00 
18468.00 17031.00 17695.00 
18496.00 17604.00 16959.00 
18500.00 17486.00 17097.00 
18548.00 17235.00 17393.00 
15972.00 18421.00 18404.00 
15983.00 18733.00 18004.00 
16058.00 18143.00 18825.00 
16073.00 18785.00 17975.00 
16127.00 17556.00 19179.00 
16136.00 17164.00 19285.00 
16142.00 17679.00 19072.00 
16157.00 18832.00 17755.00 
16161.00 18300.00 18682.00 
16166.00 18200.00 18796.00 
16170.00 17795.00 19022.00 
16185.00 18234.00 18763.00 
16223.00 18200.00 18795.00 
16248.00 18284.00 18748.00 
16258.00 18418.00 18497.00 
16327.00 16983.00 19356.00 
16452.00 17787.00 18810.00 
16535.00 16836.00 19382.00 
16542.00 18516.00 18178.00 
16579.00 18962.00 17263.00 
16717.00 18923.00 17338.00 
16778.00 16333.00 19466.00 
16784.00 18916.00 17316.00 
17071.00 16309.00 19408.00 
17106.00 18464.00 17426.00 
17156.00 17828.00 18137.00 
17191.00 17234.00 18848.00 
17212.00 18791.00 16841.00 
17339.00 16279.00 19271.00 
17340.00 18771.00 16741.00 
17560.00 18717.00 16791.00 
17654.00 16481.00 19082.00 
17735.00 18654.00 16694.00 
17770.00 16596.00 18994.00 
17814.00 17774.00 17389.00 
17831.00 18528.00 16877.00 
17851.00 16505.00 18927.00 
17857.00 18529.00 16830.00 
17865.00 16501.00 18850.00 
17887.00 17194.00 18184.00 
17955.00 16573.00 18812.00 
17979.00 16614.00 18773.00 
18039.00 18352.00 16756.00 
18056.00 18301.00 16875.00 
18113.00 18196.00 16899.00 
18308.00 17897.00 16903.00 
18360.00 16577.00 18052.00 
18384.00 17775.00 17051.00 
18404.00 16757.00 17852.00 
18429.00 16931.00 17703.00 
18442.00 17635.00 17190.00 
18466.00 17395.00 17191.00 
18475.00 17075.00 17409.00 
18476.00 17148.00 17384.00 
16087.00 18539.00 18266.00 
16133.00 18733.00 18007.00 
16134.00 18447.00 18388.00 
16135.00 18084.00 18719.00 
16160.00 18072.00 18728.00 
16186.00 18398.00 18485.00 
16193.00 18420.00 18480.00 
16229.00 18703.00 18058.00 
16230.00 18329.00 18560.00 
16295.00 18225.00 18618.00 
16323.00 17726.00 18907.00 
16392.00 18899.00 17354.00 
16447.00 18357.00 18462.00 
16449.00 17533.00 19047.00 
16452.00 18841.00 17625.00 
16460.00 18412.00 18397.00 
16551.00 17404.00 19092.00 
16569.00 17731.00 18665.00 
16586.00 18415.00 17974.00 
16653.00 18873.00 17287.00 
16752.00 17247.00 19172.00 
16786.00 17106.00 19180.00 
16789.00 18841.00 17100.00 
17012.00 16875.00 19257.00 
17164.00 18794.00 17011.00 
17198.00 18755.00 16747.00 
17239.00 18389.00 17320.00 
17285.00 17123.00 18630.00 
17297.00 16647.00 19094.00 
17324.00 17739.00 17953.00 
17506.00 18654.00 16674.00 
17526.00 16590.00 19019.00 
17626.00 16532.00 18918.00 
17808.00 16720.00 18792.00 
17845.00 18458.00 16605.00 
17882.00 17013.00 17942.00 
17898.00 17734.00 17302.00 
17908.00 18406.00 16641.00 
17929.00 16628.00 18684.00 
18018.00 18303.00 16543.00 
18045.00 16824.00 18616.00 
18053.00 16742.00 18615.00 
18135.00 16739.00 18555.00 
18158.00 18156.00 16588.00 
18238.00 16689.00 18455.00 
18294.00 17964.00 16503.00 
18350.00 17728.00 16410.00 
18362.00 16632.00 18194.00 
18413.00 16498.00 18034.00 
18423.00 17639.00 16674.00 
18533.00 16737.00 17686.00 
18545.00 16898.00 17539.00 
18570.00 17070.00 17310.00 
18573.00 17027.00 17404.00 
18587.00 17272.00 17256.00 
15988.00 18383.00 18422.00 
15989.00 18325.00 18499.00 
16062.00 18674.00 18007.00 
16080.00 17924.00 18844.00 
16105.00 18068.00 18736.00 
16110.00 18307.00 18547.00 
16133.00 17845.00 18899.00 
16163.00 17614.00 19038.00 
16163.00 18196.00 18635.00 
16261.00 18803.00 17445.00 
16358.00 18358.00 18411.00 
16403.00 17526.00 19093.00 
16472.00 18082.00 18629.00 
16505.00 17422.00 19120.00 
16680.00 18728.00 17314.00 
16680.00 18730.00 17131.00 
16712.00 16873.00 19200.00 
16802.00 16839.00 19272.00 
16815.00 17660.00 18608.00 
16830.00 18337.00 17984.00 
16871.00 16728.00 19255.00 
17114.00 18731.00 16991.00 
17200.00 18744.00 16880.00 
17440.00 16485.00 19026.00 
17454.00 18692.00 16635.00 
17456.00 18330.00 17321.00 
17459.00 17022.00 18674.00 
17471.00 18687.00 16511.00 
17537.00 17677.00 18019.00 
17800.00 16669.00 18816.00 
17896.00 16618.00 18733.00 
17919.00 16875.00 18670.00 
17925.00 18461.00 16557.00 
17982.00 18441.00 16635.00 
18035.00 16788.00 18596.00 
18059.00 18374.00 16636.00 
18092.00 18336.00 16653.00 
18126.00 17695.00 17341.00 
18130.00 18249.00 16708.00 
18146.00 17101.00 18060.00 
18151.00 18184.00 16578.00 
18162.00 16833.00 18425.00 
18171.00 16845.00 18412.00 
18241.00 16898.00 18300.00 
18292.00 16962.00 18206.00 
18311.00 17982.00 16787.00 
18329.00 16884.00 18111.00 
18329.00 17879.00 16889.00 
18398.00 17693.00 17151.00 
18458.00 17509.00 17312.00 
18483.00 16904.00 17772.00 
18500.00 17201.00 17468.00 
18508.00 16957.00 17601.00 
18508.00 17026.00 17404.00 
15854.00 18367.00 18458.00 
15907.00 18595.00 18243.00 
15974.00 18747.00 18001.00 
15979.00 18814.00 17731.00 
16036.00 18312.00 18552.00 
16044.00 18761.00 17963.00 
16075.00 18136.00 18706.00 
16080.00 18002.00 18818.00 
16127.00 18518.00 18347.00 
16137.00 18512.00 18355.00 
16141.00 18226.00 18620.00 
16161.00 18710.00 18049.00 
16192.00 19025.00 17242.00 
16214.00 18989.00 17438.00 
16267.00 17547.00 18986.00 
16329.00 17794.00 18947.00 
16408.00 18078.00 18422.00 
16413.00 17457.00 18959.00 
16416.00 18636.00 17814.00 
16428.00 19114.00 17067.00 
16456.00 17329.00 19070.00 
16533.00 19107.00 16816.00 
16626.00 17050.00 19100.00 
16799.00 16824.00 19180.00 
16935.00 19006.00 16619.00 
16939.00 18585.00 17085.00 
16943.00 16739.00 18989.00 
16984.00 19004.00 16727.00 
17060.00 18112.00 17840.00 
17088.00 17550.00 18515.00 
17091.00 16511.00 19131.00 
17274.00 16418.00 19126.00 
17536.00 18735.00 16737.00 
17546.00 18727.00 16398.00 
17603.00 18627.00 16592.00 
17613.00 18081.00 17225.00 
17627.00 16453.00 18965.00 
17713.00 17094.00 18523.00 
17716.00 17596.00 17912.00 
17721.00 16544.00 18871.00 
17730.00 18641.00 16427.00 
17767.00 16403.00 18836.00 
17784.00 18602.00 16633.00 
17857.00 16592.00 18737.00 
17875.00 18573.00 16524.00 
17932.00 18492.00 16402.00 
17937.00 16620.00 18671.00 
17982.00 16650.00 18573.00 
17982.00 18459.00 16589.00 
17987.00 18434.00 16616.00 
18055.00 18380.00 16611.00 
18059.00 18393.00 16540.00 
18066.00 16696.00 18468.00 
18176.00 18246.00 16651.00 
18196.00 18166.00 16665.00 
18265.00 17594.00 17332.00 
18286.00 16932.00 18087.00 
18314.00 17759.00 17030.00 
18327.00 16975.00 17994.00 
18339.00 17527.00 17296.00 
18354.00 17624.00 17123.00 
18418.00 17111.00 17607.00 
15724.00 18637.00 18343.00 
15751.00 18197.00 18804.00 
15772.00 18768.00 18183.00 
15776.00 18153.00 18848.00 
15796.00 18802.00 18081.00 
15863.00 18841.00 17917.00 
15880.00 18473.00 18580.00 
15898.00 17595.00 19173.00 
15899.00 18521.00 18528.00 
15905.00 18075.00 18900.00 
15924.00 18383.00 18687.00 
15928.00 17743.00 19079.00 
15944.00 18461.00 18608.00 
15999.00 17527.00 19180.00 
16018.00 18856.00 17848.00 
16179.00 17344.00 19193.00 
16237.00 18964.00 17338.00 
16376.00 18416.00 17821.00 
16394.00 18965.00 17019.00 
16396.00 18882.00 17396.00 
16485.00 17063.00 19235.00 
16487.00 17793.00 18621.00 
16668.00 18884.00 16943.00 
16705.00 16849.00 19279.00 
16902.00 18800.00 16594.00 
17062.00 18386.00 17131.00 
17118.00 17133.00 18617.00 
17157.00 18731.00 16575.00 
17189.00 16672.00 19054.00 
17216.00 17801.00 17970.00 
17284.00 16716.00 19026.00 
17358.00 16562.00 18985.00 
17520.00 18582.00 16745.00 
17622.00 16571.00 18785.00 
17682.00 18469.00 16763.00 
17762.00 18409.00 16721.00 
17805.00 16765.00 18667.00 
17808.00 17089.00 17902.00 
17812.00 18360.00 16721.00 
17815.00 16844.00 18650.00 
17819.00 17859.00 17266.00 
17863.00 16691.00 18589.00 
17871.00 18365.00 16711.00 
17928.00 16700.00 18569.00 
17947.00 18228.00 16759.00 
18011.00 18167.00 16464.00 
18054.00 16819.00 18355.00 
18121.00 18049.00 16740.00 
18158.00 16746.00 18210.00 
18222.00 16943.00 18100.00 
18224.00 17928.00 16711.00 
18231.00 16785.00 18011.00 
18273.00 17836.00 16734.00 
18308.00 17815.00 16757.00 
18366.00 17063.00 17730.00 
18458.00 17503.00 17059.00 
18501.00 17138.00 17335.00 
15904.00 18566.00 18254.00 
16013.00 18296.00 18680.00 
16021.00 18069.00 18848.00 
16060.00 18166.00 18783.00 
16084.00 18225.00 18724.00 
16091.00 18467.00 18483.00 
16095.00 17922.00 18983.00 
16109.00 18334.00 18627.00 
16124.00 18641.00 18184.00 
16126.00 17877.00 18996.00 
16207.00 18830.00 17797.00 
16210.00 18413.00 18539.00 
16240.00 18684.00 18088.00 
16349.00 18908.00 17396.00 
16407.00 18870.00 17573.00 
16480.00 17516.00 19180.00 
16514.00 18509.00 17884.00 
16578.00 17280.00 19186.00 
16579.00 18961.00 17204.00 
16595.00 17931.00 18591.00 
16729.00 18931.00 17287.00 
16764.00 17122.00 19217.00 
16999.00 16898.00 19207.00 
17186.00 17255.00 18550.00 
17264.00 18571.00 17380.00 
17277.00 18809.00 16869.00 
17304.00 17993.00 18004.00 
17328.00 16801.00 19166.00 
17544.00 16718.00 19046.00 
17688.00 16587.00 18956.00 
17706.00 18631.00 16627.00 
17729.00 16516.00 18896.00 
17768.00 18610.00 16528.00 
17775.00 18575.00 16542.00 
17782.00 18470.00 16568.00 
17823.00 17304.00 17906.00 
17882.00 16741.00 18745.00 
17902.00 16798.00 18632.00 
17911.00 17989.00 17391.00 
17930.00 16695.00 18709.00 
17933.00 18428.00 16936.00 
17955.00 16552.00 18662.00 
17984.00 16718.00 18653.00 
17999.00 18424.00 16471.00 
18029.00 16635.00 18598.00 
18036.00 18391.00 16490.00 
18105.00 18318.00 16478.00 
18123.00 16671.00 18469.00 
18137.00 18276.00 16551.00 
18154.00 18262.00 16497.00 
18228.00 18132.00 16889.00 
18294.00 16717.00 17975.00 
18380.00 16977.00 17704.00 
18381.00 17864.00 16599.00 
18409.00 17849.00 16822.00 
18436.00 16979.00 17355.00 
18441.00 17183.00 17217.00 
18462.00 17656.00 16846.00 
18464.00 17570.00 17025.00 
18470.00 17352.00 17132.00 
15941.00 18074.00 18822.00 
15942.00 18504.00 18391.00 
15958.00 18312.00 18649.00 
15983.00 18388.00 18582.00 
16042.00 18290.00 18690.00 
16077.00 18686.00 18199.00 
16091.00 17779.00 19072.00 
16116.00 18352.00 18595.00 
16148.00 17969.00 18958.00 
16165.00 18304.00 18668.00 
16179.00 18741.00 17984.00 
16192.00 18728.00 18088.00 
16199.00 17656.00 19153.00 
16213.00 18746.00 17947.00 
16214.00 17449.00 19213.00 
16243.00 18179.00 18769.00 
16339.00 17255.00 19261.00 
16377.00 18363.00 18124.00 
16451.00 18765.00 17576.00 
16465.00 17758.00 18834.00 
16515.00 16987.00 19379.00 
16633.00 16794.00 19347.00 
16635.00 18771.00 17544.00 
16716.00 18781.00 17129.00 
16860.00 16730.00 19290.00 
17077.00 18721.00 17304.00 
17146.00 18736.00 16822.00 
17152.00 17143.00 18871.00 
17164.00 17784.00 18219.00 
17165.00 18404.00 17595.00 
17168.00 16550.00 19243.00 
17331.00 16516.00 19229.00 
17347.00 18770.00 16802.00 
17469.00 16611.00 19163.00 
17597.00 16564.00 19070.00 
17660.00 16629.00 19024.00 
17691.00 18611.00 16693.00 
17712.00 18576.00 16632.00 
17761.00 16684.00 18952.00 
17793.00 17110.00 18217.00 
17811.00 17836.00 17595.00 
17821.00 18520.00 16775.00 
17830.00 18436.00 16900.00 
17838.00 16713.00 18838.00 
17876.00 16699.00 18814.00 
17918.00 18414.00 16772.00 
17928.00 18424.00 16679.00 
17945.00 16729.00 18708.00 
17950.00 18355.00 16845.00 
17978.00 16628.00 18673.00 
18011.00 18327.00 16748.00 
18016.00 18302.00 16683.00 
18022.00 18289.00 16764.00 
18112.00 18157.00 16974.00 
18156.00 18037.00 16648.00 
18270.00 16595.00 18338.00 
18307.00 17764.00 16741.00 
18413.00 16518.00 18114.00 
18429.00 17054.00 17501.00 
18440.00 17370.00 17080.00 
18466.00 16681.00 17952.00 
18468.00 16706.00 17743.00 
18484.00 16974.00 17407.00 
15776.00 18523.00 18373.00 
15918.00 18768.00 18026.00 
15969.00 18312.00 18584.00 
15969.00 18509.00 18414.00 
15979.00 18817.00 17981.00 
15999.00 18588.00 18245.00 
16052.00 18901.00 17850.00 
16058.00 18665.00 18209.00 
16059.00 18073.00 18779.00 
16072.00 18214.00 18706.00 
16092.00 18752.00 18094.00 
16136.00 19036.00 17597.00 
16153.00 18966.00 17695.00 
16282.00 17616.00 18957.00 
16324.00 18519.00 18288.00 
16326.00 19070.00 17464.00 
16424.00 17360.00 19048.00 
16512.00 19073.00 17126.00 
16584.00 17174.00 19056.00 
16597.00 19046.00 16910.00 
16616.00 17355.00 18876.00 
16620.00 18600.00 17652.00 
16679.00 17160.00 19052.00 
16722.00 19042.00 17007.00 
16776.00 18058.00 18313.00 
17104.00 18949.00 16703.00 
17235.00 16917.00 18987.00 
17245.00 18604.00 17031.00 
17308.00 18918.00 16397.00 
17315.00 18051.00 17689.00 
17320.00 17435.00 18289.00 
17324.00 16883.00 18909.00 
17401.00 16759.00 18921.00 
17420.00 16685.00 18891.00 
17497.00 18863.00 16284.00 
17530.00 18842.00 16277.00 
17699.00 18724.00 16288.00 
17711.00 16614.00 18589.00 
17744.00 18687.00 16213.00 
17838.00 18565.00 16311.00 
17879.00 16993.00 18503.00 
17914.00 18530.00 16380.00 
17930.00 18526.00 16307.00 
17931.00 17461.00 17714.00 
17942.00 16856.00 18454.00 
17946.00 18488.00 16453.00 
17973.00 18114.00 17133.00 
17982.00 16949.00 18359.00 
18053.00 18376.00 16251.00 
18070.00 16869.00 18333.00 
18119.00 16884.00 18268.00 
18156.00 18312.00 16376.00 
18197.00 16779.00 18131.00 
18253.00 16845.00 18049.00 
18316.00 18146.00 16484.00 
18330.00 16945.00 17708.00 
18369.00 18022.00 16557.00 
18391.00 17965.00 16597.00 
18436.00 17001.00 17588.00 
18477.00 17394.00 17108.00 
18481.00 17641.00 16850.00 
18518.00 17173.00 17371.00 
18536.00 17319.00 17200.00 
18551.00 17169.00 17264.00 
