25585.00 26399.00 28137.00 
25632.00 26469.00 28080.00 
25702.00 27555.00 27227.00 
25739.00 27592.00 27092.00 
25759.00 26049.00 28268.00 
25763.00 26709.00 27891.00 
25776.00 26587.00 27917.00 
25777.00 25956.00 28316.00 
25795.00 26971.00 27731.00 
25810.00 27263.00 27557.00 
25839.00 27261.00 27556.00 
25850.00 27211.00 27612.00 
25882.00 27294.00 27532.00 
25910.00 27685.00 26639.00 
25979.00 27711.00 26539.00 
26184.00 27867.00 26117.00 
26272.00 25484.00 28438.00 
26284.00 26481.00 27220.00 
26308.00 25157.00 28384.00 
26315.00 25943.00 27856.00 
26333.00 27159.00 26585.00 
26459.00 27807.00 26022.00 
26741.00 27924.00 25811.00 
26760.00 25003.00 28407.00 
26849.00 24573.00 28401.00 
26927.00 25925.00 27234.00 
26959.00 26461.00 26590.00 
26966.00 27170.00 25921.00 
27176.00 24559.00 28370.00 
27179.00 27800.00 25413.00 
27447.00 27854.00 25169.00 
27611.00 24625.00 27876.00 
27620.00 24390.00 28272.00 
27682.00 25310.00 27173.00 
27705.00 24258.00 28224.00 
27707.00 26695.00 26186.00 
27734.00 26014.00 26722.00 
27834.00 27364.00 25761.00 
27874.00 27766.00 25232.00 
28063.00 24107.00 28013.00 
28087.00 24152.00 28010.00 
28270.00 25293.00 26648.00 
28283.00 24189.00 27884.00 
28292.00 25885.00 26018.00 
28296.00 24131.00 27867.00 
28361.00 26690.00 25490.00 
28391.00 24729.00 27317.00 
28393.00 27525.00 24926.00 
28445.00 23966.00 27732.00 
28480.00 27481.00 24762.00 
28694.00 27373.00 24768.00 
28696.00 27396.00 24709.00 
28723.00 24287.00 27500.00 
28736.00 24073.00 27507.00 
28796.00 27272.00 24632.00 
28806.00 24110.00 27467.00 
28820.00 25262.00 25993.00 
28839.00 25898.00 25342.00 
28839.00 27235.00 24706.00 
28852.00 27197.00 24590.00 
28888.00 24189.00 27414.00 
28889.00 26536.00 24636.00 
28911.00 24129.00 27388.00 
28915.00 27115.00 24608.00 
28925.00 27110.00 24524.00 
28957.00 24211.00 27287.00 
29059.00 24181.00 27146.00 
29069.00 24309.00 27100.00 
29224.00 24536.00 26680.00 
29239.00 26458.00 24570.00 
29421.00 24694.00 26348.00 
29426.00 25923.00 24563.00 
29446.00 25964.00 24485.00 
29452.00 24703.00 26065.00 
29505.00 25242.00 25321.00 
29508.00 24915.00 25704.00 
29556.00 25432.00 25160.00 
25612.00 26880.00 27883.00 
25635.00 27010.00 27775.00 
25675.00 26703.00 28042.00 
25728.00 27159.00 27682.00 
25738.00 26716.00 28013.00 
25755.00 27447.00 27355.00 
25756.00 27214.00 27620.00 
25758.00 27799.00 26650.00 
25775.00 27486.00 27276.00 
25802.00 26671.00 28035.00 
25826.00 27420.00 27483.00 
25833.00 27785.00 26722.00 
25879.00 27579.00 27118.00 
25888.00 26090.00 28314.00 
25920.00 27371.00 27440.00 
25964.00 27255.00 26391.00 
26010.00 25634.00 28490.00 
26082.00 27962.00 26355.00 
26185.00 26060.00 27787.00 
26244.00 25457.00 28425.00 
26341.00 26565.00 27177.00 
26362.00 27951.00 26026.00 
26515.00 24863.00 28602.00 
26808.00 26057.00 27060.00 
26827.00 26687.00 26632.00 
26846.00 27951.00 25758.00 
26931.00 27881.00 25312.00 
26990.00 27428.00 25943.00 
27030.00 25543.00 27875.00 
27086.00 24706.00 28482.00 
27232.00 27850.00 25442.00 
27486.00 27357.00 25291.00 
27520.00 25963.00 26546.00 
27546.00 26626.00 26050.00 
27588.00 24442.00 28383.00 
27637.00 27718.00 24990.00 
27658.00 24892.00 27744.00 
27691.00 25606.00 27331.00 
27740.00 27762.00 24900.00 
27961.00 26588.00 25042.00 
28056.00 24557.00 27090.00 
28102.00 27533.00 24717.00 
28113.00 25535.00 26587.00 
28181.00 27504.00 24741.00 
28217.00 27337.00 24688.00 
28232.00 24447.00 27999.00 
28249.00 26062.00 26002.00 
28282.00 24417.00 27945.00 
28293.00 24409.00 27893.00 
28386.00 24400.00 27874.00 
28532.00 24420.00 27766.00 
28601.00 27334.00 24781.00 
28608.00 24425.00 27699.00 
28678.00 27230.00 24930.00 
28680.00 27222.00 24849.00 
28717.00 27111.00 24917.00 
28721.00 27199.00 24913.00 
28749.00 27106.00 24928.00 
28773.00 24399.00 27456.00 
28800.00 27052.00 24792.00 
28807.00 24772.00 26526.00 
28837.00 24543.00 27375.00 
28838.00 26090.00 25371.00 
28885.00 24387.00 27314.00 
28886.00 25348.00 25838.00 
28891.00 26786.00 24845.00 
29059.00 26635.00 24765.00 
29079.00 26601.00 24836.00 
29102.00 24600.00 26950.00 
29121.00 24607.00 26907.00 
29198.00 24589.00 26686.00 
29201.00 26243.00 24923.00 
29218.00 26261.00 24920.00 
29342.00 24915.00 25810.00 
29354.00 24805.00 26350.00 
29370.00 25317.00 25683.00 
29385.00 25493.00 25289.00 
29454.00 25634.00 25252.00 
25668.00 26319.00 28033.00 
25672.00 26168.00 28069.00 
25686.00 26279.00 27806.00 
25913.00 26880.00 27666.00 
25929.00 26731.00 27766.00 
25974.00 27305.00 26972.00 
25993.00 26969.00 27311.00 
25997.00 26907.00 27639.00 
26031.00 27158.00 27200.00 
26040.00 27357.00 26822.00 
26110.00 27283.00 26874.00 
26140.00 25650.00 28204.00 
26216.00 25401.00 28301.00 
26342.00 25633.00 27777.00 
26369.00 27488.00 26283.00 
26416.00 26327.00 27294.00 
26460.00 24929.00 28386.00 
26483.00 27535.00 26042.00 
26697.00 26933.00 26744.00 
26745.00 24805.00 28387.00 
26826.00 27585.00 25837.00 
26978.00 25638.00 27228.00 
27109.00 25023.00 27863.00 
27122.00 24614.00 28347.00 
27144.00 27567.00 25649.00 
27222.00 24558.00 28348.00 
27249.00 26333.00 26743.00 
27414.00 27012.00 26178.00 
27463.00 27448.00 25523.00 
27585.00 25079.00 27151.00 
27687.00 25683.00 26632.00 
27732.00 26959.00 25724.00 
27733.00 24596.00 27850.00 
27799.00 26401.00 26299.00 
27818.00 24156.00 28166.00 
27834.00 24196.00 28158.00 
27869.00 27463.00 25070.00 
28069.00 27447.00 25049.00 
28267.00 25854.00 26176.00 
28292.00 26323.00 25450.00 
28312.00 24122.00 28023.00 
28328.00 24714.00 27326.00 
28340.00 25254.00 26755.00 
28361.00 24281.00 27992.00 
28371.00 27315.00 24958.00 
28385.00 27003.00 25080.00 
28515.00 27244.00 24912.00 
28556.00 24248.00 27839.00 
28617.00 24268.00 27797.00 
28654.00 24214.00 27788.00 
28673.00 24244.00 27741.00 
28805.00 27039.00 24792.00 
28859.00 27005.00 24857.00 
28878.00 24909.00 26792.00 
28882.00 25747.00 25417.00 
28898.00 24067.00 27461.00 
28913.00 25227.00 26127.00 
28923.00 26916.00 24897.00 
28993.00 26855.00 24813.00 
29051.00 26754.00 24826.00 
29116.00 24024.00 27157.00 
29132.00 24160.00 27027.00 
29169.00 24098.00 26939.00 
29173.00 26498.00 24934.00 
29207.00 26433.00 24996.00 
29238.00 24337.00 26684.00 
29309.00 26096.00 25201.00 
29350.00 24695.00 26288.00 
29361.00 25916.00 25105.00 
29439.00 24770.00 26143.00 
29456.00 25356.00 25636.00 
29467.00 25472.00 25534.00 
29496.00 24997.00 25785.00 
25446.00 26717.00 28052.00 
25450.00 26825.00 28041.00 
25530.00 27016.00 27802.00 
25536.00 26573.00 28148.00 
25559.00 27223.00 27557.00 
25560.00 26658.00 28142.00 
25572.00 26873.00 27925.00 
25612.00 26488.00 27798.00 
25637.00 27321.00 27436.00 
25698.00 27090.00 27726.00 
25751.00 27284.00 27513.00 
25757.00 26337.00 28247.00 
25759.00 26080.00 28290.00 
25876.00 27552.00 27131.00 
25922.00 25493.00 28439.00 
25928.00 27760.00 26794.00 
25969.00 27771.00 26791.00 
26196.00 27883.00 26598.00 
26302.00 25213.00 28401.00 
26390.00 24944.00 28488.00 
26447.00 27758.00 26081.00 
26456.00 26622.00 27256.00 
26457.00 26055.00 27786.00 
26503.00 27205.00 26550.00 
26620.00 27897.00 25785.00 
26851.00 24563.00 28381.00 
26963.00 27153.00 26046.00 
26995.00 25420.00 27865.00 
27030.00 27782.00 25430.00 
27075.00 26154.00 27205.00 
27115.00 26546.00 26682.00 
27183.00 27834.00 25405.00 
27231.00 24583.00 28353.00 
27568.00 24257.00 28255.00 
27570.00 27142.00 25360.00 
27615.00 25965.00 26636.00 
27616.00 27752.00 24896.00 
27645.00 26685.00 26175.00 
27711.00 27740.00 25050.00 
27718.00 25465.00 27297.00 
27742.00 24350.00 28245.00 
27779.00 25101.00 27839.00 
27960.00 24329.00 28178.00 
28117.00 24230.00 28012.00 
28159.00 24729.00 27242.00 
28225.00 27205.00 24978.00 
28236.00 24249.00 27842.00 
28270.00 27584.00 24655.00 
28276.00 25436.00 26719.00 
28293.00 26138.00 26155.00 
28313.00 26642.00 25654.00 
28348.00 27551.00 24743.00 
28431.00 24278.00 27833.00 
28475.00 24329.00 27796.00 
28594.00 24361.00 27690.00 
28617.00 27369.00 24732.00 
28663.00 24329.00 27634.00 
28664.00 24349.00 27624.00 
28669.00 24451.00 27607.00 
28673.00 27316.00 24590.00 
28684.00 24375.00 27598.00 
28743.00 27250.00 24881.00 
28760.00 25892.00 25323.00 
28767.00 24694.00 26556.00 
28790.00 25465.00 26210.00 
28816.00 27193.00 24714.00 
28842.00 27068.00 24815.00 
28848.00 24330.00 27454.00 
28850.00 26607.00 24850.00 
28854.00 24358.00 27326.00 
28860.00 24318.00 27406.00 
28887.00 24331.00 27368.00 
28909.00 24476.00 27304.00 
28911.00 27042.00 24722.00 
28920.00 27038.00 24733.00 
29149.00 26644.00 24601.00 
29184.00 26630.00 24845.00 
29190.00 24360.00 26709.00 
29369.00 24661.00 25846.00 
29375.00 24430.00 26336.00 
29379.00 25415.00 25437.00 
29380.00 26109.00 24986.00 
29457.00 25267.00 25728.00 
29489.00 25613.00 25192.00 
25333.00 27120.00 28016.00 
25384.00 27342.00 27766.00 
25413.00 27226.00 27896.00 
25439.00 27116.00 28002.00 
25464.00 27195.00 27869.00 
25465.00 26731.00 28222.00 
25472.00 26977.00 28096.00 
25479.00 27479.00 27622.00 
25533.00 26746.00 27893.00 
25537.00 27248.00 27829.00 
25559.00 26615.00 28269.00 
25564.00 26106.00 28415.00 
25598.00 26346.00 28368.00 
25630.00 27657.00 27415.00 
25741.00 27822.00 26724.00 
25821.00 25761.00 28603.00 
25859.00 27867.00 26695.00 
26005.00 26015.00 27808.00 
26124.00 27948.00 26412.00 
26154.00 25449.00 28516.00 
26217.00 26751.00 27267.00 
26253.00 27400.00 26637.00 
26262.00 27961.00 26177.00 
26625.00 25117.00 28556.00 
26679.00 28018.00 25745.00 
26702.00 26643.00 26575.00 
26765.00 26121.00 27284.00 
26828.00 24899.00 28456.00 
26837.00 27372.00 26147.00 
26898.00 27995.00 25579.00 
26914.00 25436.00 27842.00 
27043.00 24852.00 28431.00 
27137.00 27968.00 25558.00 
27290.00 24607.00 27815.00 
27322.00 24272.00 28259.00 
27489.00 26176.00 26711.00 
27539.00 27881.00 25225.00 
27590.00 26762.00 26019.00 
27599.00 25682.00 27315.00 
27606.00 27487.00 25620.00 
27633.00 27870.00 24845.00 
27773.00 24326.00 28184.00 
27807.00 24376.00 28131.00 
27947.00 24745.00 27203.00 
27968.00 24372.00 28010.00 
28013.00 25513.00 26624.00 
28075.00 24317.00 27910.00 
28115.00 26771.00 25671.00 
28117.00 26152.00 26102.00 
28136.00 27661.00 24937.00 
28171.00 27425.00 25044.00 
28196.00 24404.00 27881.00 
28345.00 24407.00 27799.00 
28376.00 24382.00 27735.00 
28396.00 24224.00 27738.00 
28409.00 27486.00 24917.00 
28434.00 24295.00 27703.00 
28472.00 24275.00 27687.00 
28475.00 24338.00 27667.00 
28576.00 27381.00 24766.00 
28598.00 27353.00 24892.00 
28606.00 24259.00 27519.00 
28608.00 27326.00 24875.00 
28613.00 27294.00 24860.00 
28621.00 24639.00 26498.00 
28643.00 25441.00 25970.00 
28681.00 27194.00 24852.00 
28697.00 24346.00 27316.00 
28704.00 24246.00 27385.00 
28749.00 26268.00 25555.00 
28768.00 27090.00 24904.00 
28776.00 27006.00 24971.00 
28804.00 27032.00 24904.00 
28833.00 24338.00 27190.00 
28985.00 24187.00 26690.00 
29151.00 24475.00 26420.00 
29173.00 26581.00 24814.00 
29273.00 25301.00 25237.00 
29275.00 24725.00 26022.00 
29282.00 24750.00 25981.00 
29321.00 25970.00 24770.00 
29365.00 25727.00 24999.00 
29407.00 24943.00 25713.00 
25175.00 26656.00 28274.00 
25197.00 27242.00 27877.00 
25260.00 27191.00 27886.00 
25292.00 27240.00 27869.00 
25300.00 26111.00 28469.00 
25311.00 27185.00 27865.00 
25326.00 27446.00 27558.00 
25346.00 27591.00 27336.00 
25371.00 27141.00 27904.00 
25379.00 27603.00 27271.00 
25385.00 27274.00 27816.00 
25411.00 26833.00 27922.00 
25417.00 27311.00 27769.00 
25419.00 26663.00 28260.00 
25455.00 25911.00 28629.00 
25470.00 27683.00 26861.00 
25514.00 27477.00 27367.00 
25535.00 27730.00 26778.00 
25830.00 25755.00 28677.00 
25869.00 28008.00 26078.00 
25872.00 27871.00 26187.00 
25887.00 26702.00 27224.00 
25917.00 27362.00 26549.00 
25975.00 26171.00 27905.00 
25997.00 25100.00 28665.00 
26039.00 28013.00 25482.00 
26337.00 25971.00 27097.00 
26421.00 28035.00 25008.00 
26485.00 24621.00 28531.00 
26618.00 27404.00 26080.00 
26704.00 26792.00 26573.00 
26745.00 25642.00 27905.00 
26758.00 28109.00 24890.00 
26839.00 24397.00 28490.00 
27037.00 27306.00 25068.00 
27175.00 26766.00 25971.00 
27205.00 25326.00 27225.00 
27250.00 26112.00 26551.00 
27288.00 24481.00 28308.00 
27358.00 24714.00 27934.00 
27439.00 24481.00 28277.00 
27462.00 27842.00 24818.00 
27531.00 27852.00 24773.00 
27770.00 27682.00 24486.00 
27828.00 26648.00 25050.00 
27869.00 27602.00 24372.00 
27894.00 26203.00 26115.00 
27925.00 27423.00 24507.00 
28004.00 24750.00 27258.00 
28044.00 24660.00 27987.00 
28108.00 25574.00 26756.00 
28135.00 24426.00 27913.00 
28203.00 27454.00 24386.00 
28283.00 24595.00 27872.00 
28354.00 27342.00 24434.00 
28446.00 24573.00 27742.00 
28459.00 24524.00 27760.00 
28465.00 27235.00 24432.00 
28482.00 24384.00 27668.00 
28485.00 27306.00 24429.00 
28517.00 27220.00 24345.00 
28532.00 24544.00 27653.00 
28541.00 25508.00 26003.00 
28543.00 26785.00 24592.00 
28565.00 27214.00 24342.00 
28613.00 24540.00 27644.00 
28643.00 24549.00 27574.00 
28663.00 26314.00 25471.00 
28711.00 27081.00 24258.00 
28723.00 26998.00 24199.00 
28733.00 24450.00 27383.00 
28897.00 24499.00 27262.00 
28918.00 24642.00 27231.00 
28948.00 26639.00 24398.00 
29020.00 26542.00 24308.00 
29091.00 24754.00 26842.00 
29102.00 24856.00 26763.00 
29148.00 26174.00 24642.00 
29208.00 25169.00 26208.00 
29219.00 25027.00 26322.00 
29228.00 25523.00 25342.00 
29344.00 25229.00 25844.00 
29375.00 25551.00 25291.00 
25201.00 26857.00 28065.00 
25211.00 26407.00 28304.00 
25235.00 27406.00 27502.00 
25260.00 27249.00 27753.00 
25273.00 26975.00 28022.00 
25280.00 27198.00 27800.00 
25302.00 27662.00 27067.00 
25336.00 26199.00 28385.00 
25341.00 27574.00 27238.00 
25366.00 27232.00 27776.00 
25372.00 27731.00 26960.00 
25425.00 27465.00 27431.00 
25454.00 27106.00 27864.00 
25489.00 27196.00 27764.00 
25514.00 27806.00 26681.00 
25543.00 27310.00 27647.00 
25610.00 25917.00 28446.00 
25700.00 27836.00 26649.00 
25822.00 27636.00 26614.00 
25889.00 27967.00 26297.00 
25897.00 26292.00 27842.00 
25898.00 27037.00 27279.00 
25915.00 24952.00 28556.00 
26053.00 28041.00 25983.00 
26298.00 28089.00 25598.00 
26317.00 24551.00 28572.00 
26336.00 24765.00 28481.00 
26430.00 26227.00 27231.00 
26484.00 27530.00 25962.00 
26536.00 26970.00 26583.00 
26602.00 25818.00 27971.00 
26803.00 28100.00 25550.00 
26944.00 24688.00 27787.00 
27005.00 25425.00 27140.00 
27125.00 24244.00 28271.00 
27233.00 24343.00 28261.00 
27262.00 27093.00 26100.00 
27269.00 27574.00 25573.00 
27314.00 26415.00 26779.00 
27319.00 28024.00 24989.00 
27441.00 28014.00 24994.00 
27506.00 24276.00 28127.00 
27697.00 24128.00 28017.00 
27701.00 24106.00 27903.00 
27706.00 24942.00 27087.00 
27775.00 27951.00 25029.00 
27817.00 25736.00 26593.00 
27821.00 26975.00 25386.00 
27842.00 26428.00 26116.00 
27849.00 27663.00 25003.00 
27897.00 27873.00 24831.00 
28019.00 24217.00 27873.00 
28022.00 24228.00 27852.00 
28025.00 27760.00 24926.00 
28046.00 24288.00 27840.00 
28167.00 24125.00 27724.00 
28220.00 24306.00 27700.00 
28231.00 24155.00 27665.00 
28290.00 27555.00 24880.00 
28318.00 27547.00 24922.00 
28343.00 27506.00 24846.00 
28385.00 26241.00 25247.00 
28396.00 25897.00 26159.00 
28417.00 24377.00 27472.00 
28428.00 24384.00 27226.00 
28435.00 24113.00 27453.00 
28454.00 25017.00 26679.00 
28476.00 24112.00 27418.00 
28536.00 27058.00 24932.00 
28576.00 27228.00 24825.00 
28668.00 27156.00 24813.00 
28731.00 24269.00 27046.00 
28809.00 27050.00 24823.00 
28850.00 27010.00 24828.00 
28876.00 24437.00 26843.00 
28914.00 24546.00 26738.00 
28946.00 26411.00 25074.00 
28977.00 26493.00 24877.00 
29051.00 25614.00 25296.00 
29088.00 24856.00 26276.00 
29096.00 25776.00 25137.00 
29244.00 25367.00 25444.00 
25517.00 27250.00 27544.00 
25523.00 27152.00 27711.00 
25544.00 26941.00 27919.00 
25555.00 27135.00 27681.00 
25653.00 26795.00 28007.00 
25685.00 27121.00 27717.00 
25709.00 27105.00 27702.00 
25761.00 27066.00 27773.00 
25781.00 27343.00 27339.00 
25857.00 27326.00 27121.00 
25870.00 27692.00 26869.00 
25879.00 27542.00 27086.00 
25952.00 27988.00 26156.00 
25953.00 26158.00 28312.00 
26099.00 25948.00 27608.00 
26120.00 27897.00 26507.00 
26148.00 27347.00 26505.00 
26204.00 25486.00 28336.00 
26394.00 26737.00 27110.00 
26410.00 25478.00 28334.00 
26621.00 25186.00 28331.00 
26642.00 27983.00 25563.00 
26935.00 25381.00 27728.00 
26990.00 27904.00 25449.00 
27027.00 27287.00 25829.00 
27075.00 24955.00 28205.00 
27091.00 27856.00 25287.00 
27099.00 26787.00 26485.00 
27183.00 26242.00 27212.00 
27244.00 24780.00 28233.00 
27400.00 26580.00 25818.00 
27540.00 26194.00 26632.00 
27542.00 27299.00 25291.00 
27583.00 24840.00 27698.00 
27614.00 24393.00 28159.00 
27616.00 25613.00 27234.00 
27646.00 24365.00 28160.00 
27666.00 27677.00 24961.00 
27704.00 27656.00 25126.00 
28071.00 24394.00 27845.00 
28089.00 24848.00 27018.00 
28159.00 24392.00 27766.00 
28195.00 25543.00 26486.00 
28200.00 26147.00 26052.00 
28210.00 27545.00 24927.00 
28211.00 24368.00 27728.00 
28228.00 26799.00 25351.00 
28313.00 27366.00 24932.00 
28329.00 24447.00 27658.00 
28398.00 24489.00 27638.00 
28430.00 27369.00 24912.00 
28513.00 27400.00 24799.00 
28527.00 24496.00 27481.00 
28566.00 27264.00 24865.00 
28609.00 24485.00 27464.00 
28659.00 27217.00 24870.00 
28670.00 24405.00 27362.00 
28691.00 25349.00 25755.00 
28724.00 24414.00 27298.00 
28744.00 24395.00 27312.00 
28782.00 27056.00 24749.00 
28785.00 24374.00 27215.00 
28805.00 26159.00 25582.00 
28809.00 26769.00 24886.00 
28828.00 24933.00 26617.00 
28902.00 26903.00 24756.00 
28979.00 26747.00 24920.00 
28998.00 26754.00 24819.00 
29016.00 24171.00 26927.00 
29044.00 24224.00 26846.00 
29199.00 26234.00 24923.00 
29216.00 24356.00 26624.00 
29216.00 26170.00 24851.00 
29284.00 24739.00 26366.00 
29327.00 24887.00 25939.00 
29337.00 25537.00 25431.00 
29373.00 25961.00 25223.00 
29468.00 25439.00 25513.00 
25328.00 26459.00 28443.00 
25331.00 26625.00 28376.00 
25353.00 26866.00 28191.00 
25362.00 26998.00 28042.00 
25370.00 26509.00 28434.00 
25435.00 27031.00 28039.00 
25451.00 26913.00 28148.00 
25502.00 26993.00 28102.00 
25610.00 27204.00 27740.00 
25628.00 27130.00 27857.00 
25650.00 25935.00 28687.00 
25731.00 25932.00 28650.00 
25735.00 25274.00 28793.00 
25813.00 27521.00 27163.00 
25876.00 27331.00 27502.00 
26025.00 25902.00 28141.00 
26038.00 27068.00 26965.00 
26109.00 27568.00 26805.00 
26134.00 25271.00 28792.00 
26165.00 24877.00 28791.00 
26190.00 26579.00 27663.00 
26430.00 27548.00 26688.00 
26535.00 25141.00 28143.00 
26573.00 27111.00 26396.00 
26609.00 24668.00 28765.00 
26649.00 27713.00 26130.00 
26730.00 24558.00 28744.00 
26752.00 27677.00 25884.00 
26865.00 26519.00 27034.00 
26950.00 25955.00 27756.00 
26985.00 27692.00 25679.00 
27311.00 24691.00 28275.00 
27324.00 25880.00 26968.00 
27346.00 24408.00 28454.00 
27380.00 27108.00 25995.00 
27409.00 24374.00 28478.00 
27438.00 25318.00 27806.00 
27475.00 27559.00 25504.00 
27484.00 26538.00 26615.00 
27574.00 27592.00 25402.00 
27790.00 24526.00 28216.00 
27802.00 25837.00 26315.00 
27834.00 24426.00 28194.00 
27850.00 24150.00 28160.00 
27875.00 25314.00 27085.00 
27876.00 24676.00 27563.00 
28006.00 27376.00 25416.00 
28010.00 26516.00 26036.00 
28030.00 27352.00 25279.00 
28041.00 24459.00 28056.00 
28073.00 27348.00 25319.00 
28214.00 24282.00 27914.00 
28253.00 27241.00 25248.00 
28256.00 24268.00 27889.00 
28299.00 27212.00 25236.00 
28305.00 24319.00 27860.00 
28334.00 27175.00 25224.00 
28359.00 27110.00 25178.00 
28372.00 24357.00 27782.00 
28379.00 24365.00 27774.00 
28418.00 24421.00 27734.00 
28427.00 24360.00 27760.00 
28454.00 26068.00 25964.00 
28483.00 24802.00 27131.00 
28515.00 24382.00 27671.00 
28565.00 24208.00 27593.00 
28566.00 25519.00 26605.00 
28588.00 26901.00 25122.00 
28592.00 26880.00 25273.00 
28619.00 24389.00 27485.00 
28702.00 26730.00 25411.00 
28778.00 24462.00 27226.00 
28808.00 26551.00 25370.00 
28826.00 24537.00 27121.00 
28854.00 26492.00 25264.00 
29000.00 26016.00 25343.00 
29014.00 24712.00 26858.00 
29022.00 25986.00 25430.00 
29032.00 24806.00 26517.00 
29033.00 25606.00 26033.00 
29079.00 25524.00 26096.00 
29103.00 25043.00 26365.00 
25610.00 26608.00 28187.00 
25672.00 26714.00 28132.00 
25677.00 27022.00 27941.00 
25766.00 27333.00 27542.00 
25782.00 27119.00 27834.00 
25790.00 27106.00 27841.00 
25790.00 27548.00 27204.00 
25800.00 27173.00 27751.00 
25802.00 26754.00 27934.00 
25873.00 26202.00 28392.00 
25883.00 26147.00 28347.00 
25906.00 27709.00 26748.00 
26090.00 27760.00 26742.00 
26129.00 27814.00 26357.00 
26189.00 25755.00 28482.00 
26278.00 25555.00 28483.00 
26487.00 27437.00 26683.00 
26498.00 25220.00 28607.00 
26521.00 26283.00 27967.00 
26554.00 26788.00 27353.00 
26573.00 27859.00 26114.00 
26801.00 27853.00 25701.00 
26908.00 24951.00 28396.00 
26955.00 25485.00 27819.00 
26979.00 26074.00 27279.00 
27006.00 26733.00 26648.00 
27095.00 24556.00 28456.00 
27188.00 27913.00 25536.00 
27311.00 27247.00 26303.00 
27490.00 24215.00 28287.00 
27576.00 25472.00 27236.00 
27602.00 27275.00 25692.00 
27629.00 26109.00 26722.00 
27658.00 27779.00 25162.00 
27671.00 25114.00 27792.00 
27752.00 26769.00 26290.00 
27860.00 27730.00 25229.00 
27889.00 24463.00 28196.00 
28117.00 24912.00 27328.00 
28172.00 26273.00 26239.00 
28249.00 25796.00 26898.00 
28289.00 24296.00 28007.00 
28332.00 26855.00 25797.00 
28340.00 27518.00 25186.00 
28341.00 24316.00 27965.00 
28383.00 27463.00 25205.00 
28435.00 27422.00 25168.00 
28522.00 24301.00 27800.00 
28551.00 24312.00 27774.00 
28560.00 27344.00 25205.00 
28604.00 24350.00 27737.00 
28633.00 24280.00 27701.00 
28647.00 27274.00 25199.00 
28696.00 24200.00 27642.00 
28700.00 24705.00 26617.00 
28705.00 27185.00 25207.00 
28725.00 24272.00 27296.00 
28811.00 25701.00 26257.00 
28818.00 24226.00 27459.00 
28860.00 27023.00 25097.00 
28898.00 24287.00 27258.00 
28935.00 26949.00 25108.00 
28963.00 24551.00 27177.00 
29008.00 26750.00 25096.00 
29013.00 26779.00 25062.00 
29190.00 24539.00 26808.00 
29244.00 25037.00 26229.00 
29251.00 24498.00 26798.00 
29270.00 26247.00 25270.00 
29285.00 25981.00 25451.00 
29293.00 25511.00 25420.00 
29310.00 26168.00 25229.00 
29364.00 25026.00 26304.00 
29375.00 25262.00 25949.00 
25522.00 26382.00 28208.00 
25526.00 26524.00 28126.00 
25541.00 25996.00 28332.00 
25582.00 26198.00 28328.00 
25633.00 26926.00 27858.00 
25694.00 27410.00 27199.00 
25702.00 27031.00 27736.00 
25707.00 26932.00 27849.00 
25745.00 27699.00 26689.00 
25761.00 27194.00 27565.00 
25766.00 27722.00 26600.00 
25781.00 27276.00 27463.00 
25813.00 27397.00 27236.00 
25836.00 27089.00 27674.00 
26023.00 27888.00 26254.00 
26198.00 25496.00 28433.00 
26206.00 27814.00 25875.00 
26233.00 26049.00 27773.00 
26234.00 27200.00 26529.00 
26264.00 25413.00 28399.00 
26440.00 26691.00 27222.00 
26475.00 25207.00 28449.00 
26768.00 27901.00 25676.00 
26789.00 26559.00 26529.00 
26833.00 24778.00 28419.00 
26925.00 27803.00 25456.00 
26951.00 25427.00 27807.00 
27014.00 27213.00 26066.00 
27057.00 24652.00 28375.00 
27066.00 26179.00 27187.00 
27217.00 27856.00 25286.00 
27408.00 25310.00 27147.00 
27507.00 24501.00 28251.00 
27514.00 27749.00 24762.00 
27515.00 24839.00 27800.00 
27576.00 26721.00 26166.00 
27578.00 26067.00 26761.00 
27611.00 27724.00 24776.00 
27619.00 27253.00 25529.00 
28022.00 27632.00 24849.00 
28123.00 26779.00 25674.00 
28128.00 24537.00 27932.00 
28141.00 24542.00 27918.00 
28160.00 26128.00 26147.00 
28162.00 25075.00 27322.00 
28234.00 24658.00 27869.00 
28244.00 25533.00 26747.00 
28265.00 24625.00 27861.00 
28311.00 24552.00 27826.00 
28372.00 27464.00 24945.00 
28400.00 24660.00 27722.00 
28466.00 24605.00 27648.00 
28484.00 27397.00 24864.00 
28511.00 24450.00 27578.00 
28539.00 27358.00 24829.00 
28635.00 27263.00 24953.00 
28666.00 27219.00 25021.00 
28673.00 24512.00 27474.00 
28695.00 24525.00 27421.00 
28718.00 24602.00 27383.00 
28723.00 27204.00 25028.00 
28729.00 26103.00 25472.00 
28738.00 25525.00 26098.00 
28747.00 24529.00 27348.00 
28748.00 24357.00 27231.00 
28760.00 27128.00 25003.00 
28790.00 26747.00 25092.00 
28876.00 24799.00 27195.00 
29029.00 24682.00 26894.00 
29066.00 24738.00 26804.00 
29152.00 26498.00 25093.00 
29166.00 26527.00 24989.00 
29210.00 26417.00 25173.00 
29238.00 26228.00 25176.00 
29289.00 25416.00 25377.00 
29337.00 24902.00 26123.00 
29360.00 25827.00 25352.00 
29371.00 24870.00 26152.00 
29449.00 25190.00 25780.00 
25584.00 27610.00 26898.00 
25598.00 27310.00 27461.00 
25624.00 27281.00 27485.00 
25628.00 27363.00 27392.00 
25630.00 27740.00 26504.00 
25680.00 27037.00 27670.00 
25745.00 27542.00 26945.00 
25781.00 26996.00 27690.00 
25813.00 27145.00 27552.00 
25834.00 26687.00 27848.00 
25840.00 27743.00 26466.00 
25851.00 27291.00 27143.00 
26009.00 26363.00 28055.00 
26041.00 26549.00 27948.00 
26077.00 26173.00 28107.00 
26142.00 26567.00 27010.00 
26316.00 27377.00 26340.00 
26322.00 27919.00 25916.00 
26341.00 25773.00 28233.00 
26381.00 27885.00 25858.00 
26512.00 26153.00 27697.00 
26557.00 25569.00 28178.00 
26641.00 28061.00 25442.00 
26735.00 26610.00 26255.00 
26933.00 25448.00 28223.00 
26987.00 26100.00 27219.00 
27019.00 27914.00 25149.00 
27024.00 27328.00 25614.00 
27045.00 25341.00 27617.00 
27205.00 24924.00 28214.00 
27333.00 27875.00 25047.00 
27340.00 25144.00 26925.00 
27432.00 24918.00 28144.00 
27662.00 26861.00 25918.00 
27685.00 24924.00 27707.00 
27743.00 26144.00 26360.00 
27779.00 27408.00 25234.00 
27798.00 24649.00 28028.00 
27811.00 27747.00 24893.00 
28065.00 27729.00 24822.00 
28113.00 24603.00 27885.00 
28142.00 26631.00 24869.00 
28301.00 27640.00 24577.00 
28320.00 24421.00 27748.00 
28381.00 27425.00 24557.00 
28385.00 24995.00 27008.00 
28407.00 27582.00 24358.00 
28423.00 25511.00 26470.00 
28429.00 26324.00 25842.00 
28447.00 24594.00 27679.00 
28468.00 24575.00 27645.00 
28543.00 24523.00 27588.00 
28563.00 27507.00 24374.00 
28593.00 27468.00 24479.00 
28604.00 27459.00 24479.00 
28617.00 24466.00 27516.00 
28661.00 27442.00 24392.00 
28667.00 27421.00 24244.00 
28688.00 24545.00 27423.00 
28698.00 27354.00 24275.00 
28775.00 27382.00 24270.00 
28785.00 24715.00 27275.00 
28819.00 24530.00 27295.00 
28875.00 26695.00 24451.00 
28889.00 24739.00 27215.00 
28905.00 27017.00 24424.00 
28908.00 24660.00 27111.00 
28969.00 24880.00 26337.00 
28975.00 24692.00 27056.00 
28976.00 26977.00 24306.00 
28994.00 26075.00 25061.00 
29014.00 24589.00 26924.00 
29046.00 25401.00 25725.00 
29179.00 26585.00 24396.00 
29186.00 24631.00 26572.00 
29219.00 26539.00 24366.00 
29285.00 24832.00 26401.00 
29365.00 26141.00 24477.00 
29378.00 26120.00 24644.00 
29387.00 24861.00 25678.00 
29404.00 24714.00 25853.00 
29474.00 25741.00 24618.00 
29483.00 25375.00 25047.00 
29546.00 24960.00 25444.00 
25684.00 26985.00 27754.00 
25719.00 27397.00 27500.00 
25738.00 27272.00 27602.00 
25750.00 27207.00 27607.00 
25803.00 26914.00 27832.00 
25818.00 27467.00 27438.00 
25830.00 27465.00 27441.00 
25864.00 26254.00 28084.00 
25883.00 27497.00 27364.00 
25886.00 26115.00 28026.00 
25895.00 27495.00 27367.00 
25915.00 27437.00 27420.00 
26005.00 25924.00 28179.00 
26108.00 27826.00 26573.00 
26124.00 27807.00 26538.00 
26279.00 27951.00 26177.00 
26326.00 26596.00 27092.00 
26369.00 26009.00 27657.00 
26380.00 27815.00 26000.00 
26444.00 25388.00 28098.00 
26558.00 25247.00 28226.00 
26598.00 27304.00 26717.00 
26644.00 25053.00 27563.00 
26647.00 25810.00 26951.00 
26756.00 26462.00 26287.00 
26947.00 24978.00 28165.00 
26973.00 27842.00 25877.00 
27360.00 24578.00 28279.00 
27370.00 24570.00 27633.00 
27381.00 27854.00 25739.00 
27435.00 27915.00 25395.00 
27493.00 25896.00 26445.00 
27525.00 26565.00 25819.00 
27532.00 27917.00 25192.00 
27628.00 27825.00 25185.00 
27649.00 24520.00 28099.00 
27660.00 25404.00 27140.00 
27682.00 24330.00 28089.00 
27695.00 27387.00 25539.00 
28050.00 24652.00 27014.00 
28088.00 26050.00 25749.00 
28211.00 27474.00 25002.00 
28229.00 27469.00 25021.00 
28235.00 25452.00 26510.00 
28251.00 24381.00 27745.00 
28291.00 24178.00 27781.00 
28337.00 26725.00 25402.00 
28357.00 24320.00 27767.00 
28377.00 27322.00 24921.00 
28547.00 24278.00 27565.00 
28627.00 24319.00 27484.00 
28642.00 24257.00 27516.00 
28655.00 25196.00 25646.00 
28657.00 27127.00 24769.00 
28686.00 24226.00 27474.00 
28719.00 27090.00 24853.00 
28742.00 27051.00 24875.00 
28777.00 24328.00 27335.00 
28782.00 24240.00 27349.00 
28788.00 27036.00 24833.00 
28820.00 26954.00 24935.00 
28832.00 24167.00 27294.00 
28835.00 26152.00 25330.00 
28868.00 26975.00 24760.00 
28879.00 24859.00 26495.00 
28975.00 24288.00 27137.00 
29018.00 26711.00 24836.00 
29049.00 26602.00 24790.00 
29094.00 24100.00 26931.00 
29196.00 24491.00 26567.00 
29202.00 24123.00 26578.00 
29219.00 26414.00 25015.00 
29255.00 26216.00 25078.00 
29274.00 24715.00 25844.00 
29497.00 24720.00 25826.00 
29517.00 25095.00 25412.00 
29576.00 25428.00 25181.00 
25607.00 27327.00 27385.00 
25642.00 26922.00 27784.00 
25670.00 26597.00 28032.00 
25670.00 26960.00 27767.00 
25701.00 27013.00 27740.00 
25730.00 26518.00 27935.00 
25755.00 27223.00 27531.00 
25761.00 27101.00 27653.00 
25762.00 27297.00 27449.00 
25765.00 26515.00 28058.00 
25783.00 26510.00 28014.00 
25787.00 27153.00 27601.00 
25825.00 27313.00 27378.00 
25843.00 25746.00 28330.00 
25904.00 27177.00 27357.00 
25906.00 27590.00 26569.00 
25927.00 25879.00 28281.00 
25970.00 25393.00 28389.00 
26077.00 27488.00 26908.00 
26198.00 25797.00 27876.00 
26213.00 27674.00 26428.00 
26277.00 25158.00 28366.00 
26388.00 27192.00 26766.00 
26412.00 27728.00 26067.00 
26609.00 26608.00 27388.00 
26663.00 24989.00 28358.00 
26901.00 24596.00 28413.00 
26940.00 27046.00 25939.00 
26968.00 26456.00 26724.00 
27001.00 27934.00 25611.00 
27015.00 25944.00 27383.00 
27034.00 27756.00 25442.00 
27039.00 27887.00 25392.00 
27072.00 25351.00 27973.00 
27162.00 24550.00 28428.00 
27530.00 26446.00 25892.00 
27536.00 25807.00 26611.00 
27607.00 27683.00 24855.00 
27619.00 24576.00 27894.00 
27619.00 27166.00 25323.00 
27672.00 25252.00 27298.00 
27803.00 24522.00 28111.00 
27878.00 24422.00 28056.00 
27894.00 27650.00 24913.00 
28251.00 24149.00 27888.00 
28254.00 27119.00 24821.00 
28268.00 24661.00 27270.00 
28272.00 25276.00 26564.00 
28283.00 24136.00 27881.00 
28314.00 25928.00 26035.00 
28327.00 26562.00 25370.00 
28391.00 24125.00 27857.00 
28401.00 27475.00 24527.00 
28438.00 24216.00 27819.00 
28445.00 27442.00 24552.00 
28505.00 27397.00 24550.00 
28513.00 24075.00 27723.00 
28628.00 24155.00 27659.00 
28635.00 27272.00 24549.00 
28713.00 24085.00 27607.00 
28735.00 24184.00 27585.00 
28737.00 27248.00 24606.00 
28781.00 27093.00 24579.00 
28829.00 27028.00 24555.00 
28834.00 24651.00 26630.00 
28835.00 24237.00 27412.00 
28843.00 25229.00 26021.00 
28865.00 25860.00 25333.00 
28891.00 26448.00 24808.00 
28899.00 24271.00 27390.00 
28907.00 24323.00 27338.00 
28932.00 26895.00 24531.00 
29011.00 24133.00 27236.00 
29016.00 26855.00 24616.00 
29076.00 24294.00 27163.00 
29168.00 26588.00 24687.00 
29272.00 26425.00 24730.00 
29289.00 24382.00 26897.00 
29302.00 24436.00 26696.00 
29367.00 26161.00 24772.00 
29389.00 25989.00 24887.00 
29522.00 24528.00 25969.00 
29536.00 25259.00 25473.00 
29572.00 25407.00 25442.00 
29575.00 24409.00 26126.00 
29642.00 24868.00 25692.00 
25646.00 26892.00 27990.00 
25692.00 26658.00 28118.00 
25747.00 26870.00 28027.00 
25795.00 27497.00 27230.00 
25798.00 27069.00 27836.00 
25799.00 27268.00 27591.00 
25800.00 27097.00 27796.00 
25824.00 27302.00 27517.00 
25902.00 27526.00 27207.00 
25903.00 27485.00 27274.00 
25906.00 27128.00 27766.00 
25989.00 26114.00 28296.00 
26088.00 26504.00 27676.00 
26117.00 27731.00 26514.00 
26143.00 27194.00 27158.00 
26206.00 27780.00 26456.00 
26408.00 27834.00 26239.00 
26457.00 27088.00 26390.00 
26490.00 25471.00 28403.00 
26539.00 25260.00 28273.00 
26650.00 25147.00 28508.00 
26696.00 26045.00 27741.00 
26726.00 27806.00 25999.00 
26737.00 26705.00 27136.00 
26940.00 27868.00 25386.00 
27096.00 25118.00 27654.00 
27135.00 24675.00 28336.00 
27139.00 26442.00 26240.00 
27155.00 27697.00 25138.00 
27214.00 25914.00 27069.00 
27331.00 27173.00 25873.00 
27549.00 27841.00 24748.00 
27666.00 27093.00 24966.00 
27715.00 24032.00 27921.00 
27740.00 25737.00 26317.00 
27766.00 26472.00 25745.00 
27803.00 27718.00 24559.00 
27821.00 27749.00 24551.00 
27884.00 24601.00 27629.00 
27895.00 25340.00 27067.00 
27938.00 24230.00 27849.00 
28282.00 24928.00 26198.00 
28334.00 26524.00 25127.00 
28408.00 25826.00 25738.00 
28432.00 24536.00 26997.00 
28463.00 24204.00 27614.00 
28466.00 27538.00 24324.00 
28470.00 27076.00 24537.00 
28555.00 27471.00 24269.00 
28583.00 24218.00 27571.00 
28709.00 24143.00 27442.00 
28747.00 24122.00 27412.00 
28753.00 27330.00 24287.00 
28762.00 24177.00 27386.00 
28792.00 24154.00 27355.00 
28840.00 27272.00 24232.00 
28871.00 24094.00 27290.00 
28944.00 27266.00 24286.00 
28948.00 27189.00 24358.00 
28959.00 27121.00 24340.00 
28961.00 24060.00 27157.00 
28966.00 24092.00 27114.00 
28970.00 25723.00 24974.00 
28992.00 25067.00 25573.00 
29012.00 27080.00 24350.00 
29030.00 24055.00 26993.00 
29089.00 26444.00 24553.00 
29095.00 24507.00 26378.00 
29175.00 24036.00 26836.00 
29179.00 26848.00 24250.00 
29283.00 23922.00 26685.00 
29330.00 26524.00 24197.00 
29334.00 26504.00 24270.00 
29434.00 24063.00 26367.00 
29479.00 25768.00 24432.00 
29489.00 26061.00 24411.00 
29618.00 24364.00 25870.00 
29633.00 25055.00 24964.00 
29662.00 24610.00 25662.00 
29676.00 25327.00 24759.00 
29790.00 24717.00 25275.00 
25893.00 27611.00 26932.00 
25960.00 27253.00 27635.00 
25967.00 26990.00 27813.00 
25981.00 27733.00 26513.00 
25986.00 27298.00 27563.00 
26011.00 26884.00 27943.00 
26014.00 27228.00 27616.00 
26030.00 27318.00 27542.00 
26030.00 27435.00 27025.00 
26102.00 27552.00 26958.00 
26170.00 26233.00 28169.00 
26187.00 27972.00 25865.00 
26278.00 26077.00 27501.00 
26283.00 26696.00 26900.00 
26445.00 25117.00 28372.00 
26449.00 25572.00 28305.00 
26529.00 27397.00 26377.00 
26571.00 25715.00 28214.00 
26574.00 27959.00 25742.00 
26786.00 28011.00 25622.00 
27020.00 26091.00 26897.00 
27053.00 24869.00 28247.00 
27063.00 24967.00 28064.00 
27140.00 26824.00 26516.00 
27170.00 27911.00 25269.00 
27221.00 27322.00 25868.00 
27370.00 27865.00 25069.00 
27437.00 25780.00 27497.00 
27539.00 27327.00 24878.00 
27618.00 26678.00 25605.00 
27711.00 26103.00 26475.00 
27721.00 27812.00 24535.00 
27727.00 24644.00 28007.00 
27743.00 27768.00 24843.00 
27794.00 25099.00 27481.00 
27886.00 25642.00 27203.00 
27897.00 24188.00 27976.00 
28073.00 27679.00 24403.00 
28184.00 26037.00 25541.00 
28257.00 26691.00 24928.00 
28310.00 27408.00 24523.00 
28318.00 24348.00 27598.00 
28340.00 25530.00 26272.00 
28340.00 27583.00 24441.00 
28355.00 24161.00 27750.00 
28401.00 24328.00 27737.00 
28453.00 25101.00 27008.00 
28522.00 27440.00 24404.00 
28627.00 24333.00 27569.00 
28698.00 27314.00 24393.00 
28713.00 24472.00 27452.00 
28737.00 24427.00 27436.00 
28742.00 24422.00 27396.00 
28805.00 24552.00 27320.00 
28841.00 27256.00 24608.00 
28861.00 27182.00 24508.00 
28863.00 24488.00 27307.00 
28872.00 27137.00 24429.00 
28885.00 26167.00 25088.00 
28911.00 25388.00 25588.00 
28928.00 24498.00 27049.00 
28933.00 24842.00 26391.00 
28940.00 27086.00 24510.00 
28986.00 26980.00 24390.00 
29050.00 24465.00 27040.00 
29108.00 26862.00 24457.00 
29119.00 24493.00 26951.00 
29233.00 26657.00 24358.00 
29284.00 24467.00 26665.00 
29331.00 24476.00 26464.00 
29338.00 26140.00 24703.00 
29382.00 26199.00 24576.00 
29447.00 24898.00 26181.00 
29487.00 25473.00 24989.00 
29505.00 24937.00 25627.00 
29532.00 25728.00 24878.00 
29569.00 25427.00 25450.00 
25643.00 27114.00 27575.00 
25649.00 27229.00 27413.00 
25663.00 26958.00 27667.00 
25663.00 27047.00 27632.00 
25740.00 26545.00 27926.00 
25767.00 27208.00 27439.00 
25786.00 26372.00 28102.00 
25829.00 27588.00 26943.00 
25839.00 26644.00 27867.00 
25848.00 27156.00 27513.00 
25860.00 27639.00 26909.00 
25913.00 25885.00 28314.00 
25919.00 27109.00 27486.00 
25954.00 27763.00 26693.00 
25974.00 26263.00 27008.00 
26001.00 25859.00 28376.00 
26170.00 25704.00 28413.00 
26206.00 27336.00 26580.00 
26430.00 25367.00 28322.00 
26503.00 25947.00 27814.00 
26533.00 27927.00 26085.00 
26656.00 24871.00 27750.00 
26735.00 27859.00 26042.00 
26786.00 25638.00 27242.00 
26857.00 24760.00 28453.00 
26939.00 27974.00 25670.00 
26992.00 27272.00 25976.00 
27014.00 24736.00 28393.00 
27156.00 24471.00 28278.00 
27161.00 27777.00 25481.00 
27419.00 26602.00 26632.00 
27498.00 27838.00 25472.00 
27557.00 25810.00 26677.00 
27576.00 24152.00 28186.00 
27631.00 24403.00 27927.00 
27700.00 27242.00 25458.00 
27713.00 24853.00 27168.00 
27782.00 24106.00 28051.00 
27785.00 26465.00 25751.00 
27891.00 27734.00 25214.00 
28177.00 24351.00 27264.00 
28295.00 27640.00 24985.00 
28316.00 26401.00 25472.00 
28319.00 25014.00 26628.00 
28334.00 27620.00 24952.00 
28350.00 24074.00 27814.00 
28408.00 24131.00 27802.00 
28424.00 26088.00 26039.00 
28450.00 27524.00 24826.00 
28485.00 24082.00 27710.00 
28525.00 27269.00 24782.00 
28645.00 24241.00 27654.00 
28691.00 24241.00 27624.00 
28721.00 24178.00 27596.00 
28755.00 27312.00 24738.00 
28822.00 25642.00 25281.00 
28824.00 24200.00 27500.00 
28866.00 24294.00 27454.00 
28895.00 27218.00 24690.00 
28908.00 27209.00 24682.00 
28914.00 24120.00 27418.00 
28918.00 24247.00 27410.00 
29000.00 27129.00 24581.00 
29007.00 26539.00 24761.00 
29038.00 24416.00 26502.00 
29045.00 27072.00 24600.00 
29050.00 24297.00 27232.00 
29053.00 24214.00 27251.00 
29061.00 25314.00 25886.00 
29112.00 24258.00 27139.00 
29116.00 26988.00 24673.00 
29148.00 26971.00 24504.00 
29187.00 26920.00 24501.00 
29326.00 26632.00 24644.00 
29334.00 26621.00 24569.00 
29444.00 24325.00 26593.00 
29454.00 24334.00 26452.00 
29496.00 26218.00 24672.00 
29612.00 24466.00 25976.00 
29620.00 24320.00 26200.00 
29628.00 25415.00 25051.00 
29672.00 25272.00 25119.00 
29717.00 25011.00 25434.00 
25475.00 26827.00 28058.00 
25483.00 26874.00 28038.00 
25557.00 26191.00 28321.00 
25557.00 27052.00 27946.00 
25565.00 27384.00 27603.00 
25669.00 27220.00 27813.00 
25680.00 27271.00 27695.00 
25684.00 27209.00 27841.00 
25727.00 26697.00 28152.00 
25748.00 27579.00 27215.00 
25755.00 27494.00 27453.00 
25757.00 27543.00 27316.00 
25759.00 27644.00 27033.00 
25774.00 26403.00 28297.00 
25884.00 25809.00 28490.00 
25928.00 27778.00 26877.00 
25951.00 27994.00 26179.00 
26026.00 27480.00 26731.00 
26030.00 28035.00 26163.00 
26070.00 26788.00 27490.00 
26124.00 25664.00 28483.00 
26134.00 28147.00 25910.00 
26425.00 25335.00 28473.00 
26614.00 25636.00 28057.00 
26635.00 28032.00 25507.00 
26722.00 26287.00 27379.00 
26734.00 24962.00 28449.00 
26819.00 27631.00 26181.00 
26827.00 28241.00 25374.00 
26859.00 26853.00 26970.00 
27094.00 26129.00 26614.00 
27203.00 24951.00 28069.00 
27238.00 27052.00 26155.00 
27334.00 27468.00 25606.00 
27379.00 28067.00 24987.00 
27393.00 24882.00 28282.00 
27409.00 25811.00 27356.00 
27459.00 28114.00 24847.00 
27546.00 24748.00 28168.00 
27667.00 24751.00 27253.00 
27785.00 26295.00 26270.00 
27802.00 27993.00 24779.00 
27804.00 25800.00 26892.00 
27806.00 24429.00 28151.00 
27810.00 24431.00 28029.00 
27815.00 26979.00 25694.00 
27859.00 27887.00 24743.00 
28030.00 27610.00 25044.00 
28049.00 24590.00 28025.00 
28264.00 24436.00 27930.00 
28273.00 27707.00 24609.00 
28291.00 24492.00 27912.00 
28293.00 27710.00 24586.00 
28320.00 24471.00 27885.00 
28321.00 27695.00 24659.00 
28330.00 24470.00 27884.00 
28331.00 26054.00 25285.00 
28346.00 25439.00 26062.00 
28368.00 26788.00 24895.00 
28379.00 24479.00 27837.00 
28419.00 24396.00 27797.00 
28474.00 27492.00 24455.00 
28481.00 25024.00 26777.00 
28518.00 27486.00 24535.00 
28549.00 24415.00 27670.00 
28567.00 27382.00 24751.00 
28569.00 24431.00 27636.00 
28656.00 27329.00 24704.00 
28657.00 27313.00 24526.00 
28714.00 24469.00 27389.00 
28805.00 27138.00 24682.00 
28843.00 24465.00 27291.00 
28907.00 26806.00 24538.00 
28958.00 24688.00 26936.00 
29018.00 24540.00 26924.00 
29019.00 26802.00 24722.00 
29025.00 25623.00 25648.00 
29055.00 26270.00 24910.00 
29154.00 24925.00 26483.00 
29199.00 26493.00 24743.00 
29244.00 25957.00 25135.00 
29301.00 25390.00 25688.00 
25645.00 27428.00 27432.00 
25676.00 27257.00 27638.00 
25701.00 27189.00 27720.00 
25741.00 27718.00 27196.00 
25748.00 28063.00 26451.00 
25753.00 26829.00 27946.00 
25774.00 26465.00 28124.00 
25795.00 27292.00 27605.00 
25807.00 27151.00 27764.00 
25814.00 26190.00 28210.00 
25826.00 26936.00 27893.00 
25845.00 26994.00 27817.00 
25895.00 27860.00 26841.00 
25935.00 27506.00 27262.00 
25938.00 28021.00 26242.00 
25968.00 27126.00 27761.00 
25979.00 25927.00 28373.00 
25987.00 27592.00 27246.00 
26165.00 27452.00 26548.00 
26186.00 25609.00 28303.00 
26282.00 26426.00 27729.00 
26302.00 26909.00 27109.00 
26304.00 25513.00 28377.00 
26385.00 27997.00 26182.00 
26476.00 28174.00 25703.00 
26525.00 24826.00 28281.00 
26713.00 24785.00 28493.00 
26716.00 26277.00 27124.00 
26751.00 27464.00 25963.00 
26797.00 25667.00 27730.00 
26881.00 26973.00 26688.00 
27067.00 28081.00 25317.00 
27318.00 26248.00 26549.00 
27321.00 26891.00 25989.00 
27382.00 27513.00 25541.00 
27413.00 24545.00 28215.00 
27424.00 24418.00 28204.00 
27456.00 25785.00 27179.00 
27527.00 27952.00 25145.00 
27590.00 25248.00 27809.00 
27677.00 24406.00 28141.00 
27842.00 27848.00 24944.00 
27971.00 26309.00 25998.00 
27988.00 25850.00 26698.00 
27990.00 27753.00 24918.00 
27993.00 25217.00 27250.00 
28007.00 26934.00 25511.00 
28031.00 24681.00 27802.00 
28032.00 27507.00 24963.00 
28253.00 24538.00 27720.00 
28405.00 24455.00 27586.00 
28407.00 24597.00 27573.00 
28407.00 24621.00 27568.00 
28478.00 24438.00 27521.00 
28481.00 24505.00 27514.00 
28482.00 27574.00 24789.00 
28504.00 25049.00 26499.00 
28554.00 26271.00 25424.00 
28582.00 24532.00 27377.00 
28586.00 27481.00 24798.00 
28631.00 25791.00 26004.00 
28670.00 27405.00 24692.00 
28731.00 27338.00 24865.00 
28757.00 24574.00 27189.00 
28758.00 24447.00 27158.00 
28792.00 27236.00 24714.00 
28796.00 27273.00 24712.00 
28948.00 26848.00 24660.00 
29004.00 24583.00 26635.00 
29022.00 24471.00 26717.00 
29023.00 26761.00 24744.00 
29096.00 26293.00 24778.00 
29101.00 25662.00 25340.00 
29105.00 26455.00 24777.00 
29164.00 25088.00 25929.00 
29177.00 24943.00 26097.00 
29181.00 25833.00 25163.00 
29250.00 25394.00 25927.00 
25549.00 26728.00 28059.00 
25560.00 27276.00 27621.00 
25573.00 27146.00 27812.00 
25579.00 27045.00 27933.00 
25607.00 27191.00 27780.00 
25637.00 27076.00 27877.00 
25649.00 27050.00 27882.00 
25673.00 26549.00 28200.00 
25737.00 26216.00 28294.00 
25773.00 27438.00 27395.00 
25774.00 27494.00 27310.00 
25858.00 25500.00 28550.00 
25863.00 27880.00 26677.00 
25868.00 27217.00 27692.00 
26010.00 27765.00 26956.00 
26105.00 25995.00 27820.00 
26113.00 28000.00 26310.00 
26137.00 24940.00 28626.00 
26149.00 26723.00 27207.00 
26183.00 25560.00 28443.00 
26315.00 27351.00 26744.00 
26322.00 27990.00 26021.00 
26508.00 28108.00 25912.00 
26701.00 24702.00 28461.00 
26787.00 26082.00 27164.00 
26852.00 25530.00 27855.00 
26935.00 27950.00 25445.00 
26969.00 27405.00 26102.00 
27024.00 24420.00 28463.00 
27034.00 26874.00 26788.00 
27267.00 27991.00 25260.00 
27367.00 26664.00 25849.00 
27369.00 24177.00 28405.00 
27380.00 26005.00 26526.00 
27409.00 24913.00 27883.00 
27509.00 25568.00 27217.00 
27523.00 24120.00 28350.00 
27557.00 27473.00 25420.00 
27651.00 27894.00 24835.00 
27953.00 23910.00 28162.00 
28098.00 26133.00 25965.00 
28106.00 24115.00 28123.00 
28138.00 24278.00 27816.00 
28140.00 26751.00 25509.00 
28166.00 27728.00 25018.00 
28175.00 25624.00 26607.00 
28188.00 24911.00 27255.00 
28196.00 27679.00 24940.00 
28252.00 24125.00 28022.00 
28346.00 24049.00 27911.00 
28373.00 27593.00 25069.00 
28527.00 23922.00 27818.00 
28543.00 27487.00 24845.00 
28567.00 27452.00 24919.00 
28581.00 23955.00 27811.00 
28592.00 27417.00 24907.00 
28624.00 27386.00 24846.00 
28645.00 27358.00 24835.00 
28691.00 24826.00 26557.00 
28695.00 24309.00 27586.00 
28696.00 27253.00 24685.00 
28712.00 25516.00 26028.00 
28715.00 24221.00 27613.00 
28718.00 24164.00 27553.00 
28801.00 27175.00 24810.00 
28809.00 26127.00 25576.00 
28811.00 27117.00 24740.00 
28817.00 26855.00 25025.00 
28887.00 24192.00 27361.00 
28977.00 24137.00 27231.00 
29056.00 24372.00 27015.00 
29121.00 26639.00 24820.00 
29261.00 24634.00 26635.00 
29294.00 26361.00 24999.00 
29329.00 25024.00 26082.00 
29360.00 25674.00 25591.00 
29369.00 26184.00 24961.00 
29406.00 24558.00 26387.00 
29427.00 25281.00 25961.00 
29432.00 24708.00 26156.00 
29532.00 25720.00 25214.00 
