9888 7458
9357 9159
9291 9231
8690 9740
9301 9219
9305 9213
8701 9730
9396 9133
9850 8033
8926 9599
9185 9360
9403 9120
7668 10064
9356 9179
9832 8114
9003 9526
8773 9700
9153 9392
7543 10069
8909 9625
9337 9201
9843 8074
8752 9708
8226 9947
8608 9786
7261 10096
9094 9456
8397 9907
8714 9729
7246 10098
9534 8934
8286 9925
8463 9860
9633 8734
9755 8394
8681 9751
9544 8911
8427 9893
8347 9911
9370 9141
9887 7616
9708 8570
7193 10100
9648 8687
8777 9692
9364 9144
7872 10036
8699 9732
8438 9890
9289 9237
9725 8524
9203 9358
8140 9969
9070 9494
9465 9036
7537 10070
8276 9943
9110 9453
7510 10077
9219 9331
9763 8367
9560 8872
9475 9021
9566 8865
8166 9958
9671 8660
9625 8758
8137 9986
9719 8545
9775 8352
9812 8220
8304 9920
8153 9968
9683 8648
8656 9755
9785 8326
9615 8781
9239 9316
8985 9569
8734 9722
9514 8964
8593 9794
8871 9646
9561 8871
9757 8368
9215 9333
9405 9106
9389 9139
8162 9962
9829 8139
9428 9091
9585 8818
9541 8932
8054 10005
9413 9095
9528 8952
9111 9449
9486 9008
8936 9589
8661 9752
9285 9247
9579 8858
9700 8605
7306 10091
7452 10090
9323 9211
8474 9857
8645 9775
8957 9586
9121 9424
8511 9844
9556 8888
8803 9689
9265 9295
9855 7985
8556 9821
9355 9183
8439 9868
8589 9813
9859 7976
9756 8376
8911 9605
9462 9044
9742 8497
7651 10068
9605 8789
7956 10027
9152 9407
9165 9376
8649 9763
9750 8447
9878 7863
7787 10052
8783 9691
8522 9841
9434 9080
9491 8999
9875 7866
9290 9234
8622 9780
8846 9664
9087 9469
9013 9517
9839 8108
9145 9412
9028 9511
9636 8693
9299 9229
9804 8276
8998 9545
7845 10039
9590 8808
9077 9476
9001 9538
9442 9061
9447 9054
8915 9600
9513 8976
8332 9913
9273 9259
8222 9956
8827 9678
9455 9050
9791 8318
7473 10083
9847 8058
8539 9825
9163 9382
8653 9761
8753 9703
8299 9921
9668 8681
9595 8795
8606 9787
9359 9145
9584 8836
9817 8207
9888 7458
9882 7662
9821 8167
8943 9604
8661 9787
8973 9584
8375 9908
9846 8061
8307 9917
9317 9225
9390 9154
9712 8548
9406 9125
9312 9235
9736 8492
8314 9914
9852 8028
8906 9632
9419 9100
9791 8295
9121 9436
9021 9548
8510 9843
9279 9276
9841 8103
9688 8598
9384 9159
9476 9029
9501 8999
9253 9317
8640 9794
8416 9884
8558 9833
9152 9427
9256 9311
9410 9111
9695 8578
9665 8670
8665 9785
8492 9866
9428 9087
7515 10087
9818 8182
8821 9694
9554 8923
7300 10096
7812 10036
8459 9868
9527 8955
9789 8307
9805 8232
9599 8837
9189 9382
9566 8881
8893 9650
9000 9550
9832 8116
8916 9621
9636 8728
9681 8601
9474 9031
9262 9294
9109 9465
9519 8959
9624 8767
8687 9774
7712 10067
8655 9790
9371 9181
9672 8658
9772 8355
9473 9041
9136 9435
9237 9334
9415 9106
9488 9028
9563 8902
8536 9839
9657 8723
9866 7944
8911 9631
9110 9447
9221 9352
8847 9688
9824 8155
9159 9411
9825 8129
8330 9910
8996 9580
9767 8376
8157 9954
9284 9267
9544 8946
7863 10034
9673 8626
8775 9726
8443 9875
9518 8988
9881 7688
8410 9896
9069 9479
9865 7977
8304 9919
9714 8518
8262 9947
9827 8126
8670 9775
8955 9603
9163 9408
9271 9293
9855 8006
8611 9820
8924 9620
9302 9250
9062 9505
8962 9596
9356 9193
9884 7503
8432 9881
8767 9741
8877 9657
9337 9223
8636 9798
9395 9145
8999 9562
9207 9358
9801 8252
9819 8170
8805 9720
8966 9594
9848 8060
8863 9671
8942 9614
9876 7833
8136 9975
9432 9080
9196 9366
9068 9497
8058 9999
9659 8689
9453 9071
9204 9359
8715 9757
9379 9166
9300 9262
9635 8766
9853 8027
9747 8436
8079 9986
9752 8425
9579 8879
9310 9243
9052 9530
9316 9226
8577 9824
8018 10012
9776 8331
9867 7837
9214 9355
7950 10020
7665 10075
9612 8816
9585 8858
9711 8565
7802 10049
9184 9397
9677 8625
9753 8389
9462 9060
9099 9472
7437 10095
9811 8202
9615 8797
9717 8473
9787 8258
9796 8213
9775 8283
9151 9404
9250 9299
9197 9366
9266 9293
9111 9457
9065 9495
9746 8381
9819 8151
8310 9904
9888 7458
9812 8189
9836 8093
8130 9956
9152 9394
9738 8413
9765 8351
9113 9436
8897 9634
8196 9948
8214 9927
9759 8352
8261 9906
8219 9924
9788 8250
9067 9493
8136 9954
8974 9580
9159 9387
7850 10027
8249 9923
7923 10008
8120 9958
9803 8199
9088 9464
9594 8802
9773 8298
9668 8583
9216 9329
9153 9388
9879 7830
9885 7626
9728 8430
8468 9855
9693 8538
9074 9478
8137 9950
8985 9578
7450 10089
8068 9991
8914 9621
8391 9891
9209 9353
9653 8666
9579 8822
9665 8596
9855 8018
7685 10051
7680 10062
9173 9375
9317 9233
8969 9587
9644 8681
9349 9171
9727 8431
9783 8263
7485 10076
8100 9970
9794 8240
8524 9832
8530 9820
9273 9288
8811 9680
9289 9269
9030 9540
7509 10072
9802 8200
7980 9999
9713 8489
9361 9170
7486 10073
8409 9876
9859 7966
8905 9627
8772 9704
9837 8080
9770 8322
9140 9418
8331 9901
9194 9371
9536 8927
8832 9678
7979 10006
8341 9896
9097 9459
9557 8856
8662 9780
9336 9196
9880 7709
7451 10085
8672 9774
7831 10039
9369 9147
7540 10070
9382 9136
9046 9528
9613 8763
8807 9700
9134 9433
8740 9720
9742 8401
9328 9211
9634 8726
7921 10012
9343 9175
8730 9726
9832 8135
9305 9252
8749 9716
8679 9772
9616 8742
9503 8971
9241 9317
8599 9815
8912 9624
9882 7656
9048 9509
9223 9321
9550 8885
9792 8245
8198 9937
8647 9788
9135 9420
8432 9867
9389 9127
9715 8482
9028 9547
9469 9006
9466 9016
9684 8577
9602 8788
8038 9992
9419 9109
9721 8451
8768 9708
9825 8146
9561 8845
9527 8932
8257 9908
9496 8996
8689 9749
8631 9799
7910 10015
9086 9466
8637 9794
8734 9725
9834 8112
9574 8829
9493 9001
9662 8632
7855 10026
8714 9730
8491 9853
9813 8174
9873 7953
9726 8447
7786 10047
7662 10063
9000 9565
8870 9665
9560 8848
9701 8536
9567 8840
8462 9864
7625 10068
9452 9076
9395 9123
9849 8070
9340 9185
7628 10065
9049 9506
8945 9609
9730 8414
8891 9635
8951 9602
8493 9838
9459 9034
8711 9748
9711 8504
9858 7983
7328 10080
7604 10058
9036 9496
9306 9245
9775 8357
8664 9767
8280 9920
9310 9234
9087 9461
8563 9813
8645 9773
9809 8249
9800 8259
9554 8919
8556 9827
8746 9724
9434 9104
8634 9777
9617 8802
9252 9308
9455 9068
8580 9809
9584 8850
8987 9558
9618 8775
9513 8994
9648 8741
9889 7675
9475 9029
8244 9937
9661 8687
9690 8607
9688 8614
9334 9233
8712 9740
9658 8691
9797 8289
9790 8327
9747 8469
7572 10062
9881 7801
8447 9875
9744 8485
7431 10078
9444 9075
9051 9488
9795 8301
9566 8904
7752 10037
9582 8867
8618 9788
7774 10033
9758 8439
8581 9805
8970 9568
9062 9483
9696 8602
9615 8819
9065 9482
9004 9554
9669 8672
8600 9803
7967 9997
9888 7751
9685 8620
9610 8828
9460 9062
9868 7995
8968 9575
9857 8025
9523 8976
9268 9285
9708 8563
8506 9862
8610 9798
8562 9825
9644 8766
8362 9907
8223 9943
8279 9930
9350 9212
9540 8945
9490 9024
7881 10025
8995 9555
9684 8661
8370 9895
9729 8538
8745 9728
8954 9589
8927 9624
8158 9976
8702 9748
8809 9700
8056 9989
9705 8592
9783 8339
7173 10082
8912 9631
8853 9671
9594 8837
9100 9452
8840 9682
9497 9018
9721 8544
9663 8676
9375 9191
9456 9067
9855 8059
9834 8139
9877 7925
9389 9159
9752 8455
8055 9991
9587 8843
9429 9110
7965 10006
8278 9931
8928 9613
9634 8772
9578 8897
8909 9639
9302 9267
8393 9892
9461 9053
9397 9138
9341 9218
9682 8664
8203 9953
9597 8833
9851 8111
8805 9720
7946 10021
9471 9030
9468 9047
9029 9544
8632 9787
9780 8344
8075 9986
9831 8145
9405 9134
9122 9450
9351 9204
7875 10028
9349 9213
9732 8509
9733 8496
9763 8425
8194 9960
9794 8317
9171 9407
9604 8829
9528 8966
7972 9993
9812 8222
9222 9337
9734 8495
7735 10051
8535 9831
8945 9609
8526 9833
9179 9373
8667 9756
9203 9370
9830 8157
8721 9739
8806 9709
9804 8253
9649 8740
8735 9734
7784 10031
9234 9332
9886 7778
9656 8714
8876 9652
9620 8774
7981 9992
9821 8206
9139 9419
8189 9964
9220 9348
8477 9869
9075 9475
9772 8386
8417 9880
9156 9413
7514 10064
9410 9122
9531 8949
9869 7977
8347 9919
9282 9284
9860 7950
9424 9086
9148 9415
9889 7502
9146 9417
7355 10078
9872 7785
9375 9143
9098 9468
9882 7604
8491 9848
8837 9687
9718 8520
9398 9128
8355 9903
8465 9859
8318 9912
9164 9398
9866 7927
9867 7815
9495 9006
9435 9083
8424 9881
9784 8267
9412 9124
8997 9553
9117 9454
8306 9927
9415 9103
9523 8975
8416 9882
9684 8639
9877 7762
9446 9076
9005 9547
7478 10077
8625 9797
9716 8531
9123 9452
8280 9938
9759 8364
9320 9215
9344 9195
8949 9607
8174 9958
9792 8251
9128 9450
7332 10080
9622 8822
9674 8659
9740 8424
8517 9842
8399 9888
9607 8843
9486 9020
9645 8747
8953 9599
8453 9861
8983 9570
9471 9064
9741 8423
9750 8411
8221 9952
9247 9309
8483 9854
9232 9334
9744 8420
9159 9402
7842 10019
8715 9753
8978 9584
9273 9297
8985 9567
9595 8849
8994 9566
9069 9499
7926 10012
9886 7603
9814 8209
8660 9792
9794 8245
9557 8924
9593 8851
9024 9540
8369 9893
9887 7570
7494 10076
7847 10018
7754 10041
9477 9032
9131 9438
9554 8945
9032 9536
9319 9244
9041 9532
9379 9140
9066 9509
8443 9875
9218 9336
8840 9679
8681 9778
8381 9892
7346 10079
7840 10021
9277 9269
9498 8995
8824 9689
8913 9637
9651 8734
9730 8496
9831 8168
7810 10026
8099 9979
8697 9768
8449 9867
9085 9489
8659 9793
9835 8155
8131 9969
9735 8443
8191 9953
9734 8461
9881 7678
8773 9718
7784 10032
9327 9201
9059 9523
9739 8441
8590 9820
8564 9831
9640 8792
8894 9639
8597 9804
9276 9271
9801 8241
9715 8570
8891 9651
9517 8990
8822 9710
9207 9366
9153 9403
8339 9911
9324 9212
9239 9331
9570 8916
9857 7995
8051 9991
9762 8351
9286 9247
8927 9621
9786 8259
8877 9665
7991 10008
9592 8879
8922 9628
7622 10067
8570 9823
7683 10048
9610 8828
9701 8636
8307 9914
7789 10028
9145 9434
8115 9972
9721 8501
9845 8108
9373 9145
8736 9748
8608 9799
8752 9732
9364 9179
9826 8207
8967 9593
9337 9199
9672 8724
9783 8334
9802 8213
7629 10055
7914 10017
8041 9995
9370 9156
9642 8760
9190 9371
8545 9835
9152 9406
7313 10085
9673 8676
9539 8946
9854 8052
7505 10069
9216 9346
9526 8954
8080 9985
9404 9107
9288 9250
8908 9633
9399 9119
9397 9141
9543 8936
9267 9276
8939 9616
9467 9052
9469 9033
9451 9068
8975 9566
9497 9002
8901 9640
9219 9324
9260 9294
9154 9382
8932 9623
8892 9644
9517 8990
9446 9078
9531 8967
9565 8894
9320 9232
9327 9214
9371 9165
9128 9424
9862 7903
9439 9091
9561 8910
9301 9244
7927 10009
8507 9856
9727 8522
9285 9253
8310 9920
8653 9788
9861 7936
8401 9887
9823 8112
8059 9993
9849 8013
7915 10017
9164 9366
9534 8942
7935 10003
8662 9775
9822 8158
9358 9201
9650 8677
7702 10064
9811 8174
8433 9871
9277 9268
8614 9802
8859 9662
8726 9751
8756 9728
8951 9589
9614 8804
9853 7965
9056 9501
9273 9272
8268 9928
9400 9114
8214 9932
7151 10093
9789 8281
8557 9828
9365 9183
8539 9843
9833 8096
9200 9345
8454 9867
7121 10094
9563 8909
9839 8042
9633 8783
9707 8598
9579 8880
9834 8063
9886 7732
9766 8409
9647 8729
9850 7995
9098 9446
8945 9605
9051 9508
9489 9009
8778 9717
9181 9355
8630 9794
9119 9428
9887 7616
9155 9375
7860 10032
9772 8327
9870 7900
9569 8891
9036 9524
9717 8532
9340 9205
8707 9760
8070 9970
9266 9284
9476 9028
9078 9485
9152 9400
8828 9680
8115 9969
9750 8448
8992 9564
8739 9744
9739 8479
9483 9023
7622 10070
9594 8840
8352 9904
9648 8697
9782 8323
7988 10000
9783 8285
8873 9660
7399 10089
7778 10043
9547 8918
9767 8390
9613 8819
9840 8038
7714 10053
9696 8622
9533 8946
9580 8860
8678 9763
8419 9872
8837 9663
9725 8525
7770 10050
8677 9774
8611 9820
8773 9719
9688 8672
9810 8234
9753 8432
9065 9493
7790 10041
9188 9351
9705 8619
9165 9360
9876 7804
9095 9483
9691 8637
8555 9835
9422 9105
9217 9329
9030 9540
9617 8798
9814 8159
8199 9939
8792 9710
8802 9697
9385 9150
9710 8576
7465 10082
8125 9954
9282 9267
9762 8420
8321 9906
9252 9312
9096 9447
8194 9949
8955 9573
9597 8830
9255 9306
7467 10080
8597 9821
8205 9938
7555 10074
8660 9778
7625 10068
9600 8824
9638 8738
9740 8449
9890 7517
9098 9472
9889 7639
9111 9448
9084 9486
9030 9540
9078 9492
9656 8658
8696 9770
8348 9910
8665 9779
9836 8147
9094 9475
9811 8229
9099 9456
9881 7745
9132 9435
9361 9162
8824 9683
8576 9823
9198 9394
9235 9349
7845 10023
8844 9681
9135 9427
9174 9411
9795 8293
9260 9319
7278 10091
9825 8206
9236 9329
9802 8268
9878 7787
9782 8350
9172 9413
7978 9993
9845 8075
9813 8209
9834 8167
9810 8232
9875 7870
9859 8050
8771 9717
9797 8282
9394 9158
8806 9702
8893 9645
9107 9451
9064 9496
9803 8257
8594 9804
8715 9744
9053 9498
8489 9858
8619 9799
8289 9935
8318 9913
9819 8207
9633 8758
9864 7925
8554 9837
9883 7643
9167 9414
8422 9885
8082 9977
9777 8364
8589 9806
9844 8080
9311 9251
8647 9798
7917 10012
9328 9225
8496 9855
9760 8408
8570 9824
9595 8849
8169 9957
8462 9862
7423 10089
9445 9037
9423 9128
7307 10090
9350 9191
8178 9947
9334 9224
9359 9180
9336 9202
8020 9989
9472 9008
9688 8631
8065 9980
9322 9232
9069 9495
9880 7777
8872 9672
8431 9878
8930 9623
8894 9631
9318 9240
9566 8896
9592 8854
9627 8787
9758 8424
8940 9603
9761 8390
7809 10027
9288 9293
9654 8666
9763 8387
9750 8473
9398 9144
8465 9860
9268 9300
9734 8482
9300 9273
9440 9051
9569 8891
7950 9998
9273 9294
7938 10011
9524 8964
9211 9358
9696 8594
9729 8515
9500 9001
9467 9009
7776 10040
9578 8880
7976 9995
8463 9861
9540 8950
9263 9318
8543 9846
9345 9192
9046 9528
8085 9976
9610 8818
9117 9446
8385 9898
8156 9961
9677 8654
9342 9201
8944 9596
8437 9871
9604 8846
7855 10022
9861 7964
8130 9974
8873 9654
9547 8918
8220 9946
9209 9368
9730 8484
8784 9716
8279 9939
9302 9271
9807 8255
9251 9320
8366 9899
8753 9736
8316 9918
9793 8325
9517 8984
8171 9951
8974 9580
9222 9350
7267 10092
8962 9583
8508 9849
9358 9187
8490 9857
8959 9584
9460 9036
9432 9117
8998 9563
7759 10058
9717 8581
9648 8742
9772 8365
7632 10063
9686 8644
8350 9900
7572 10084
9012 9559
9651 8736
9862 7903
8076 9980
9863 7880
9888 7458
7278 10084
8385 9892
9070 9482
9854 8034
9861 7936
9641 8719
9657 8687
7330 10082
9844 8036
9221 9331
9783 8292
9769 8352
7796 10041
9843 8045
9245 9302
9586 8838
9186 9365
9234 9317
9677 8637
9767 8367
9126 9424
7534 10077
7382 10080
9087 9464
9859 7997
9856 8013
7852 10036
7655 10063
7442 10078
7592 10064
8460 9864
8383 9893
9205 9348
9693 8628
9723 8518
9871 7856
9421 9093
7760 10047
7764 10045
8056 9981
9506 8973
9317 9239
9868 7865
9715 8576
9838 8129
9471 9018
8741 9755
9762 8377
9570 8847
9410 9115
9621 8755
8759 9740
8627 9803
8896 9642
8797 9719
9255 9294
8873 9666
9457 9058
9647 8706
9002 9555
9085 9470
8369 9918
8723 9761
8185 9948
9759 8412
8492 9848
7688 10062
8558 9830
7966 10014
9729 8488
9817 8186
8846 9683
9591 8791
8159 9967
9886 7656
7934 10019
9166 9372
9436 9087
8183 9950
9523 8935
9826 8168
8727 9756
8517 9847
7911 10020
9439 9064
8643 9792
8883 9643
9197 9350
8573 9816
9568 8862
7878 10035
9461 9054
9820 8179
9721 8558
9322 9236
9840 8091
9554 8909
9281 9290
8417 9891
8445 9865
8805 9705
9754 8426
9335 9210
7785 10043
8975 9577
8944 9596
9801 8286
8835 9687
8107 9978
7208 10088
9458 9056
8444 9883
9479 9016
9727 8493
7991 10012
9776 8318
9464 9031
9068 9487
7897 10025
8033 9990
9350 9207
8154 9974
8485 9861
9746 8464
9860 7943
9556 8864
8570 9820
8937 9629
9047 9530
9774 8322
8808 9704
9011 9544
9311 9240
9385 9172
8031 9995
9488 8995
9732 8479
8604 9805
9710 8585
9055 9489
7738 10048
8646 9787
9737 8469
9779 8315
9761 8405
8343 9929
9416 9095
9674 8650
8774 9722
9782 8311
9879 7830
7999 10006
7773 10044
8682 9769
9536 8914
8664 9781
9815 8214
9162 9418
9517 8967
9107 9461
9305 9256
8997 9559
7223 10086
8049 9983
8249 9946
9803 8257
8972 9591
9811 8223
9403 9142
8578 9811
8877 9663
7590 10076
9111 9452
9533 8932
9614 8787
9882 7740
9592 8788
9369 9178
8666 9773
9500 8983
9884 7682
9832 8132
9412 9096
8178 9957
9518 8945
8529 9837
9882 7652
9887 7617
9880 7746
9273 9250
9855 7977
8533 9818
9876 7782
8660 9786
9820 8122
8525 9822
9491 8984
9062 9525
9869 7870
8780 9724
9311 9229
9875 7797
9594 8815
8948 9602
7530 10072
9033 9548
9518 8975
9602 8796
9329 9200
9386 9136
9870 7837
8395 9880
7777 10050
9544 8933
9437 9065
9738 8473
8783 9713
8726 9742
8866 9665
9073 9510
7930 10021
9079 9479
8913 9632
8784 9711
9767 8374
7719 10063
9424 9078
8850 9672
9344 9169
9153 9410
9635 8750
9481 9020
7819 10039
9127 9439
8235 9932
8717 9752
9183 9376
9877 7749
9455 9061
9570 8872
9143 9418
7550 10070
8930 9628
9240 9298
9611 8782
9840 8088
8868 9662
7531 10071
7569 10067
7839 10037
8191 9946
9110 9467
7283 10103
7428 10102
9879 7747
9012 9560
8941 9610
8238 9929
9322 9214
8864 9668
9778 8298
9427 9073
9507 8978
7623 10064
9865 7886
9006 9577
8478 9868
9456 9041
7468 10080
9055 9541
8953 9601
9321 9225
8270 9918
9359 9153
8084 9992
8508 9832
8966 9598
9562 8906
9711 8590
9375 9147
9355 9166
9490 8994
7981 10007
8502 9840
9814 8148
8823 9701
8601 9807
9665 8714
8143 9966
9119 9441
9482 9004
9843 8067
8703 9768
8732 9740
7451 10085
9111 9443
9188 9358
9391 9126
8632 9790
9806 8204
8071 9995
9790 8282
8322 9900
8252 9919
9853 8052
9342 9197
7904 10026
8710 9760
9734 8511
9620 8770
9679 8660
7749 10061
8537 9814
9628 8759
9239 9306
9582 8836
9170 9399
8024 9999
9794 8277
9155 9408
9187 9372
9017 9553
9695 8616
8287 9912
8756 9731
9721 8530
8383 9882
9812 8195
8623 9793
8249 9928
9576 8850
9599 8802
8301 9906
8972 9593
9647 8737
9269 9257
8882 9660
9101 9472
9296 9230
9777 8354
9536 8948
7979 10015
8102 9985
8372 9895
8910 9633
9066 9516
9473 9034
9264 9291
9222 9337
9417 9119
9719 8584
9193 9357
9817 8142
9215 9340
8182 9947
9607 8788
8892 9637
9131 9438
9824 8091
9710 8591
7441 10088
9675 8691
9756 8403
9173 9378
9686 8645
8225 9945
9804 8231
8906 9636
9764 8399
9752 8431
9074 9488
9822 8092
7494 10076
9733 8470
7658 10061
9798 8279
9752 8412
7283 10103
7948 10003
7575 10078
9731 8481
9715 8539
9804 8244
8185 9942
8120 9966
9718 8518
9888 7458
7428 10102
7669 10058
8024 9982
9255 9296
9614 8768
9663 8686
9666 8679
9677 8654
9691 8611
9674 8661
9264 9285
9667 8667
9660 8707
9627 8751
8180 9945
9702 8581
9589 8844
9723 8488
9186 9364
9789 8343
9610 8792
9126 9418
9751 8420
9398 9157
9886 7573
8022 9987
9621 8767
9233 9312
9508 8962
8916 9637
9123 9433
9413 9115
9433 9088
9097 9454
9335 9213
8764 9718
9612 8775
8794 9707
8870 9665
8880 9649
8620 9801
9443 9072
9499 8973
8118 9968
8765 9708
8901 9645
9600 8822
9066 9485
8109 9969
9446 9069
9651 8724
9580 8868
9481 8999
9776 8361
9841 8103
9662 8694
9825 8146
9885 7626
9301 9244
8430 9878
8876 9650
9759 8376
9235 9299
8319 9906
7992 9991
8705 9769
8966 9583
8521 9831
9648 8731
9812 8200
8738 9739
9102 9450
8540 9821
8163 9952
8288 9911
9829 8119
8491 9857
9523 8955
9587 8863
9811 8238
9400 9132
8720 9741
9567 8874
9475 9018
8923 9631
9389 9168
9488 8991
9296 9265
9800 8268
8762 9719
8573 9805
9404 9126
8302 9910
9271 9280
9711 8549
8995 9575
7751 10042
9207 9344
9494 8984
8934 9622
9468 9032
9607 8807
7703 10051
8760 9730
9336 9192
9153 9411
9816 8190
9195 9363
9491 8985
9551 8921
8385 9880
7856 10037
7944 10014
9070 9469
9096 9468
7629 10072
9324 9227
8125 9958
8942 9597
8711 9751
9880 7777
9310 9238
8582 9802
9862 7926
7746 10043
8504 9840
9696 8597
7901 10024
9477 9008
9564 8885
9209 9336
7707 10044
8088 9979
8475 9861
9557 8889
8569 9816
8962 9596
7975 10002
8198 9931
9636 8737
9506 8969
9249 9297
9033 9548
8382 9899
9463 9063
9424 9099
9603 8815
9529 8937
9732 8471
7568 10088
9348 9188
9013 9562
9604 8810
9855 8070
7497 10090
9635 8739
9120 9434
8649 9795
9183 9383
8936 9618
9062 9525
9518 8958
9067 9470
8456 9867
8285 9914
8851 9673
8900 9648
9201 9345
9869 7832
8232 9927
9338 9189
9762 8370
8822 9697
9159 9393
9229 9327
9746 8464
9632 8745
9868 7906
8860 9670
9679 8644
8293 9933
8313 9909
9677 8649
8481 9849
8304 9919
8762 9752
9661 8688
9051 9513
8949 9601
9870 7960
7314 10093
9323 9208
8799 9707
9886 7732
8882 9653
8575 9830
8634 9811
8685 9778
9266 9291
8310 9910
9655 8706
8805 9697
7438 10087
9038 9537
8440 9866
9840 8141
8243 9956
9723 8498
9058 9507
8960 9586
7603 10069
9856 8049
8713 9757
8062 10000
8658 9800
9812 8198
9154 9404
9299 9248
8826 9673
9300 9235
9344 9193
7518 10076
9578 8882
9195 9375
9787 8269
8854 9654
8939 9605
7945 10013
7411 10089
9078 9492
8106 9985
8092 9986
8763 9733
9672 8663
7887 10024
9459 9037
9427 9103
9390 9148
9707 8580
9211 9346
9408 9116
9348 9187
9753 8400
8342 9906
7295 10100
9752 8441
7150 10101
8259 9937
9810 8203
9367 9171
8549 9839
9085 9489
8914 9612
9685 8620
8769 9732
7329 10092
8581 9813
9823 8172
9781 8301
9847 8092
9288 9263
9541 8936
8471 9862
8154 9971
9180 9382
9866 8034
9842 8114
9628 8779
8378 9904
8703 9763
8985 9573
8573 9832
7868 10027
9736 8480
8976 9576
9652 8710
8422 9892
8821 9695
7720 10066
8486 9847
8150 9973
7765 10057
7468 10081
9131 9430
8901 9625
9717 8553
9345 9189
9542 8919
9357 9176
9622 8822
9837 8162
9877 7925
9443 9074
9784 8298
9546 8899
9342 9197
9566 8891
8213 9957
8301 9923
7802 10037
8853 9668
8497 9843
8453 9863
7599 10070
9250 9308
9392 9145
8192 9958
9431 9075
9802 8265
9747 8450
7583 10075
8439 9878
9487 9025
9683 8633
9780 8331
9536 8947
7767 10049
9212 9333
7980 10012
8911 9622
9534 8951
8136 9974
8833 9671
9430 9078
9881 7887
8789 9718
7773 10046
9113 9454
8958 9597
9032 9552
9528 8955
9766 8390
9469 9033
9777 8352
9720 8524
8128 9982
8659 9789
8908 9623
7834 10032
9515 9009
8501 9840
8936 9609
7996 10005
8180 9968
9648 8767
8998 9558
8899 9639
9095 9484
9703 8599
9249 9326
9137 9412
9172 9394
9570 8886
7595 10072
9310 9228
9625 8797
7933 10020
9688 8616
8078 9994
8309 9913
9544 8908
9599 8846
9809 8250
7325 10092
9828 8154
9072 9501
7483 10077
9127 9456
9155 9415
9150 9421
7480 10087
8784 9712
9764 8419
8802 9697
9887 7570
9734 8526
7413 10090
9273 9263
9088 9484
9198 9365
9846 8038
9110 9460
8931 9616
8551 9837
8851 9655
7941 10028
9416 9094
9881 7678
7642 10066
8412 9875
9793 8274
8126 9972
9841 8088
9878 7689
9210 9357
9875 7856
8737 9744
7952 10014
8865 9654
7519 10068
8703 9750
9804 8273
7862 10036
9326 9206
8091 9983
9780 8380
9408 9103
9865 7925
9866 7858
9859 8015
8620 9810
8643 9787
8683 9765
9412 9099
8631 9789
9703 8576
9545 8901
8578 9814
9850 8017
8943 9605
9161 9400
8176 9956
9354 9168
8935 9610
9392 9134
9495 8986
8816 9693
9886 7603
9876 7735
9130 9444
9811 8264
8037 9991
9738 8482
9843 8063
8142 9961
9291 9251
7517 10069
9673 8623
7991 10012
9461 9042
9341 9184
9325 9217
8546 9839
9888 7458
9193 9382
9214 9345
9261 9318
8211 9949
9144 9430
9789 8306
9451 9066
8387 9882
7870 10035
9231 9331
9774 8392
8566 9823
9715 8563
9655 8703
9759 8423
8122 9977
8241 9944
8444 9869
8677 9770
9315 9250
9469 9020
9098 9475
9048 9506
8777 9727
9267 9296
9022 9541
8453 9868
9377 9162
8367 9899
9124 9457
9812 8221
7668 10065
7800 10044
9480 8996
9746 8439
9429 9082
8102 9982
9590 8839
8660 9772
9705 8564
9330 9200
9047 9526
9160 9411
9468 9038
9539 8947
8489 9849
8028 9998
9332 9189
7759 10055
9561 8888
9566 8864
9628 8779
9393 9119
7727 10059
7514 10070
9234 9325
9745 8456
9697 8580
8476 9850
8833 9682
9374 9165
9432 9072
8540 9844
9691 8619
8415 9871
9078 9487
8785 9702
9053 9505
9395 9116
9009 9570
8888 9647
8981 9590
8659 9774
9347 9183
8841 9665
9581 8843
9431 9078
9605 8810
9337 9185
9618 8801
9818 8209
8146 9960
9140 9434
8335 9913
9575 8860
9641 8718
9743 8468
8321 9916
8266 9930
9821 8208
9830 8092
9492 8991
9770 8393
9473 9009
8166 9959
9670 8668
9478 9006
8474 9851
9513 8978
8700 9753
9187 9398
8925 9627
9689 8606
9744 8477
9810 8267
8665 9777
8166 9965
9404 9090
9718 8570
9672 8682
8687 9774
9819 8193
8528 9834
8510 9835
9755 8452
8532 9829
9684 8631
8717 9753
8778 9726
9022 9536
9742 8514
9026 9527
9413 9079
7300 10096
8943 9598
9665 8692
9787 8361
9131 9448
9341 9191
8769 9735
8424 9876
9356 9166
9752 8458
8997 9554
9406 9080
8824 9696
9392 9120
9771 8404
8874 9651
9822 8173
8285 9930
8415 9883
9159 9418
7385 10089
9116 9459
8485 9858
8380 9888
9806 8301
9860 7992
9223 9344
8315 9916
8504 9843
8577 9805
9828 8157
9801 8314
9436 9041
9815 8227
9522 8939
8580 9801
9720 8551
8601 9800
9820 8178
8314 9927
9190 9392
9105 9463
8911 9632
9850 8057
9207 9361
8633 9793
8861 9664
8792 9709
8562 9822
8909 9633
8617 9796
8249 9947
9613 8806
9876 7833
8987 9574
7578 10077
9434 9063
9881 7688
9247 9308
8418 9880
8058 9999
9812 8248
9347 9173
9233 9321
9239 9320
9196 9373
8094 9981
9856 8013
9681 8671
9724 8523
7716 10055
9818 8213
9637 8750
8842 9681
8361 9906
9230 9341
9716 8577
9525 8934
7637 10068
9100 9476
8269 9938
8150 9973
9218 9346
9595 8807
8393 9887
7642 10064
8970 9588
9590 8847
9827 8159
9878 7730
9394 9103
9839 8156
8167 9960
9645 8720
7710 10062
9704 8590
9509 8962
9765 8416
8366 9898
8948 9590
8942 9610
9623 8775
8450 9873
8697 9765
9760 8429
9483 9004
8573 9808
7980 10017
7938 10026
9424 9071
9246 9312
9305 9267
9069 9508
9882 7678
9397 9091
9052 9524
8755 9739
8931 9629
9359 9148
8087 9992
7515 10087
7837 10032
8549 9823
8735 9747
9572 8869
9090 9478
9047 9525
9526 8925
9296 9274
8655 9790
9274 9296
9437 9035
9844 8096
9552 8914
9513 8944
7375 10091
8857 9670
7812 10046
8017 10010
8349 9915
9869 7977
9492 8993
9858 8007
8152 9970
9002 9547
8700 9762
9013 9544
8243 9956
9465 9025
7720 10053
9889 7675
9377 9146
8887 9649
9446 9030
7872 10031
9333 9209
9559 8891
9815 8192
9335 9192
9808 8217
9214 9335
9801 8243
9344 9179
8861 9664
9887 7617
9004 9562
9845 8079
9863 7963
8617 9789
9818 8167
9238 9332
9177 9402
9827 8157
9190 9380
9253 9306
8659 9770
7673 10059
9858 7998
9783 8331
8823 9685
9286 9259
8635 9784
9747 8456
8901 9650
8705 9747
9854 8034
9658 8695
9743 8495
9045 9520
9000 9580
8922 9615
9242 9328
9289 9253
9582 8838
9588 8822
9315 9225
7824 10032
7808 10040
9604 8784
9211 9345
9307 9230
8949 9614
9184 9384
9201 9358
9248 9313
9088 9490
9796 8256
9042 9541
8829 9680
8447 9877
9275 9295
9597 8811
8586 9798
9020 9555
8978 9594
8465 9862
7609 10069
8649 9776
9882 7652
8921 9635
9760 8429
9071 9518
9880 7787
9366 9165
7956 10016
9628 8760
9287 9257
9774 8377
9123 9452
7161 10100
8643 9781
8725 9726
9810 8206
9138 9436
8816 9701
7919 10022
9732 8520
8306 9925
9380 9164
9304 9239
8263 9936
7968 10010
8173 9951
9790 8317
9343 9189
8714 9730
9800 8247
8039 9989
9356 9174
9600 8803
8645 9778
8143 9960
9439 9084
7899 10028
9755 8443
7547 10077
9577 8850
9084 9494
9875 7856
9766 8380
8711 9736
8883 9656
9302 9249
8588 9794
7555 10074
9125 9438
9531 8914
8950 9612
7787 10042
9162 9413
9100 9471
8168 9959
9862 7996
9108 9459
7923 10019
8142 9962
8907 9643
9874 7903
9686 8666
9412 9116
9619 8771
8546 9841
9330 9218
8374 9889
9422 9099
8270 9929
9530 8920
9353 9177
9112 9455
9620 8770
9453 9060
8579 9810
9200 9361
7708 10052
8119 9985
9502 8998
9560 8885
9209 9347
8009 10007
9779 8340
9654 8712
8553 9815
8677 9757
9844 8113
9433 9090
7825 10030
8060 9987
7300 10096
9569 8874
9881 7754
8962 9601
8709 9740
8561 9812
7613 10062
9711 8555
7515 10087
9228 9334
9529 8953
7817 10037
8847 9672
9761 8389
9692 8598
8233 9940
9254 9296
8492 9853
9475 9030
9548 8908
9614 8780
9802 8233
9838 8134
8393 9888
9480 9008
8123 9984
8477 9855
9850 8061
7360 10091
9194 9376
9404 9151
9446 9068
9867 7962
8627 9785
9476 9013
8368 9902
8191 9949
9528 8956
9716 8537
8778 9722
7757 10043
8601 9793
8228 9945
8452 9872
9649 8746
8352 9906
9466 9039
9603 8801
9707 8597
9520 8977
9283 9261
9850 7999
9870 7816
9863 7945
9255 9306
8694 9755
8657 9764
9881 7680
9884 7641
8716 9741
9855 7964
9873 7765
9694 8624
7244 10087
9096 9473
8864 9665
9430 9070
9022 9542
8895 9635
7392 10085
7550 10070
8640 9779
9585 8862
9805 8203
9788 8287
9249 9324
8748 9725
8915 9624
9069 9505
8979 9594
9010 9577
9582 8867
9049 9523
9435 9063
9047 9532
9650 8715
9158 9409
9640 8728
9059 9518
9266 9264
9749 8448
9868 7910
8956 9597
9798 8277
8829 9673
9709 8576
9446 9053
9087 9486
8613 9811
9594 8859
9398 9117
9783 8308
9611 8816
9779 8314
8042 9998
7971 10005
9739 8468
9455 9042
7902 10027
8508 9850
9770 8393
9202 9394
9660 8692
9171 9401
8744 9729
9531 8945
7773 10057
9287 9262
9522 8948
9388 9129
9808 8199
7938 10012
8462 9866
9413 9111
9613 8806
8532 9832
7834 10031
9579 8880
8074 9982
9720 8546
7330 10086
9263 9280
8531 9841
9677 8654
7861 10029
9725 8476
9503 8994
8053 9986
8801 9688
9610 8828
8802 9682
9389 9127
8316 9917
8147 9958
8581 9827
9262 9293
7488 10071
9144 9430
8298 9918
8472 9855
9634 8746
7461 10076
9162 9406
9639 8732
9305 9232
8207 9957
9220 9350
9336 9215
9623 8771
9823 8151
9758 8405
8697 9750
9082 9492
9094 9482
9118 9469
9024 9538
8886 9641
9439 9059
7803 10042
8814 9681
9880 7741
9539 8929
8331 9905
9519 8961
9302 9250
9842 8088
8575 9829
9229 9339
8869 9648
9123 9462
8355 9903
9772 8368
7481 10072
9556 8904
7937 10014
8767 9716
8504 9853
9216 9354
9506 8967
9614 8795
9550 8922
9723 8523
9600 8841
9293 9261
7609 10069
9560 8894
9353 9189
9504 8982
9073 9500
8280 9928
8889 9636
9487 9008
7916 10018
8711 9749
7811 10034
8624 9785
8626 9781
9457 9031
8797 9703
8385 9898
9259 9299
8228 9953
8140 9976
8854 9672
9222 9344
9637 8744
8456 9888
9360 9180
8278 9936
9802 8207
8951 9612
9414 9109
9065 9513
7616 10068
9736 8472
9816 8189
9373 9170
9756 8439
9622 8773
7633 10064
9761 8398
8872 9638
9726 8484
8798 9689
7944 10008
9786 8361
9299 9234
9511 8983
9422 9097
8277 9912
9214 9335
9747 8462
9503 8994
8122 9978
9368 9176
9566 8896
9526 8944
9615 8776
7962 10007
8836 9672
9479 9038
7992 9993
8260 9916
8697 9765
9367 9178
9310 9216
9516 8961
9730 8472
8744 9729
9676 8623
9854 8071
9327 9206
8870 9647
8922 9612
9654 8712
7474 10078
9535 8940
8543 9846
9494 8997
8267 9913
9698 8578
8569 9813
7877 10023
8921 9623
9428 9096
9722 8491
7907 10009
8924 9603
8351 9890
9305 9222
8490 9857
9671 8669
8552 9816
8545 9832
9761 8403
9737 8470
9714 8516
7731 10046
9592 8854
9643 8759
9520 8955
8067 9984
9287 9250
9417 9117
8430 9871
9752 8450
8817 9677
9231 9301
9635 8771
9050 9525
9660 8706
9380 9142
8733 9735
9717 8501
8446 9859
9080 9468
7987 10005
9445 9077
9399 9136
9715 8513
8649 9792
9876 7840
9883 7837
9768 8368
8023 9991
7885 10019
8789 9692
8846 9666
7576 10075
9193 9366
9613 8778
8745 9717
9011 9546
8135 9960
8202 9941
9142 9406
9754 8411
8500 9849
9295 9243
8331 9902
9838 8119
8608 9809
8948 9599
8576 9812
9569 8891
9116 9420
7804 10026
9060 9504
9650 8715
9692 8601
8398 9887
8812 9683
9584 8870
8412 9880
9234 9300
7149 10103
9452 9062
9073 9480
9873 7943
8760 9709
9687 8621
7793 10028
9167 9383
9519 8958
8994 9557
9487 9027
8984 9573
8967 9586
8923 9609
9150 9405
9595 8849
8242 9937
7428 10102
7666 10062
9815 8228
9120 9419
8551 9831
9045 9527
9330 9202
9066 9498
8435 9867
9549 8917
7744 10034
7674 10056
8867 9652
9013 9531
7709 10051
9673 8661
8040 9988
9542 8923
9203 9357
9806 8238
8661 9785
9111 9456
9130 9415
9004 9554
9228 9326
8724 9743
9239 9297
9557 8902
9114 9437
7437 10095
9372 9147
9799 8307
8318 9905
9830 8120
8678 9781
9694 8593
7468 10080
9174 9367
8183 9959
9766 8390
8757 9714
9337 9196
9866 7993
9254 9295
8885 9636
9501 8996
9033 9530
8782 9707
9601 8829
9083 9462
9286 9279
9103 9461
9161 9403
9712 8545
9828 8174
9709 8548
8909 9626
7838 10024
9879 7839
7445 10081
9843 8082
9050 9480
9415 9085
8703 9755
8827 9686
7468 10079
9810 8234
7451 10085
7319 10088
8903 9614
7174 10089
9408 9099
9546 8932
9264 9278
9490 8993
9597 8811
7909 10024
9817 8189
9884 7777
8378 9875
7845 10031
9888 7751
9190 9389
8403 9870
9377 9153
8836 9683
9231 9325
9332 9210
9158 9401
8355 9883
8874 9658
9456 9043
9214 9329
9297 9226
9785 8317
7606 10062
9283 9268
8333 9908
7626 10056
8771 9730
9055 9479
9576 8860
8536 9825
9589 8832
8694 9756
8886 9623
9794 8285
8351 9887
7648 10055
8272 9932
9876 7846
9450 9061
9213 9354
8004 9996
9113 9422
9640 8729
8336 9890
9157 9406
9392 9109
7605 10066
8048 9993
9889 7675
9729 8537
8488 9837
9801 8265
7844 10035
8139 9977
9713 8576
9522 8969
8443 9849
9687 8657
9877 7833
9174 9394
9821 8136
8200 9958
9531 8938
9696 8619
8377 9878
9774 8393
8081 9990
8582 9809
9529 8963
8690 9764
7944 10020
9294 9253
9010 9541
8241 9936
7574 10073
9048 9520
9732 8530
9708 8599
9023 9528
9498 8988
9740 8475
8947 9580
8002 10007
8141 9976
8329 9915
9820 8141
9108 9440
9879 7810
9735 8478
9746 8445
9324 9213
8862 9672
9760 8435
8797 9719
9702 8602
8629 9785
9812 8210
9701 8611
9836 8102
9270 9277
7874 10029
8942 9600
9742 8472
8515 9828
9232 9310
9631 8749
7521 10075
9403 9103
9166 9400
9111 9434
9663 8713
9437 9081
9461 9042
9762 8406
9856 8028
9308 9223
9250 9294
9716 8569
8467 9842
9555 8900
7609 10060
9748 8436
8965 9573
7479 10078
9677 8667
9823 8127
9487 9036
9206 9360
8997 9559
9388 9119
8635 9769
8600 9796
9776 8340
9852 8058
8153 9974
7759 10054
8907 9608
9738 8477
8865 9660
8166 9963
9102 9477
8741 9752
9734 8502
9385 9122
9572 8875
8335 9906
9380 9130
8343 9889
9367 9194
9620 8792
7951 10017
8974 9563
9611 8796
7840 10049
8440 9863
9869 7985
8878 9628
8213 9946
8560 9812
8804 9699
9247 9308
9132 9420
9520 8974
9439 9069
9488 9023
9862 8036
8467 9853
8319 9895
8407 9874
8299 9909
8966 9562
8390 9878
9856 8069
7664 10060
8959 9569
7432 10074
9655 8697
8450 9857
9650 8710
8683 9749
8374 9887
8649 9773
9792 8322
8927 9592
7708 10045
9872 7889
8945 9573
9254 9304
9278 9265
8528 9836
8995 9539
8446 9858
9680 8614
9230 9336
9136 9401
9153 9387
9341 9198
9628 8739
8263 9928
9529 8920
9362 9171
9808 8283
9017 9526
9374 9151
9407 9103
9698 8612
9383 9136
8564 9820
9381 9141
8339 9892
9033 9505
8317 9908
8384 9881
9313 9235
9888 7656
9830 8155
9252 9307
9232 9326
8440 9859
7854 10019
9747 8462
9481 9007
9355 9187
8871 9636
8976 9556
9678 8624
9672 8654
9826 8197
8279 9912
9640 8728
8235 9931
8873 9625
9847 8092
9660 8666
9030 9507
8999 9527
7837 10027
9817 8224
8633 9779
9238 9316
8865 9654
8103 9970
8671 9758
8642 9778
9824 8203
9438 9068
9097 9474
7743 10040
9272 9273
8033 9985
8920 9619
9026 9522
9591 8819
9279 9263
8002 10015
8076 9972
8270 9924
9618 8782
9220 9342
9868 7932
9404 9129
9838 8097
8978 9542
9849 8090
9480 9023
8603 9808
9560 8896
9151 9394
8188 9950
8872 9634
8190 9941
9243 9314
9780 8352
9210 9360
9537 8904
9500 8983
8928 9575
9134 9426
9570 8889
8435 9870
9269 9298
9627 8764
8562 9825
7566 10066
8866 9639
9330 9220
9101 9446
9397 9135
9412 9092
9282 9262
9759 8430
8065 9975
9601 8809
9585 8838
9190 9373
9103 9442
9770 8400
9183 9377
9499 8990
9405 9112
7767 10030
9502 8980
9409 9101
8897 9622
8016 9992
8594 9809
8837 9686
7428 10102
7283 10103
9208 9370
9892 7532
8328 9894
9882 7857
8702 9746
9578 8844
8611 9787
8694 9748
8232 9933
8556 9826
8842 9660
9710 8589
9871 7919
9775 8391
9231 9329
8769 9731
9428 9087
8818 9712
9455 9039
7491 10070
9795 8309
8669 9770
9860 8038
9306 9252
9473 9029
9604 8787
7466 10073
8031 9990
7679 10048
8502 9848
9729 8537
9741 8526
9063 9493
9884 7715
9521 8972
9371 9161
9841 8093
8145 9962
9061 9499
7300 10087
9878 7723
9886 7656
9888 7458
9855 7989
9847 8025
9842 8061
7129 10093
9826 8143
9801 8270
9779 8347
9818 8158
7473 10068
9822 8156
9723 8524
9817 8165
7274 10092
9815 8211
9037 9538
7725 10046
7695 10052
7989 10004
7275 10090
8291 9908
9763 8391
9816 8191
8247 9923
9462 9030
7990 9990
8994 9558
9875 7890
9168 9397
9674 8676
9761 8431
9743 8449
9195 9375
7730 10041
9432 9086
9714 8571
8383 9887
8991 9560
9330 9201
8663 9764
8924 9627
7387 10086
9136 9428
8973 9591
9081 9502
9485 8993
8453 9865
8325 9905
9786 8325
9735 8502
7470 10083
8831 9683
9386 9151
7417 10085
9810 8224
9644 8718
9860 7945
7609 10063
9876 7834
9033 9541
9365 9161
8224 9926
9833 8066
9011 9547
9556 8867
9455 9046
8940 9602
9120 9445
9669 8688
7715 10047
9129 9435
9145 9418
9787 8317
8071 9972
9709 8574
9697 8616
9255 9275
9721 8527
8643 9782
8376 9894
9409 9127
8682 9761
9288 9239
9728 8512
9099 9472
9690 8619
8692 9757
9642 8739
9536 8911
9828 8074
8947 9592
9278 9255
9857 7966
9441 9077
9032 9545
9553 8910
8528 9838
8987 9564
9308 9229
9478 9025
9218 9334
9056 9503
9615 8787
9798 8287
9852 8019
9229 9329
9768 8378
7674 10057
8680 9762
8769 9731
9594 8825
8424 9866
8720 9756
9446 9075
7836 10036
7910 10022
9483 9009
8787 9700
9117 9459
8402 9883
8796 9697
9431 9090
9368 9154
9589 8829
8033 9989
8345 9899
9309 9218
8774 9715
9391 9130
9484 9007
8101 9968
9870 7925
9518 8974
8596 9816
8586 9822
9700 8581
9047 9515
9645 8692
8886 9652
7771 10040
8930 9603
8490 9850
9042 9517
9527 8933
9596 8809
8273 9912
9580 8866
8983 9584
8867 9663
7598 10066
9716 8562
8242 9925
9520 8939
9415 9116
9194 9383
9880 7681
9742 8458
9244 9311
9809 8259
8212 9958
9206 9353
8534 9829
8408 9878
8861 9669
9364 9162
9279 9244
8653 9776
9519 8954
9501 8990
9262 9272
8119 9967
9119 9456
9357 9169
9273 9267
9250 9278
9624 8779
8791 9699
9274 9260
8540 9842
7983 10000
8017 9975
8285 9914
9701 8576
9737 8505
9264 9280
9888 7672
9267 9266
9889 7639
9398 9109
9587 8859
8596 9809
9180 9378
9526 8964
9771 8335
7847 10026
8928 9618
9557 8934
9437 9069
9603 8790
9329 9209
9465 9036
7905 10013
9497 8999
8916 9637
8919 9622
7803 10037
7632 10063
9643 8715
8089 9970
9287 9248
7874 10023
9459 9042
8081 9973
9798 8291
9622 8759
9841 8073
9634 8742
9415 9105
9826 8084
9428 9080
9157 9419
9106 9472
9226 9329
9563 8916
7743 10045
7641 10061
9647 8706
9347 9189
7906 10009
8510 9843
9199 9362
9166 9402
8665 9790
9356 9174
9510 8990
9821 8167
9142 9423
9843 8067
8009 9989
8688 9766
8710 9748
9422 9087
9824 8136
8208 9941
9392 9110
8107 9963
9873 7953
8862 9664
9479 9020
9691 8637
9548 8945
7567 10067
7935 10004
8547 9835
9661 8689
8687 9774
8479 9861
9256 9295
9468 9034
7455 10086
8817 9681
9768 8363
8735 9747
9517 8975
8981 9582
8595 9820
9611 8788
9002 9568
7517 10069
9481 9006
8950 9602
9367 9152
9876 7869
9304 9230
9591 8823
9529 8951
8790 9708
7850 10024
8923 9619
9527 8958
9430 9079
9019 9555
9654 8691
8649 9808
9730 8515
9837 8082
9750 8430
8508 9858
8448 9866
7355 10089
7184 10093
7150 10101
9567 8895
9781 8308
8033 9974
9878 7794
9131 9438
8953 9586
9491 9005
9627 8744
8896 9647
9359 9153
9695 8591
7470 10082
9849 8054
9639 8731
8233 9938
9588 8824
9807 8217
8778 9714
8564 9824
9852 8028
8699 9749
9277 9255
9447 9068
8156 9957
9612 8767
9791 8295
9341 9197
8349 9908
8952 9589
9756 8386
9220 9333
9211 9342
9746 8460
8408 9885
9477 9026
9769 8341
9602 8795
8197 9943
9884 7777
8130 9960
9076 9510
9718 8547
9802 8245
8354 9888
8176 9955
9788 8304
9389 9149
9357 9155
9206 9356
9130 9465
9858 7987
9299 9243
9089 9493
7695 10050
8769 9730
9518 8969
9097 9486
9753 8427
9641 8725
7325 10092
9314 9229
9244 9314
8269 9922
9595 8813
9060 9527
9034 9539
9679 8664
8878 9658
9302 9236
8816 9697
9757 8383
9846 8059
7805 10029
9671 8673
9721 8517
9819 8184
8854 9676
9260 9288
9570 8872
8420 9869
