19963 16852
20004 16639
19286 18574
20054 16295
19500 18166
20032 16443
20048 16354
20006 16629
19800 17513
20001 16655
19257 18618
19323 18550
18332 19540
17304 20070
18158 19678
18046 19723
17501 19993
17783 19844
16695 20297
19908 17095
19244 18625
16540 20328
18423 19474
18854 19107
19406 18350
19787 17581
16389 20380
20028 16523
16043 20418
19984 16807
15924 20428
19700 17763
19428 18290
18721 19263
18987 18989
18062 19721
19950 16950
16747 20256
18827 19160
19619 17903
18570 19386
16702 20282
19201 18675
19543 18047
19033 18950
19541 18050
19149 18756
16342 20381
18209 19631
18304 19568
19338 18547
19374 18449
16483 20345
16684 20301
19849 17439
17513 19974
20035 16375
15966 20424
18736 19215
19951 16933
16214 20388
18043 19726
18688 19291
19397 18371
19118 18848
16788 20248
16607 20327
17640 19932
17572 19956
16439 20366
19270 18602
19342 18450
19499 18216
15810 20452
18537 19405
18379 19522
19189 18732
19231 18637
17259 20081
19850 17379
19955 16881
17729 19896
16741 20270
18656 19337
19730 17711
17777 19854
19579 18020
19262 18608
19925 17034
19090 18889
19139 18788
19423 18324
19874 17257
20034 16422
18089 19720
18793 19194
18915 19057
17629 19934
18628 19347
19009 18951
15715 20468
16738 20271
17512 19984
19669 17824
19993 16755
17330 20053
19518 18130
17480 20028
17017 20209
19532 18122
17400 20031
19198 18697
18719 19270
17311 20055
19456 18284
19858 17262
18364 19539
16813 20246
15824 20443
17984 19774
17933 19817
18274 19630
18862 19079
18724 19217
19068 18909
15891 20430
19604 17983
18416 19511
17194 20105
19822 17466
16235 20385
16644 20307
19942 16997
19383 18376
19877 17107
16950 20224
19881 17106
17556 19963
15733 20454
20049 16353
17988 19740
18534 19425
15730 20461
16326 20383
18438 19470
19607 17904
15887 20436
19510 18134
15752 20453
18840 19137
19093 18857
16197 20399
17696 19902
19689 17808
17219 20098
19632 17891
19765 17618
19641 17852
17158 20161
18845 19135
17985 19743
19417 18348
17641 19907
18190 19648
18503 19458
16072 20401
17579 19938
17531 19965
16442 20357
17884 19840
17231 20088
18119 19696
18943 19036
19494 18268
17735 19858
17812 19843
17037 20175
18598 19367
18900 19078
19751 17646
18549 19404
18774 19201
19400 18352
17190 20151
16892 20243
17387 20035
19223 18664
19892 17113
19933 17023
19946 16929
16404 20330
20056 16196
19979 16782
20040 16445
20034 16519
20001 16682
19934 16971
19788 17547
18655 19258
18028 19778
18460 19420
20045 16422
18642 19321
19792 17537
18559 19354
15688 20453
19837 17402
19517 18128
20021 16642
19857 17273
18681 19250
18134 19692
18337 19547
19608 17989
19693 17723
19720 17670
16246 20356
19996 16694
19862 17254
18369 19507
19712 17684
18212 19623
20037 16516
18513 19364
18427 19469
18259 19575
19912 17110
18249 19602
17897 19874
18888 19023
17912 19830
18999 18911
19988 16747
19379 18440
18835 19093
17154 20179
19658 17880
18494 19401
18809 19097
17567 20000
19648 17901
18506 19380
16739 20273
18613 19344
19696 17720
18958 18920
20023 16597
16039 20402
18925 18989
18887 19047
17291 20135
18498 19384
19111 18753
18084 19755
19622 17917
19749 17636
20042 16423
18158 19685
19280 18575
19950 16892
16164 20386
18205 19630
19035 18905
20049 16354
16683 20286
16289 20348
17745 19941
17942 19813
19370 18455
15813 20452
19278 18605
19926 17042
19373 18441
19086 18810
19170 18698
18510 19378
17767 19940
17899 19864
19453 18342
19692 17733
18426 19486
16267 20354
19861 17265
16877 20238
17970 19805
19866 17251
19077 18849
17697 19964
18865 19059
18941 18939
18765 19235
19333 18521
17939 19827
19436 18359
16948 20222
17690 19966
18006 19785
17770 19919
15945 20431
18956 18936
19915 17068
16422 20326
16108 20393
20062 16171
19046 18877
19090 18788
17905 19838
18004 19797
19279 18600
17003 20199
19819 17485
18488 19413
19683 17799
18848 19085
19515 18186
18176 19646
17262 20174
19063 18851
19232 18613
19108 18758
20039 16460
16364 20338
18805 19115
17071 20191
18801 19179
19574 18107
19401 18421
20066 16142
17858 19887
19520 18115
19107 18770
19593 18029
19598 17996
16370 20331
18235 19621
16081 20396
16024 20424
19968 16866
18174 19656
18965 18916
17446 20050
20014 16655
17650 19986
17557 20038
16493 20321
18159 19679
16209 20372
18808 19113
19216 18635
18795 19184
16866 20254
15884 20451
19217 18631
19179 18696
18840 19091
18908 19011
20055 16225
17398 20129
18690 19239
17048 20196
19777 17557
18551 19356
20005 16664
19199 18668
19509 18274
18894 19013
18851 19080
18989 18914
16631 20297
17666 19972
19887 17230
16759 20268
17409 20073
19160 18751
19313 18544
17849 19842
19702 17672
17835 19853
15712 20473
17421 20063
17687 19907
20017 16564
16037 20431
16342 20386
16273 20408
20007 16609
19201 18671
20034 16481
17466 20024
18482 19432
17427 20048
17123 20166
18160 19667
19298 18571
17357 20083
18010 19765
16557 20322
19205 18663
17935 19782
18851 19167
15987 20447
18666 19296
19557 18115
20025 16520
19971 16827
19916 17098
16232 20412
19562 18108
15860 20470
17065 20204
17124 20161
19538 18164
19711 17657
20046 16415
19885 17224
19814 17553
19458 18293
19893 17172
20050 16254
17924 19793
19732 17646
18916 19050
19953 17015
16398 20372
17066 20186
18352 19534
18696 19280
19654 17881
19843 17366
19448 18318
19576 18101
18817 19192
16892 20245
19692 17769
19118 18809
19274 18581
17971 19775
19047 18875
16490 20355
16548 20328
20018 16540
19667 17793
16812 20284
18502 19409
19484 18272
19100 18846
19844 17365
17594 19976
20049 16303
18283 19629
17608 19956
19518 18166
17224 20143
16681 20313
17542 20017
19987 16766
19991 16702
20000 16670
17252 20124
20004 16639
18559 19370
18358 19532
15923 20463
17426 20051
19833 17473
17803 19886
18111 19716
18161 19630
18903 19117
19258 18660
18365 19509
19314 18521
19913 17153
16970 20238
16759 20292
18286 19592
16421 20365
18490 19430
19877 17262
18543 19385
19292 18575
20051 16239
20063 16236
19854 17310
18873 19134
17685 19931
18012 19744
19341 18462
18308 19591
19005 18987
18127 19700
19668 17786
17112 20177
16436 20357
19451 18310
19184 18730
18059 19737
19044 18926
17256 20111
18526 19404
17329 20110
18686 19292
19198 18683
15755 20472
17904 19841
19098 18848
16001 20436
18554 19381
17373 20072
18285 19605
16108 20425
19163 18751
18967 19049
18771 19201
17588 19982
18331 19580
18659 19330
19140 18797
17543 20008
18657 19341
19510 18216
18363 19515
19382 18419
18616 19350
19608 17984
19327 18491
19413 18367
18386 19489
19856 17289
19782 17588
17984 19771
18787 19195
19550 18159
16692 20296
19373 18425
19363 18446
19919 17022
19988 16738
18763 19251
20024 16522
19171 18735
19611 17978
19964 16856
19426 18351
19596 18066
19749 17631
16972 20209
18415 19451
19515 18200
19617 17915
19983 16800
17741 19898
19154 18773
17620 19942
18473 19440
18411 19488
18394 19430
20050 16222
20051 16203
18874 19072
20056 16176
18301 19491
18984 18934
19065 18904
18319 19478
19638 17926
20000 16514
20054 16196
20057 16170
18924 19009
19843 17405
18478 19369
17543 20007
19608 17989
19473 18246
18706 19203
19866 17310
19533 18203
18379 19433
19546 18166
19854 17355
19580 18070
19891 17141
17514 20025
19998 16522
18491 19368
18846 19114
19588 18052
20040 16286
19779 17590
16090 20446
18354 19463
19793 17499
18830 19119
19287 18590
19243 18650
19795 17496
18310 19484
18537 19362
17191 20136
19840 17406
20005 16493
16095 20435
19599 18043
20020 16420
19433 18317
17073 20203
19039 18925
17612 19955
19787 17574
18370 19452
19114 18873
16149 20422
18456 19421
18630 19284
17097 20173
17591 19985
15767 20471
19140 18847
18894 19050
19763 17679
18323 19472
17320 20110
19960 16816
19995 16556
18195 19584
19789 17528
15704 20478
19603 17993
19489 18222
19671 17838
19331 18545
19443 18302
17891 19843
19432 18359
19622 17981
19775 17606
18590 19295
18819 19134
16397 20387
17680 19930
17814 19856
17494 20044
18893 19063
19183 18733
18031 19754
19453 18286
19573 18136
18284 19510
18146 19657
19215 18715
18563 19327
19384 18447
19991 16720
18588 19296
20028 16354
16964 20254
16537 20366
19246 18602
15749 20473
19927 16956
17519 20024
19368 18509
15918 20454
17527 20018
17961 19790
19586 18060
17771 19919
18263 19540
16706 20315
16798 20297
18106 19712
17784 19887
19764 17667
19686 17808
16224 20394
17902 19842
17367 20079
17654 19944
19727 17736
19159 18786
19257 18598
18071 19748
17218 20131
16683 20324
16751 20309
18772 19141
18375 19435
18570 19301
19896 17135
17333 20081
16868 20273
20032 16349
18547 19329
19922 17079
18215 19583
19713 17804
18239 19563
17607 19964
17103 20148
17246 20124
18276 19517
18935 18999
18764 19168
17380 20045
17532 20008
19953 16935
17185 20146
19877 17230
19415 18381
18474 19385
15871 20463
18694 19248
19829 17456
18291 19497
16666 20335
17024 20210
18184 19615
19663 17906
19296 18578
18982 18992
16153 20401
19746 17725
18275 19536
19815 17472
19985 16805
18188 19585
19637 17962
16253 20399
16307 20381
16502 20318
16711 20268
19997 16654
16895 20214
19916 17067
19030 18923
19067 18868
19380 18403
16539 20304
18954 18946
15956 20456
16056 20439
19248 18680
17405 20053
19119 18831
18781 19194
17044 20166
17338 20074
19334 18458
19220 18684
16769 20241
19739 17648
17158 20127
19328 18478
17077 20148
19910 17081
17120 20135
19330 18470
16959 20177
19885 17194
17276 20098
17126 20128
19891 17136
16185 20436
17006 20168
19151 18763
17174 20103
15994 20452
16607 20279
17403 20056
19185 18761
19574 18095
17352 20066
19805 17483
18266 19602
16694 20272
18691 19278
19726 17682
19315 18484
19924 17028
16955 20182
19146 18784
16918 20187
19271 18571
18027 19767
17671 19930
19260 18599
19444 18310
16904 20198
17542 19996
18663 19285
19298 18531
15801 20484
19771 17526
19972 16901
19567 18152
17058 20151
19643 18001
17173 20115
17387 20058
18183 19714
17610 19968
19259 18604
18723 19241
16991 20174
19205 18706
19928 17010
19806 17408
18947 19014
19293 18559
16457 20352
17975 19856
19758 17554
19443 18330
18221 19654
19086 18844
20019 16599
18486 19464
19447 18298
16417 20358
17580 19994
20048 16470
19424 18362
18184 19656
18786 19154
19607 18080
19904 17123
19747 17581
19495 18258
19496 18208
18095 19764
19331 18463
19268 18578
20058 16405
17647 19936
18523 19426
19267 18597
19102 18840
19994 16717
17091 20145
17074 20149
18240 19616
18834 19135
19724 17721
15887 20461
19701 17740
18392 19505
19199 18712
19414 18386
19695 17874
19536 18190
18544 19394
19448 18297
19080 18847
16259 20396
18980 18941
19307 18517
15807 20475
20003 16611
18629 19319
19863 17310
16601 20289
18425 19490
20025 16521
19417 18375
17811 19901
19397 18390
15839 20471
19968 16918
18004 19815
17625 19939
18599 19360
18245 19605
19046 18882
18224 19625
16605 20284
19077 18849
19527 18202
18561 19376
19876 17223
17183 20099
17673 19928
18914 19093
19150 18782
18112 19727
18984 18931
19830 17389
16389 20376
17521 20034
19743 17626
17815 19894
15867 20464
19120 18813
18618 19329
17863 19883
19837 17349
19888 17150
18383 19557
18565 19372
17911 19857
18286 19587
19841 17328
16483 20350
18304 19560
19983 16804
16600 20290
19595 18094
17771 19926
19619 18034
19376 18453
16855 20237
18312 19559
19667 17938
19282 18567
19798 17509
16521 20338
19941 16903
19761 17571
16092 20415
19250 18640
16270 20406
19219 18679
19857 17233
19905 17137
19953 16853
18854 19108
18868 19077
18824 19152
19190 18695
19459 18250
19069 18865
18767 19158
15879 20457
15864 20461
19885 17200
16016 20431
18879 19067
18976 18983
15975 20438
18115 19675
19910 17078
19816 17380
17061 20185
18460 19418
18003 19748
19682 17836
19832 17366
18886 19065
19636 17940
19915 17074
17086 20173
17730 19893
16072 20426
17250 20112
18533 19372
19572 18019
19933 17007
18983 18978
18661 19276
19052 18884
19206 18682
16878 20224
17715 19896
19612 17946
20052 16559
17195 20149
19983 16756
19057 18877
18239 19606
18766 19175
16825 20253
17507 20051
18055 19703
18962 19030
18391 19470
19980 16806
16315 20381
19305 18571
19729 17702
19362 18515
19246 18652
19841 17359
18288 19546
18632 19308
18035 19713
17952 19804
19407 18489
19544 18163
19757 17616
16658 20280
19734 17617
17110 20167
17439 20056
17683 19917
19610 17993
17399 20080
19370 18507
19408 18389
18243 19596
17283 20095
20057 16388
19199 18683
18367 19534
18839 19138
16831 20233
19243 18671
18370 19515
20027 16582
20025 16620
19325 18519
18400 19453
18857 19085
19012 18960
19372 18493
17847 19845
15923 20451
17115 20161
17299 20087
19031 18901
17024 20200
19481 18239
18769 19157
19773 17531
19134 18800
19564 18068
15942 20442
18504 19398
18965 18994
19552 18080
18606 19342
17044 20188
17396 20082
18024 19729
16896 20220
18207 19648
19501 18180
17767 19890
16457 20366
16382 20379
16343 20380
19660 17897
17245 20122
18334 19541
18551 19364
18664 19245
19177 18752
19343 18517
19939 16972
16649 20298
19035 18900
19145 18770
19902 17141
20020 16689
18757 19230
18136 19653
19420 18335
20015 16710
19457 18270
19429 18333
16768 20261
18913 19053
18589 19363
18265 19558
19098 18841
19152 18764
18054 19704
17713 19909
16690 20279
18120 19671
19030 18907
17909 19830
19806 17525
17963 19756
18233 19607
19289 18616
16006 20436
18008 19732
18447 19448
19026 18921
17647 19992
19638 17934
17663 19971
18244 19565
18929 19040
19854 17309
16613 20323
17677 19939
17561 20010
18068 19681
17804 19878
17845 19848
19701 17755
19946 16863
16963 20214
19413 18357
19611 17983
20041 16444
18523 19295
20039 16445
19843 17298
19816 17453
19585 18008
20058 16338
19812 17464
17044 20178
20044 16426
19315 18537
19932 17023
18419 19401
17858 19884
20057 16350
17025 20183
19865 17188
17095 20149
16055 20432
18310 19471
18751 19154
18632 19257
18428 19382
20018 16691
18661 19251
16717 20291
18785 19111
17793 19890
19949 16910
19828 17330
16536 20327
19180 18707
17867 19845
18172 19590
16679 20293
18124 19677
18144 19635
16851 20247
18897 19024
17233 20099
17897 19809
20019 16666
19945 17022
16773 20255
19742 17615
16856 20241
19955 16864
18782 19123
19554 18064
18555 19286
19380 18439
16399 20387
18063 19755
17193 20130
15746 20470
18935 18960
18718 19195
18640 19255
19145 18753
19434 18355
17376 20059
19244 18661
15787 20452
19110 18763
19846 17268
18097 19695
19453 18319
18807 19088
19071 18813
17266 20098
18715 19210
19141 18759
19471 18314
18917 18978
19264 18636
17372 20085
18902 18986
17232 20114
19710 17721
19174 18724
16991 20193
19326 18524
17949 19790
17480 20047
18742 19190
19680 17802
17068 20160
19755 17596
19518 18124
20050 16409
17962 19781
18989 18917
19155 18729
19893 17128
17164 20142
19785 17513
19408 18386
17677 19987
16471 20348
15829 20449
19478 18251
19655 17871
19657 17843
19106 18782
16192 20405
16951 20209
16682 20292
18595 19258
18075 19725
18505 19329
18449 19372
16723 20264
17579 20008
15991 20435
19618 17969
19766 17556
19514 18202
18140 19647
18937 18947
18249 19566
17712 19941
17941 19798
18453 19355
19207 18692
18858 19081
19479 18234
19634 17896
17753 19913
19373 18442
18129 19667
18867 19037
18461 19352
17053 20165
18442 19374
19266 18592
18743 19182
19873 17132
17758 19898
20011 16840
16089 20431
17412 20049
19704 17767
16511 20330
16739 20258
19924 17032
18588 19274
19697 17791
16928 20236
19364 18501
17894 19840
19588 17997
19662 17820
18373 19447
20033 16515
20051 16392
18297 19534
18511 19323
18230 19572
15749 20459
16651 20315
18226 19586
18353 19469
19548 18071
19563 18015
19105 18784
19545 18109
19723 17692
16955 20198
18472 19334
19293 18581
19517 18125
18533 19292
18874 19032
17990 19771
17744 19922
19055 18882
19625 17922
19058 18828
19142 18757
15879 20437
17491 20030
19223 18691
18098 19631
19996 16695
15898 20452
19351 18399
15954 20444
20016 16625
15743 20467
19283 18495
18039 19695
20037 16546
20000 16665
19454 18226
18592 19307
19988 16707
18296 19548
19270 18513
18207 19599
20021 16572
16226 20396
18738 19165
17595 19972
18645 19247
18798 19149
18408 19477
19328 18486
20052 16446
18916 19014
19962 16964
17223 20114
17512 19975
17486 20012
19638 17845
18743 19160
19723 17615
19404 18378
16737 20261
18695 19226
19735 17588
19772 17507
17492 20004
19661 17748
19986 16753
19612 17898
16862 20214
18697 19181
18823 19102
19463 18224
18885 19054
16468 20305
18942 19013
16865 20212
18372 19479
19862 17276
19779 17495
18855 19082
16961 20196
16997 20169
18519 19377
18699 19178
17911 19788
19558 18099
17293 20096
19332 18457
19968 16909
18860 19059
17817 19852
16270 20395
17306 20086
17464 20024
17635 19955
18103 19622
16915 20199
19274 18512
18959 18992
17961 19766
18094 19680
18891 19038
19721 17621
16873 20207
19001 18884
16756 20230
19572 18043
16141 20422
16409 20313
16542 20301
19181 18723
19632 17874
19308 18490
17682 19920
19424 18334
16749 20237
19002 18876
18543 19351
17498 19980
19659 17770
16817 20229
19137 18790
19942 17016
17361 20063
17407 20045
19979 16779
19977 16883
18267 19565
17476 20018
18366 19510
18605 19299
18892 19032
17354 20082
18327 19515
19522 18124
18197 19612
16665 20283
19580 17992
18527 19362
16448 20309
19080 18828
17207 20158
17998 19735
19109 18793
19918 17186
18620 19273
19827 17378
19864 17257
18181 19619
19231 18627
19923 17069
18824 19086
18670 19228
19203 18705
16408 20353
18995 18927
17600 19958
16594 20288
17639 19948
19247 18590
16882 20205
18424 19446
18627 19249
19602 17969
19718 17728
19745 17559
20059 16299
17874 19810
19650 17776
19265 18581
19835 17314
18478 19422
17421 20032
17833 19849
19083 18803
17789 19875
19447 18266
18233 19589
18318 19545
19736 17584
18978 18953
18747 19157
19045 18858
19608 17920
16057 20436
15860 20457
19574 18015
18439 19425
17152 20161
19145 18769
19504 18193
18457 19423
19801 17435
17749 19902
19672 17733
19636 17852
18737 19201
19056 18883
16138 20407
16028 20431
17280 20115
20047 16514
16915 20218
19647 17921
19765 17661
18412 19497
17072 20171
15987 20439
20042 16523
19589 18037
20031 16573
18726 19228
19742 17695
20013 16662
18810 19121
19906 17264
20033 16548
18503 19386
19281 18590
19357 18441
16262 20394
18842 19109
18635 19315
16761 20265
18873 19099
18056 19729
20000 16817
19147 18820
20008 16681
15953 20440
19955 17036
18032 19733
16933 20216
18091 19715
19389 18439
16016 20437
18967 18979
15856 20455
19653 17871
17813 19912
18301 19596
16285 20388
19662 17860
18183 19674
17025 20191
19556 18094
19828 17475
19738 17712
17690 19968
18840 19116
19880 17285
19965 16932
17397 20068
16740 20276
18313 19576
18520 19374
17722 19938
17867 19856
19747 17692
18379 19530
19688 17858
16973 20202
18586 19347
17976 19815
17596 20017
16671 20295
17936 19833
17332 20102
17691 19942
19191 18730
18496 19426
19946 17163
19815 17558
19848 17463
19933 17216
16129 20430
18806 19148
17646 19995
20056 16499
18816 19120
17817 19864
17448 20052
18235 19640
19614 18028
19150 18768
19694 17805
18027 19776
19562 18086
19632 17946
19211 18687
19025 18969
19735 17804
19036 18942
20001 16682
16775 20264
19158 18766
19099 18841
19355 18467
16623 20328
18371 19533
16753 20266
16823 20245
16529 20370
18761 19158
17750 19919
19866 17416
16211 20403
16675 20286
18433 19454
19451 18360
19475 18318
19969 16872
19958 17023
19827 17498
15895 20449
17815 19889
19431 18398
19790 17580
17664 19990
19633 17924
15778 20458
18568 19369
19507 18270
16661 20302
19047 18912
16783 20259
19545 18171
18957 19045
16135 20411
18692 19288
16539 20341
19301 18582
18509 19384
19178 18736
17401 20055
19264 18670
17724 19934
18468 19450
18613 19327
18564 19373
19928 17231
19577 18085
19821 17512
18878 19093
17458 20031
18940 19056
17217 20168
17876 19840
15768 20462
16834 20244
18502 19400
18475 19437
19401 18408
18748 19160
16408 20376
18373 19531
18154 19691
18595 19341
18917 19078
19554 18153
18419 19477
19440 18361
17491 20029
19539 18174
16449 20374
19058 18868
18741 19170
19777 17653
18647 19300
19349 18554
20050 16290
19354 18434
19717 17700
20063 16175
18842 19098
20057 16253
19363 18423
19347 18489
19304 18535
19638 17914
18907 19038
19395 18411
19798 17487
19489 18248
19108 18834
19808 17474
20059 16223
19133 18779
19051 18866
18688 19277
19621 17986
19054 18857
19812 17430
19649 17842
19150 18730
19436 18372
19458 18364
18848 19097
20032 16442
19689 17755
18518 19403
19281 18585
19506 18235
18968 18959
18962 18977
18909 19037
19380 18412
19914 17084
19149 18744
18099 19734
16224 20376
18894 19096
17975 19812
18817 19149
19897 17221
18923 19030
18178 19670
19372 18421
19985 16798
17166 20160
19832 17406
19276 18631
16770 20249
18204 19630
19563 18078
19610 18062
17912 19872
19498 18247
20041 16409
18010 19773
18920 19036
18834 19110
19339 18520
18581 19374
17572 19992
18199 19641
19242 18697
19488 18322
16808 20245
19418 18386
19968 16810
18250 19597
17547 19996
19014 18954
18224 19619
19539 18131
15653 20463
16119 20405
16395 20364
19040 18902
19928 17035
16199 20397
17823 19898
19125 18820
18737 19263
19849 17365
16191 20398
18951 19020
15720 20457
17181 20126
17367 20070
19057 18856
19960 16907
17687 19953
19992 16702
17847 19897
18039 19742
19933 16927
16661 20255
16919 20216
15619 20465
19287 18578
16657 20284
17326 20092
19043 18873
17482 20034
17729 19950
19089 18842
17294 20097
18129 19696
16050 20425
19153 18714
16998 20215
16612 20285
18027 19750
18318 19593
19397 18402
16538 20299
19687 17817
16467 20350
19648 17895
17511 20010
16884 20219
15679 20461
18240 19608
18672 19293
19350 18446
20045 16310
16844 20244
19731 17696
19868 17333
16529 20325
19787 17524
20024 16636
18966 18974
17745 19931
19058 18849
16031 20439
18513 19411
17398 20063
17421 20054
17775 19900
18901 19044
19765 17538
19708 17738
16202 20391
19762 17651
18134 19678
19245 18637
18247 19600
18494 19490
18750 19224
19554 18083
17225 20107
17649 19981
18652 19355
19820 17407
18547 19397
18830 19126
18776 19172
19531 18218
19763 17589
19359 18426
18357 19554
18512 19468
19335 18532
17014 20183
19796 17519
19630 17918
18738 19226
18406 19549
17763 19908
17686 19971
17921 19848
18803 19156
19405 18341
16465 20330
16767 20251
16734 20275
16870 20218
16664 20306
20055 16414
20045 16468
20048 16464
17547 19940
15788 20462
18721 19196
18666 19242
15843 20454
17552 19933
15948 20446
18707 19209
16108 20419
19698 17685
16977 20196
19821 17434
18612 19303
19363 18404
17067 20137
16588 20309
16499 20325
19855 17365
19099 18795
19142 18756
19904 17141
19029 18865
18817 19113
17795 19804
16447 20336
16783 20245
16821 20242
18976 18922
16085 20422
19551 18087
18850 19052
19693 17755
19193 18741
19217 18708
19612 17993
17130 20130
17007 20171
19225 18696
19732 17604
19860 17348
16722 20289
17543 19944
19875 17211
18704 19236
19371 18401
19724 17678
19238 18625
20049 16426
19423 18323
18902 19020
16919 20208
19559 18068
18841 19054
17656 19903
16566 20318
18973 18924
19908 17121
18828 19109
17968 19694
17766 19840
20060 16401
18319 19511
20044 16476
18839 19061
19400 18370
19431 18311
19881 17186
19521 18187
17436 19997
16966 20205
18888 19027
18369 19501
17947 19708
18347 19502
20052 16423
17444 19979
17464 19978
15794 20456
16308 20400
19809 17476
17314 20045
17535 19963
18855 19039
17183 20091
19289 18552
19701 17681
19495 18251
18609 19351
17786 19808
19643 17865
17914 19746
18217 19571
19954 17031
20067 16378
20042 16633
16585 20310
19417 18329
18412 19445
19069 18800
18946 18985
17506 19976
18304 19519
17944 19734
19016 18899
17405 20030
19599 18057
18165 19612
18518 19372
19331 18506
19445 18298
17438 19988
19970 16949
18383 19470
17593 19928
19681 17804
19766 17593
19020 18878
19986 16918
19468 18288
18768 19131
19117 18788
19326 18541
16419 20342
18269 19552
17862 19797
20012 16748
19352 18466
18027 19680
17250 20058
19892 17154
17209 20089
17744 19894
18806 19123
17959 19697
18507 19440
19866 17286
19279 18605
18212 19584
16417 20384
18148 19637
18655 19266
19536 18123
18537 19355
19984 16926
17246 20059
18648 19300
16184 20402
17173 20123
19775 17563
19081 18799
19948 17107
17614 19925
17538 19953
18219 19562
18191 19610
18722 19192
18958 18945
19642 17942
19660 17858
16876 20213
18098 19665
19332 18493
19867 17219
19360 18463
17899 19755
19047 18844
19996 16801
15803 20455
17937 19736
18765 19163
18926 18990
19919 17108
17623 19909
19263 18616
18411 19454
17063 20158
19796 17524
16075 20435
17888 19780
19517 18212
16020 20389
16402 20343
16338 20370
16152 20377
16505 20313
16488 20326
16454 20333
19934 16949
18730 19186
16529 20306
19730 17585
19884 17287
18853 19098
18646 19269
19905 17179
17844 19825
17569 19982
19850 17348
18904 19015
19958 16841
19929 16950
18847 19099
16025 20381
19866 17304
19924 17052
19220 18704
19992 16750
18934 18997
20050 16361
19309 18555
19199 18713
16935 20194
17631 19961
20056 16349
19981 16768
18894 19025
17010 20177
17499 20002
19474 18287
16850 20223
19899 17226
19426 18375
17327 20060
17401 20040
18882 19028
16951 20187
19997 16674
18649 19246
16934 20204
17116 20152
19011 18931
19638 17905
17889 19793
18854 19086
17430 20034
19523 18185
18709 19204
20035 16419
18382 19491
19134 18822
19461 18354
19396 18468
19563 18041
19409 18444
17304 20078
16654 20275
19280 18610
19109 18826
19666 17871
20057 16281
16591 20300
19272 18652
18549 19341
19176 18766
19775 17539
20047 16375
16852 20210
19528 18113
19048 18902
17642 19923
19556 18044
19790 17515
17922 19769
18951 18980
18084 19679
17488 20010
17936 19760
19831 17438
18657 19243
18973 18934
19013 18925
18132 19661
18579 19313
18375 19504
20048 16363
17322 20072
17378 20056
17977 19727
19732 17577
18874 19052
17967 19742
19145 18788
19380 18481
16633 20276
19976 16820
19635 17913
19195 18714
19450 18356
20042 16389
16958 20184
19723 17667
19840 17354
17974 19729
18533 19353
18958 18965
19414 18383
17576 19969
17228 20105
17054 20164
18324 19545
20039 16410
17387 20042
19230 18663
19369 18484
15746 20441
19953 16868
15733 20446
18774 19164
19091 18851
19081 18861
19716 17748
18627 19270
19948 16889
20014 16623
18017 19724
17282 20095
18343 19520
19302 18561
17192 20132
18484 19385
18117 19667
19837 17365
18438 19428
17224 20108
15669 20457
19027 18912
15962 20407
19287 18592
18821 19114
19305 18560
18505 19384
17027 20174
18427 19452
19503 18274
19604 18006
19042 18910
19688 17824
18971 18954
15678 20448
16368 20355
18422 19468
15623 20461
17796 19874
18216 19636
17877 19819
18433 19435
15763 20426
18866 19055
18669 19220
19533 18052
17580 19962
16789 20264
18313 19629
18160 19648
18467 19414
17470 20013
18465 19422
19915 17141
15738 20444
19736 17574
18179 19644
18080 19715
16824 20234
15781 20413
19352 18541
18605 19312
17693 19921
15548 20464
20031 16556
15883 20411
17152 20148
17754 19909
19852 17329
19701 17743
19429 18322
19827 17373
19486 18216
18561 19360
19007 18933
16543 20311
17182 20128
20045 16501
18357 19539
19636 17933
18651 19317
16535 20331
18668 19265
18714 19239
19671 17809
20019 16699
18373 19526
18666 19274
18966 19011
18972 18960
19717 17682
19105 18818
18459 19462
19603 17983
18781 19184
18883 19091
16407 20341
16768 20254
16983 20211
18704 19258
19769 17592
19741 17641
15983 20457
16122 20409
16081 20431
19996 16814
18746 19237
16571 20307
16030 20432
15954 20461
18482 19419
16704 20275
16498 20339
20044 16502
16504 20333
18578 19334
15989 20437
17173 20148
19176 18743
16142 20408
16815 20244
18992 18957
19293 18576
17380 20097
18683 19260
15891 20468
16873 20230
16667 20287
17452 20043
18571 19336
17414 20071
16276 20393
15991 20436
19260 18648
18997 18950
19703 17725
18294 19592
18545 19385
20042 16507
18414 19468
19237 18662
16366 20364
16374 20356
19914 17153
19684 17806
18804 19183
18417 19463
18771 19200
18260 19623
19341 18514
19943 17040
17097 20169
19218 18720
18868 19101
19058 18879
19567 18134
16603 20305
18386 19520
17644 19970
16110 20419
19471 18281
19881 17260
19983 16856
19280 18607
19031 18912
18180 19698
19042 18908
17251 20124
19818 17437
17872 19880
18228 19647
20037 16593
18616 19321
17881 19843
19305 18524
18284 19596
19376 18483
18363 19527
19927 17056
16289 20383
19789 17544
16106 20430
19308 18522
17022 20177
19121 18805
19397 18399
18557 19377
19404 18337
19143 18788
19411 18331
19832 17362
17526 20015
17981 19797
19921 17058
18656 19280
19347 18494
19968 16949
18307 19590
18524 19413
19807 17490
17944 19807
19476 18247
19620 17936
19061 18826
16708 20267
16154 20398
19877 17276
19946 17018
19999 16724
17717 19932
18951 19053
18068 19728
19745 17615
18856 19134
20022 16624
19522 18152
19444 18295
17282 20099
19714 17703
16807 20247
18035 19771
19696 17780
17731 19926
18399 19493
19645 17886
17753 19916
19587 18072
19500 18208
17498 20032
16782 20248
19132 18802
18192 19651
18408 19490
19715 17693
17625 19990
18906 19077
19238 18649
19886 17226
18462 19434
19874 17298
19916 17150
20050 16367
19821 17401
19946 16888
19718 17719
17933 19756
16720 20246
19538 18130
19263 18604
17483 19978
19265 18554
18511 19379
19345 18425
19875 17237
17047 20144
19942 16893
19298 18528
19733 17641
18973 18964
18933 19035
18817 19117
18163 19602
18158 19603
19782 17559
19072 18914
18671 19221
15790 20465
19331 18484
19988 16789
19886 17145
16280 20373
18261 19536
19417 18368
19764 17638
20003 16666
19640 17900
16431 20337
18483 19388
19639 17911
19547 18112
18822 19094
17033 20188
16632 20265
19636 17934
18746 19189
18214 19567
17398 20023
18155 19625
18063 19672
17076 20143
19862 17250
17706 19893
18466 19437
19125 18828
19306 18523
20026 16539
15915 20459
17805 19841
18332 19492
17635 19906
18173 19569
17427 20010
18113 19650
18119 19633
19536 18199
18981 18944
16621 20277
18754 19159
16088 20414
18847 19079
19293 18536
16176 20407
19933 17049
16701 20257
18516 19365
19826 17380
17870 19805
17044 20147
17777 19854
18235 19560
19573 18066
17374 20082
19792 17552
17597 19948
19859 17277
18589 19331
19927 17088
19494 18201
19644 17897
17445 19981
19198 18703
18891 19045
18775 19141
18525 19364
18328 19510
19682 17877
19914 17089
18777 19123
19155 18769
19392 18421
19193 18704
18114 19645
18028 19698
18172 19570
19245 18605
19935 16963
17306 20104
18168 19600
19991 16687
18535 19351
16951 20196
19341 18470
19717 17754
19651 17894
19548 18076
16497 20297
19004 18939
19128 18800
16866 20197
19479 18276
17430 20005
19989 16754
19905 17132
18603 19310
17560 19959
19238 18675
19101 18874
17038 20164
18019 19745
19852 17322
17435 20001
19176 18721
19598 18030
16253 20404
19607 17964
19708 17804
16446 20323
17485 19977
18717 19213
18653 19258
19823 17393
16845 20218
16266 20398
16743 20238
18398 19480
19444 18321
20057 16326
17182 20136
19694 17807
17134 20138
19139 18778
19818 17417
19968 16861
17884 19765
19328 18496
16477 20307
17810 19810
19456 18296
18639 19263
18248 19549
20008 16658
17612 19940
19048 18937
16775 20224
17921 19764
19237 18677
17393 20028
16796 20223
16512 20280
20042 16387
18296 19524
17422 20012
18615 19264
16068 20448
16408 20369
18406 19447
17887 19817
17768 19897
17840 19835
16357 20351
19167 18739
16252 20390
19150 18751
19190 18727
19582 17940
18763 19180
18726 19215
16686 20286
18230 19650
18094 19721
15871 20467
19988 16781
15864 20474
16080 20405
18058 19771
15912 20451
20059 16407
16721 20282
17543 20014
16077 20409
17631 19976
19270 18610
20049 16436
19232 18635
19148 18810
18879 19081
16964 20212
18531 19360
20034 16581
17516 20036
18808 19162
16481 20324
15900 20455
15973 20449
18921 19072
17245 20142
18362 19552
19620 17926
20029 16583
15739 20484
18867 19090
19457 18237
19733 17609
18636 19299
19207 18664
19321 18471
19558 18103
19568 18011
16761 20279
17060 20181
19300 18531
19464 18231
16922 20215
18363 19529
19570 17953
19140 18831
17142 20180
18256 19630
19209 18653
18579 19313
18807 19169
16900 20229
18676 19272
19559 18070
17045 20183
18364 19519
19677 17760
18677 19252
19569 17979
19840 17271
16229 20391
19403 18388
18696 19243
19317 18511
18933 19039
17735 19913
19971 16938
19493 18191
18324 19580
19452 18327
18401 19481
17863 19828
16968 20208
18486 19411
16671 20304
18397 19493
19985 16807
20046 16509
18141 19716
16155 20404
18084 19736
19205 18685
16356 20380
19892 17152
19328 18456
19915 17096
18396 19502
18366 19510
19904 17137
17896 19815
19994 16758
18237 19637
19528 18148
17541 20022
19837 17357
19918 17081
19421 18335
17872 19824
17987 19786
19944 17019
18456 19477
16195 20400
18485 19438
18858 19148
19732 17653
17308 20101
15746 20477
18936 19019
18823 19160
17340 20099
18514 19402
17941 19792
19529 18123
20028 16693
19092 18941
17719 19960
17435 20051
19106 18871
20003 16716
17283 20103
18165 19701
19824 17404
19961 16962
18662 19278
17403 20073
19028 18972
20001 16719
16935 20214
17575 19977
18981 19002
16610 20315
19674 17767
17752 19909
18578 19342
19727 17737
17039 20199
16843 20262
19982 16839
16876 20235
18861 19093
19295 18553
17823 19851
20051 16413
16062 20448
18296 19597
19869 17208
19377 18452
16460 20336
18871 19085
18753 19204
18219 19664
18528 19388
17934 19808
20073 16373
19867 17237
16410 20344
17820 19892
18484 19441
16770 20277
19670 17897
19778 17561
19810 17422
19883 17188
20023 16442
19657 17842
19267 18617
19192 18669
16457 20347
16750 20246
20016 16544
17820 19824
19278 18610
19131 18761
16659 20276
19347 18500
19129 18776
19321 18519
19140 18737
18761 19176
18208 19570
17110 20152
19993 16657
18077 19642
16082 20434
16195 20399
16345 20390
19146 18724
17132 20143
16403 20367
19963 16904
19757 17555
20030 16414
18221 19565
18164 19592
18722 19209
19348 18471
16010 20438
18390 19494
18074 19644
19463 18310
17526 20000
18899 19024
15736 20448
16266 20392
16379 20381
16731 20259
17014 20189
19217 18668
18135 19612
18148 19605
18060 19690
19864 17206
20060 16227
18733 19205
18132 19616
19567 18170
18554 19320
18832 19096
19886 17182
19996 16627
17925 19769
19655 17851
16602 20287
18111 19632
17717 19919
18879 19072
16811 20232
16517 20335
18243 19554
18688 19253
17938 19758
18234 19556
18760 19194
19781 17458
19536 18229
16125 20407
19606 18033
16555 20320
17616 19979
19672 17781
16416 20350
16566 20317
18915 19022
17363 20053
17336 20074
19306 18545
19412 18372
20063 16215
16359 20382
17276 20130
16575 20296
16946 20194
20046 16399
16456 20348
18149 19602
19285 18604
16099 20419
17480 20015
19092 18813
19615 17997
18883 19032
19652 17864
17505 20010
18982 18989
18594 19307
17362 20060
20052 16230
19710 17740
19028 18953
18450 19456
18807 19160
19067 18871
18860 19094
19982 16782
16681 20271
18462 19397
19738 17633
18689 19243
18769 19162
19777 17546
19902 17118
17953 19746
20011 16582
18067 19681
18534 19343
18576 19318
19418 18338
17664 19957
16927 20223
17912 19817
19821 17416
19398 18411
19731 17656
19589 18041
17335 20101
18305 19541
19257 18661
19677 17765
17945 19754
19406 18373
18529 19367
17922 19786
18935 19013
15788 20440
18698 19234
19685 17763
19126 18797
17028 20168
19571 18116
19933 17032
18629 19298
20020 16462
19540 18172
19358 18412
19479 18260
19185 18704
19748 17600
20048 16272
18274 19551
19494 18252
19844 17346
17059 20160
19784 17427
17769 19916
19782 17450
19623 17908
19943 16964
20049 16262
15494 20466
17778 19870
17458 20050
15622 20458
18625 19305
18814 19139
18022 19729
19859 17340
19439 18325
18059 19709
19537 18154
19472 18235
20056 16248
19441 18310
19459 18250
19558 18119
19377 18372
19454 18261
19612 17956
16698 20246
19415 18368
19066 18864
16287 20360
19485 18216
19604 18002
19522 18185
19216 18627
17471 20027
18926 19055
19068 18861
19006 18927
20014 16606
16716 20244
15964 20444
17940 19820
17830 19861
19567 18076
19265 18561
19949 16905
19060 18878
20071 16169
20005 16761
20053 16344
16241 20400
19975 16878
17884 19852
17689 19930
18971 18991
19663 17842
16780 20214
19290 18527
16291 20358
20044 16485
16347 20340
19234 18609
15991 20418
19908 17116
19139 18760
17974 19800
19563 18082
17713 19913
19783 17501
19817 17457
19789 17493
19634 17904
17576 20006
19941 17043
19314 18492
18885 19100
17189 20131
15719 20469
20009 16645
17437 20054
19111 18814
16379 20332
18261 19625
16649 20267
18999 18943
16646 20270
19592 18026
18385 19540
19343 18451
19098 18841
17733 19905
18289 19612
16061 20416
18690 19319
19909 17048
17399 20085
19049 18894
16602 20285
19335 18456
19799 17483
19873 17284
16885 20209
19187 18706
16340 20347
18671 19339
19774 17601
18725 19248
17659 19962
19775 17549
15987 20436
19254 18588
18975 18987
17546 20013
18952 19026
19141 18722
16551 20328
17622 19988
16767 20219
17699 19923
19756 17692
17829 19895
18742 19229
19836 17364
17187 20134
20027 16509
17673 19947
18500 19498
19609 17961
18110 19777
18985 18981
15825 20455
19365 18441
19776 17530
18582 19388
19196 18655
16719 20229
16274 20379
18171 19717
18813 19223
18216 19695
18924 19074
18518 19466
19767 17655
18543 19437
18173 19707
19465 18243
18265 19624
16975 20201
18359 19580
17565 20007
19711 17758
19701 17833
19293 18524
16172 20407
17760 19904
17406 20056
19885 17182
17449 20047
18875 19149
19645 17853
17938 19849
19268 18534
18632 19360
17156 20174
19256 18576
17276 20088
18241 19689
18451 19514
17266 20111
17975 19796
20069 16221
19124 18777
19628 17922
15570 20458
19188 18736
16768 20270
19895 17320
16512 20368
20003 16675
16575 20352
19279 18614
19156 18779
18065 19711
16314 20393
16945 20232
19409 18377
19132 18780
18085 19662
19841 17511
19058 18883
19509 18147
19863 17412
18964 19031
18183 19605
19345 18536
16786 20242
19535 18140
19109 18797
20043 16390
20059 16297
19694 17823
15701 20456
19068 18881
18845 19131
18442 19445
19240 18687
19726 17756
16449 20383
19774 17656
19384 18419
19908 17207
16181 20411
18895 19108
19080 18868
19124 18790
17418 20075
19505 18152
16609 20325
19119 18796
19795 17593
18277 19570
16785 20268
18756 19231
19770 17658
18006 19787
17725 19956
19542 18116
18952 19044
19594 18022
15940 20425
19919 17084
16656 20318
19004 18946
19890 17327
16663 20300
17853 19895
19095 18829
19167 18758
18790 19204
18625 19294
19500 18184
16971 20211
19661 17879
19805 17533
19076 18879
19955 16931
19619 17990
17348 20090
18343 19530
20067 16189
18632 19285
19374 18484
17767 19953
18735 19246
18526 19385
19466 18344
16848 20240
18515 19401
18665 19265
19998 16743
19022 18918
19264 18657
18588 19319
20035 16570
17859 19874
19915 17126
20050 16374
17170 20170
15802 20455
17031 20191
19099 18814
19949 17080
19963 16887
19643 17919
19353 18507
20057 16367
19723 17796
19121 18795
18151 19643
19488 18241
19918 17120
17870 19871
17175 20145
18838 19140
16374 20388
19591 18091
18372 19513
19414 18366
17380 20083
18028 19743
18326 19542
17898 19849
20042 16447
17717 19969
18057 19714
17567 20057
17647 19995
16665 20297
18969 18985
18103 19661
18935 19065
17768 19903
19983 16865
18507 19434
18995 18973
19975 16870
18862 19121
20063 16296
18407 19462
19791 17628
17601 20010
19041 18896
19321 18576
19680 17824
16727 20292
19380 18427
16172 20418
17583 20029
19400 18384
18156 19614
19952 17001
19298 18601
19268 18646
19625 17944
16762 20290
17319 20136
15935 20450
16961 20212
17929 19829
19738 17750
17061 20178
18402 19482
18444 19441
17211 20141
19799 17571
19168 18751
19600 17994
18306 19569
19498 18235
18261 19601
18527 19342
19708 17820
19741 17716
19850 17464
18812 19158
17931 19799
19678 17861
18435 19448
18528 19338
19531 18142
17497 20067
17692 19987
18084 19706
17798 19902
17966 19793
17393 20081
15833 20444
19982 16853
19070 18842
18172 19592
17565 19962
17345 20064
17473 19993
19530 18156
15867 20435
17928 19785
18439 19419
19361 18411
15785 20447
18209 19564
19811 17458
19933 17028
18900 19054
17550 19992
15691 20458
17961 19756
19831 17337
19473 18245
17207 20095
15754 20451
18754 19163
19897 17224
19002 18948
18413 19443
19913 17089
17572 19956
18061 19700
17096 20135
17936 19763
19445 18282
19220 18704
19183 18728
18197 19585
19230 18654
16257 20392
19906 17123
17047 20159
17559 19969
19487 18212
17471 20018
18752 19193
19815 17431
19438 18287
19236 18643
18264 19508
19129 18818
17069 20145
19403 18394
19707 17713
17783 19866
19832 17326
19794 17539
18562 19340
19161 18778
19465 18262
19359 18440
19695 17732
19333 18472
19330 18541
18949 19028
18167 19619
19563 18115
17869 19808
17029 20202
19419 18302
18091 19671
17034 20175
18017 19751
19669 17785
19767 17560
19005 18947
19663 17878
19198 18716
19489 18190
18914 19044
19366 18409
16289 20385
19476 18232
19898 17185
20010 16808
19410 18330
19272 18614
18608 19292
19665 17818
19006 18928
16110 20397
18258 19560
20054 16426
17093 20137
19490 18174
19235 18649
18112 19627
18905 19050
19456 18265
20023 16701
16971 20206
17201 20101
18203 19567
19711 17674
18114 19623
19580 18108
18037 19712
19971 16875
19297 18545
19544 18132
19830 17404
19622 17905
18649 19275
19684 17750
17636 19952
19416 18312
19875 17293
19810 17496
16436 20375
17679 19914
19919 17057
19061 18870
17781 19913
19606 18014
17929 19780
18450 19402
19756 17654
18536 19362
19344 18445
18711 19204
19086 18825
20046 16620
16538 20355
19697 17728
18868 19093
19924 17047
15629 20460
19910 17096
16615 20309
15933 20423
19958 16973
18380 19474
16733 20255
17638 19938
17935 19764
19054 18912
18763 19162
17313 20092
16438 20358
18979 18999
19485 18225
20061 16256
19041 18924
16933 20236
20055 16409
16706 20288
17911 19788
19970 16947
19856 17315
15841 20443
19620 17998
17855 19848
18845 19150
18371 19505
17158 20133
20049 16457
17900 19805
18564 19295
18704 19258
19281 18602
16043 20420
18486 19370
19186 18725
18093 19658
17677 19923
19716 17670
18451 19392
18537 19350
17451 20058
18788 19154
20035 16347
19199 18652
18870 19029
20014 16445
20044 16164
18659 19277
18763 19153
18747 19177
20031 16387
18689 19246
20041 16170
18769 19126
20038 16193
19600 18003
19712 17739
16257 20367
18952 18967
19644 17862
19982 16561
16348 20355
18186 19595
19366 18410
19490 18220
19750 17650
20039 16185
19992 16535
18801 19123
19634 17942
19182 18677
20020 16419
18992 18921
18140 19621
19123 18783
19900 17008
19122 18796
19645 17861
19968 16687
18711 19236
18917 18980
18993 18911
19729 17672
19604 18002
19546 18143
19762 17570
19357 18415
19823 17399
18267 19563
17128 20148
19465 18259
19981 16583
19789 17489
19085 18822
19777 17539
19765 17561
19999 16447
19144 18731
19723 17710
19639 17879
18985 18925
18086 19674
19997 16448
19904 16916
19013 18882
19092 18818
18490 19419
19505 18157
18971 18951
19354 18459
18854 19066
17956 19774
19169 18696
19870 17200
20024 16401
17957 19763
18530 19385
18750 19154
19406 18399
19585 18038
18139 19624
19672 17838
19246 18634
18133 19629
17923 19784
16149 20368
15809 20446
18060 19705
19214 18639
18398 19514
19345 18474
18419 19480
18321 19542
18581 19374
15940 20414
15847 20444
19067 18828
17340 20044
19152 18707
19678 17818
15803 20447
19995 16488
18657 19280
18819 19095
19009 18883
19066 18845
16122 20383
18105 19642
19804 17426
19189 18670
19267 18627
19376 18406
18640 19314
18916 19001
18110 19639
16477 20318
18896 19007
17820 19844
18723 19200
19727 17707
19888 17191
19572 18120
19826 17328
17237 20125
18836 19088
19583 18041
17725 19929
19435 18360
19501 18197
18441 19459
18080 19700
18445 19451
18123 19630
18522 19411
20052 16121
16866 20231
17484 20028
18924 18971
19845 17323
19485 18253
18402 19482
18995 18897
19828 17327
19326 18496
18889 19028
16735 20248
17781 19878
15861 20434
18727 19198
15868 20430
17060 20169
18161 19620
19452 18308
19934 16785
18803 19106
17443 20038
18867 19055
19194 18669
15882 20423
19793 17436
16550 20305
19308 18577
18958 18953
19929 16910
18456 19426
19850 17322
17868 19842
18180 19605
17971 19757
19617 17997
20036 16254
18982 18943
19980 16677
18382 19526
17175 20127
15858 20439
17331 20073
17908 19828
17581 20024
18008 19720
18273 19550
16446 20323
18016 19711
17649 19940
18817 19102
17016 20214
19586 18035
15876 20426
17107 20150
19139 18747
18241 19587
17135 20142
19706 17766
16426 20351
19062 18859
19637 17930
19949 16778
17606 19995
17784 19851
16120 20405
16693 20277
17756 19881
17645 19945
17309 20108
17631 19958
