26503 28688
30005 22534
29933 22986
26852 28431
26273 28832
28953 25861
29705 24100
27974 27418
24548 29611
27237 28132
26290 28820
26384 28783
28983 25816
27851 27545
27493 27968
28022 27396
29348 25016
29922 23057
29353 24921
29641 24226
25063 29416
26070 28948
28081 27293
29337 25034
26160 28899
29938 22959
25843 29053
26486 28689
26905 28416
23678 29831
28773 26293
26416 28741
29753 23752
23251 29934
29049 25737
24698 29567
29792 23623
29959 22927
27876 27484
25885 29038
27290 28126
28215 27171
29820 23558
23527 29881
26658 28599
29737 23794
29580 24511
28634 26514
29254 25206
28106 27229
27699 27772
28475 26761
26814 28498
29960 22720
27817 27559
28916 25917
23435 29890
28616 26577
29637 24263
29886 23192
27334 28028
27743 27689
28775 26243
23476 29888
27597 27869
27955 27445
29373 24883
29153 25618
23206 29950
29528 24539
26362 28785
24171 29796
26850 28452
25699 29133
27922 27473
25086 29406
27371 28023
29191 25432
28973 25844
29598 24374
28943 25890
26306 28788
27323 28066
23029 29975
25407 29298
29386 24852
23356 29893
27652 27809
25952 29036
27548 27874
27744 27647
28353 27078
26680 28584
25488 29270
28154 27216
25598 29171
27066 28319
26432 28740
29236 25387
29445 24833
26774 28558
28790 26203
25650 29163
28858 26132
29517 24737
26947 28392
28792 26187
27542 27883
28884 26028
29833 23437
28250 27121
28915 25945
27023 28378
29610 24308
29154 25498
29993 22675
29675 24152
29728 23936
26410 28744
27749 27609
26601 28639
24275 29730
28685 26502
25011 29446
26104 28910
26887 28423
27873 27490
29313 25114
29671 24198
29874 23249
28474 26767
24959 29485
25148 29383
27387 27981
26517 28687
27535 27917
29909 23149
27382 27995
24261 29735
24998 29452
28027 27325
26041 29034
28035 27323
24522 29651
29783 23650
29848 23351
29863 23307
24550 29593
28245 27130
25580 29225
23928 29825
25823 29100
27208 28217
23032 29954
26259 28850
27711 27728
29530 24525
25562 29241
26072 28946
28433 27054
29276 25168
29656 24206
25671 29162
27308 28088
24794 29562
28464 26913
24449 29677
23550 29867
22967 29976
26230 28857
26527 28679
26474 28719
29121 25684
29014 25790
29455 24829
28080 27306
24864 29516
25815 29123
28355 27063
24334 29697
25027 29443
23337 29927
23944 29812
28466 26860
24991 29472
27785 27600
28114 27227
28629 26539
29877 23198
28789 26208
28875 26056
27101 28219
30047 22447
25310 29372
29003 25809
30020 22464
28590 26756
29672 24155
23623 29855
27094 28273
28762 26362
27327 28058
28895 25985
29201 25389
25108 29400
23324 29885
23207 29908
24010 29735
29165 25412
23609 29812
23890 29765
29239 25234
23639 29809
28134 27144
29164 25495
23021 29928
29169 25396
29782 23682
29274 25167
29729 23991
26277 28771
23164 29925
25683 29186
25833 29068
28245 27006
25738 29143
27589 27804
26120 28890
29566 24602
25951 29004
27673 27702
29475 24740
28904 26037
28346 26894
28816 26230
22999 29934
28336 26898
28523 26647
29292 25097
24326 29673
25762 29101
29665 24178
28160 27095
28548 26638
25195 29399
25827 29077
26958 28368
29938 23160
23589 29819
29405 24880
27243 28127
26128 28862
24111 29699
25845 29062
26820 28421
25820 29082
25658 29239
27254 28103
29947 23155
27610 27738
29980 22886
25104 29485
29743 23916
29812 23605
23458 29876
28013 27308
26262 28775
24771 29556
26637 28591
26973 28321
27916 27430
25170 29431
26058 28947
26983 28281
29404 24887
26593 28622
25947 29015
29924 23425
26371 28681
29579 24459
26982 28319
27167 28242
29525 24717
24911 29512
25500 29343
26349 28746
29148 25562
23288 29902
28717 26430
25551 29270
27907 27434
29609 24439
27629 27707
29967 22957
28002 27370
27890 27478
27513 27954
28652 26476
26654 28550
29651 24262
27581 27836
24619 29603
26928 28369
26421 28670
23113 29926
27598 27797
27923 27377
25352 29382
29799 23611
26053 28972
28082 27280
28408 26827
28887 26098
27871 27506
29386 25029
29780 23832
24061 29716
25995 28986
26438 28650
28491 26748
29550 24638
27404 28047
27741 27697
25901 29042
27409 27997
23524 29832
25880 29051
25234 29396
28433 26777
29794 23661
26157 28857
26499 28647
27237 28150
28637 26542
29883 23580
24359 29651
28230 27094
28441 26749
23912 29752
29682 24058
29854 23601
28665 26472
22963 29943
25528 29271
26246 28831
28495 26652
22969 29937
24805 29534
27520 27902
29449 24866
28272 26963
25717 29163
28317 26901
28799 26273
28966 25921
29229 25388
27264 28093
23310 29889
28611 26603
29951 22992
24609 29633
25038 29508
26333 28751
29133 25713
27098 28268
28940 25987
29145 25569
29795 23618
26841 28405
28154 27098
22932 29969
29054 25833
25594 29253
28879 26128
27202 28198
28778 26309
28727 26367
23879 29798
24804 29555
30030 22885
26859 28386
29272 25189
30036 22534
24647 29561
27863 27588
25743 29126
26764 28542
26815 28465
28348 26834
23591 29854
23119 29961
25321 29171
29924 23114
30030 22357
24106 29731
25175 29352
25836 28956
23075 29971
25236 29256
30027 22399
26264 28782
25260 29218
29754 23942
24762 29535
28964 25875
29504 24598
28297 26914
28916 26050
22965 29984
29017 25746
29960 23044
24809 29511
24430 29676
26287 28779
29156 25453
29786 23814
29405 24950
30022 22434
29164 25393
25678 29043
23078 29970
24245 29710
23021 29972
24887 29477
25700 29038
28169 27038
24965 29474
25052 29370
29432 24784
29498 24646
27566 27884
25635 29105
29572 24536
29945 23073
28487 26687
28881 26099
28117 27161
24982 29439
29731 24026
23490 29873
28157 27049
24188 29726
29659 24241
25956 28948
26540 28698
29338 25052
28270 26968
28662 26578
24792 29521
28251 27026
23360 29924
28150 27067
29970 22990
29415 24827
24699 29586
27241 28167
28991 25849
26316 28767
26094 28869
26731 28503
29698 24211
24089 29745
29086 25635
27352 28029
26248 28795
24407 29688
24757 29544
27472 27887
29562 24554
27988 27368
25482 29138
29645 24332
29976 22779
25077 29355
26158 28817
29625 24349
28811 26252
28261 26979
25279 29176
28048 27217
26015 28937
28014 27227
27445 27925
27630 27761
28597 26580
28719 26390
26147 28851
26559 28639
26875 28461
27753 27651
26042 28886
26404 28740
29608 24370
22992 29976
23497 29863
28957 25905
23433 29908
27082 28278
28746 26384
29453 24652
24521 29646
24033 29776
29076 25647
25033 29406
26466 28709
27671 27729
29342 24996
25051 29389
28338 26883
29442 24684
30017 22773
23351 29925
27403 27977
26978 28379
27700 27693
23314 29940
25268 29205
27777 27633
29016 25765
23909 29837
27094 28226
25409 29169
27344 28107
28912 26060
28791 26335
27261 28108
29243 25263
29893 23413
23483 29898
28339 26858
28592 26618
29045 25723
29377 24985
29821 23700
24850 29481
26393 28746
28819 26171
25793 29023
27840 27569
29918 23289
27928 27502
28077 27205
29772 23901
26673 28599
29336 25179
24590 29617
26345 28751
28945 26002
27426 27938
29860 23477
29055 25705
29839 23574
27622 27789
28563 26639
25228 29272
27750 27654
22974 29977
25054 29369
28303 26892
29228 25327
26704 28518
27173 28204
28483 26760
29219 25359
26120 28859
26933 28383
25287 29174
28521 26667
28699 26422
27931 27415
24788 29529
24613 29592
23195 29952
26761 28489
28476 26817
27130 28221
27869 27529
24810 29496
26989 28363
29109 25575
26221 28816
28623 26513
25900 29070
25801 29101
25855 29075
28642 26442
29962 22976
26018 28939
29036 25702
24458 29576
28350 26780
28455 26663
28343 26796
26977 28375
26895 28381
26258 28817
25505 29292
26368 28757
25606 29228
28454 26720
29596 24309
28800 26252
28710 26365
27398 28015
30054 22767
26164 28914
29943 23151
27001 28315
29543 24671
26334 28771
29142 25554
26056 28930
29062 25633
29563 24405
24180 29664
29967 22956
28668 26388
25726 29142
25928 28991
29658 24242
27587 27746
25616 29207
27658 27718
22954 29981
26455 28701
25360 29317
25181 29391
28870 26042
29032 25712
26007 28970
27265 28154
24400 29584
25282 29348
26045 28938
29606 24304
25203 29390
28637 26478
26404 28717
28803 26172
25973 28979
26871 28440
23945 29763
29331 25210
29838 23577
29782 23754
28970 25856
29410 24870
29221 25424
24656 29555
27689 27637
27387 28078
29472 24729
25003 29421
28049 27299
30067 22693
26775 28471
27228 28175
29065 25602
28933 25991
23049 29963
25675 29147
26306 28809
27949 27376
24867 29499
25239 29373
25620 29183
29748 24001
23642 29826
27725 27586
27810 27585
27485 27959
24963 29482
25991 28977
27511 27896
29830 23724
23209 29929
28138 27133
24993 29433
27081 28308
24377 29593
29394 25050
27574 27775
29035 25709
28639 26464
30076 22663
29281 25268
26255 28821
29911 23331
24984 29480
27607 27719
29774 23805
29797 23729
29005 25819
25925 28997
27504 27925
29684 24161
27723 27599
29714 24002
29074 25565
28602 26528
28818 26169
23041 29972
29441 24858
29183 25479
28274 26906
29040 25681
29950 22999
28568 26586
23346 29898
26012 28967
27537 27858
28941 25910
26188 28862
25846 29089
27290 28146
23011 29976
28730 26276
23545 29845
28096 27169
29342 25164
28834 26091
28268 26978
23185 29930
28018 27340
28386 26749
29274 25342
29761 23818
25177 29412
27925 27424
28392 26741
29913 23203
29949 23040
24995 29422
24344 29621
26693 28569
27876 27472
26877 28387
30081 22641
26514 28668
26700 28529
25037 29414
29555 24459
24095 29703
27825 27495
26187 28865
26762 28517
29404 24900
29924 23201
29523 24714
25010 29415
26538 28658
27311 28094
26372 28737
28092 27204
24263 29626
25403 29305
25522 29270
28384 26757
30065 22723
24234 29658
28077 27232
30044 22814
24178 29688
26245 28823
28985 25834
27553 27840
29595 24343
30008 22838
27600 27729
28658 26398
28820 26163
23449 29894
26551 28628
29906 23348
29106 25563
29367 25124
25773 29120
28105 27152
28960 25878
29868 23535
24584 29560
26670 28622
28522 26612
29584 24391
28946 25907
29623 24250
23158 29937
28162 27132
29420 24864
24845 29533
27175 28280
28334 26875
25657 29154
23895 29788
24824 29534
28216 27047
27679 27687
29910 23114
22927 29920
23389 29843
27379 28022
23632 29767
22949 29915
23593 29785
28063 27310
27394 27988
29887 23361
27697 27718
28449 26742
27471 27933
27936 27523
29899 23126
28009 27448
25747 29103
28171 27134
23969 29733
23086 29898
23355 29845
27939 27520
28103 27296
27860 27597
29870 23506
27028 28347
25625 29164
22901 29928
24032 29716
27202 28284
23096 29897
23736 29749
24446 29593
29859 23554
29062 25824
27417 27949
27457 27935
24137 29710
26066 28888
27793 27664
25142 29401
29170 25630
29190 25469
27001 28464
29841 23618
25145 29362
27517 27885
23178 29890
23590 29822
25987 28964
28848 26186
22947 29917
27568 27855
30030 22599
24883 29495
26792 28505
26541 28725
24350 29603
24254 29679
26783 28522
28707 26471
28905 26120
25622 29172
28520 26632
28166 27166
25653 29139
27089 28327
29891 23198
24349 29641
26648 28663
27108 28313
27415 27962
28781 26320
27105 28318
23731 29764
28761 26344
28327 26862
29363 25094
27009 28363
27700 27715
28299 26949
29839 23645
23979 29720
28204 27115
27867 27588
28602 26562
29040 25884
26760 28543
29744 23752
24148 29692
29183 25481
28055 27402
25292 29330
27295 28226
29041 25881
23309 29885
26589 28689
24449 29584
24512 29576
29235 25338
25931 29001
26338 28802
27372 28066
22884 29955
26075 28877
29781 23719
29312 25185
27953 27491
29147 25710
29214 25430
24393 29596
24552 29544
26948 28501
28435 26839
28534 26564
26321 28805
26114 28871
27855 27627
28326 26890
25676 29120
25897 29045
28289 27048
29347 25157
23673 29765
26475 28760
22885 29929
25539 29198
27962 27475
27326 28116
29001 25927
29677 24114
29766 23730
25685 29105
28502 26716
29929 22949
30040 22506
26459 28788
27032 28330
28866 26145
29432 24883
24866 29538
27966 27467
29560 24338
26755 28586
29546 24448
29611 24191
29979 22789
29774 23721
23058 29910
24550 29574
26023 28898
29687 23893
24557 29539
25802 29079
29873 23413
28829 26213
25216 29355
29443 24793
29620 24148
30051 22479
25478 29282
26018 28907
27979 27449
29719 23848
27477 27921
27739 27696
29492 24708
29724 23784
28934 26033
25013 29426
25566 29181
28824 26242
29296 25315
27691 27816
28526 26602
29373 25031
23839 29739
25528 29241
24972 29461
25468 29295
25841 29059
26418 28796
28115 27189
29522 24592
23470 29839
29557 24373
26312 28862
29601 24306
24347 29675
27807 27632
27225 28183
26571 28657
22925 29967
23697 29858
29387 25065
26393 28854
23741 29824
29808 23630
27453 27979
27299 28152
26536 28690
26856 28466
26207 28885
26780 28502
22905 29970
23335 29897
24010 29767
27555 27905
23743 29818
23126 29941
27527 27954
26690 28564
23978 29771
22923 29968
27332 28084
28762 26355
29795 23841
25036 29461
27315 28088
26030 29024
28698 26410
23779 29814
26574 28656
23326 29901
24314 29687
23306 29915
25800 29100
25272 29364
27036 28296
27407 28012
29986 23042
25129 29424
27630 27776
29613 24468
27371 28054
24950 29488
27706 27717
26076 29018
23068 29966
25793 29153
23616 29863
23354 29896
26743 28553
28669 26429
23922 29773
26447 28795
29594 24491
29997 22715
27161 28189
29692 24142
25257 29365
27627 27787
24579 29591
29593 24499
23581 29891
26168 28943
25110 29457
28074 27299
26294 28878
24680 29555
29550 24675
25590 29263
25809 29096
26995 28376
28113 27215
29878 23585
28109 27237
29728 24060
24177 29713
27340 28073
27674 27765
23195 29927
29723 24068
29712 24071
25635 29208
26429 28815
26525 28722
25411 29309
29496 24683
29587 24565
29925 23192
28703 26388
27070 28275
29798 23672
28029 27422
29618 24370
29586 24674
29002 25900
26915 28450
26957 28411
30027 22495
25212 29407
29672 24253
29737 24018
29902 23443
28285 27091
29684 24241
28155 27212
28796 26266
29697 24119
29098 25763
29911 23313
28107 27238
28459 26978
25321 29352
25643 29170
27153 28240
29227 25490
27952 27552
24670 29561
24958 29486
27971 27436
28246 27143
24155 29756
25993 29048
24749 29526
24806 29495
28910 26052
25520 29279
28331 27013
29253 25418
24547 29627
29787 24007
23868 29779
29451 24913
25113 29447
25340 29335
25487 29302
26795 28490
28544 26815
27429 27983
29591 24521
25691 29164
27966 27466
29289 25348
29835 23610
28577 26674
29115 25630
26687 28580
27613 27853
28220 27168
30017 22529
30022 22504
29330 25275
29017 25843
27815 27703
29103 25676
24712 29548
25955 29092
27418 27995
28991 25961
29427 25046
28041 27324
28986 25971
24526 29677
29966 23137
28330 27058
28806 26238
26631 28612
29479 24709
29045 25819
27271 28165
22862 29972
27020 28364
28076 27277
27096 28274
27871 27605
28662 26642
28777 26320
28849 26215
29172 25554
27174 28185
26600 28654
23726 29839
30009 22540
26511 28746
29904 23417
28035 27336
29053 25787
28900 26066
29362 25159
29658 24344
25226 29393
23842 29808
24574 29600
29475 24891
23198 29916
28195 27169
28857 26096
30002 22550
29046 25812
29998 22556
23222 29916
23534 29866
30019 22720
25314 29299
23349 29898
30016 22764
29175 25388
29142 25508
23167 29941
29105 25571
29152 25448
29899 23373
23356 29897
24742 29565
28823 26275
30068 22524
28042 27351
23120 29958
25482 29229
27884 27554
27728 27741
29164 25433
26658 28527
24614 29639
29469 24778
28480 26866
29212 25382
29525 24722
28598 26618
25201 29358
29298 25149
29365 24976
24547 29662
25336 29292
26312 28860
29929 23301
29050 25850
25700 29101
26348 28821
27920 27454
23160 29957
24647 29617
26612 28557
30007 22932
24698 29610
29655 24041
25716 29096
27795 27640
24028 29776
29779 23857
25571 29159
26322 28849
26185 28886
28483 26800
24828 29555
29353 25111
27855 27586
29768 23870
23415 29879
27900 27482
25491 29210
25282 29312
29426 24896
26196 28869
25226 29324
23192 29932
29833 23661
25346 29283
25533 29174
25020 29447
27544 27895
24336 29687
25092 29438
27611 27869
27378 28071
29100 25598
23105 29962
29992 23074
25602 29140
27662 27765
25150 29427
26150 28911
29277 25225
25480 29265
27642 27805
28749 26331
29685 23968
28908 26178
28892 26204
27204 28224
27946 27424
24943 29479
26067 28965
29940 23181
29502 24739
23067 29978
28508 26710
24225 29749
25603 29111
28826 26213
26153 28890
25428 29273
29120 25513
29866 23599
25968 29022
28818 26302
25215 29345
26483 28696
27014 28397
29752 23936
30065 22681
29458 24894
27898 27500
26598 28563
27993 27399
29885 23518
23602 29865
26678 28509
26093 28947
29788 23809
27116 28257
29671 23975
26566 28646
26858 28457
23955 29835
29296 25165
28492 26790
28638 26549
29712 23949
26374 28769
27077 28300
28291 27124
30030 22713
27842 27615
28226 27145
25227 29313
28407 26981
28763 26327
29401 24944
26579 28581
27516 27907
23280 29901
29043 25866
27370 28107
29357 24978
28345 26999
28192 27185
28720 26370
25156 29387
28140 27219
26808 28490
27277 28167
24255 29733
28097 27283
29077 25822
29089 25686
29571 24681
28319 27063
29262 25345
28837 26209
29284 25185
27738 27685
29652 24069
24845 29491
29578 24554
29591 24419
29661 23985
24865 29487
23203 29924
30008 22818
29613 24308
29651 24221
23518 29875
28716 26532
29016 26036
28539 26691
28926 26124
25831 29085
26508 28663
27175 28226
25195 29383
26016 28971
27058 28324
27224 28189
29588 24455
26426 28761
27513 28033
28625 26566
28576 26690
26516 28664
29645 24264
25419 29223
27453 27918
26404 28733
30027 22539
30028 22475
24716 29545
25862 29054
29784 23697
29625 24292
29622 24343
28347 26918
27837 27548
27447 27936
27563 27855
25071 29398
28619 26544
29727 23907
28776 26298
27501 27904
28801 26214
26611 28613
27692 27762
25172 29323
28507 26743
23714 29813
29726 24117
28289 27031
23163 29998
28104 27260
25365 29261
29496 24762
27634 27830
28783 26221
23217 29979
27063 28203
29087 25652
27411 28015
27531 27870
23328 29912
24821 29456
26693 28587
26235 28886
29598 24464
23831 29779
29930 23153
27305 28081
24205 29709
28888 26138
29565 24504
28924 26098
26609 28618
25831 29066
29959 23065
29427 24954
26151 28952
26370 28748
28625 26519
23172 29991
23655 29821
29514 24626
24276 29704
27966 27465
23530 29836
30016 22551
28222 27203
28962 26067
28429 26886
27382 28036
24837 29444
25639 29168
28005 27451
25410 29256
24677 29599
26598 28662
27048 28265
27189 28143
30010 22722
28036 27380
27845 27515
29052 25801
26201 28895
25040 29419
26354 28807
23263 29968
24203 29710
30026 22548
29297 25251
28308 26930
25581 29217
25989 28997
29483 24920
26494 28669
24713 29557
27056 28205
29561 24542
29072 25788
27347 28051
29348 25223
25781 29107
28486 26791
29166 25642
28081 27306
29150 25645
27810 27577
24422 29675
30013 22557
25350 29309
24072 29720
25287 29321
29704 24179
28099 27276
29232 25538
28371 26898
24034 29746
28287 27096
29019 25964
29487 24811
26934 28468
28234 27186
26280 28812
28456 26817
29547 24621
27749 27672
28594 26666
29082 25666
24895 29432
26605 28619
25926 29053
25127 29391
29281 25395
26816 28541
28829 26210
27437 27963
28113 27256
29500 24737
29869 23693
29928 23324
27910 27508
28526 26735
29965 23017
29029 25863
26732 28571
27813 27557
28529 26724
25981 29016
28872 26174
29674 24243
28732 26395
28490 26768
26269 28818
29412 25108
29772 23864
29911 23454
26193 28920
26265 28840
29602 24446
28670 26509
23435 29905
27520 27871
24876 29434
27806 27641
28543 26697
27011 28380
26084 28991
27702 27716
28620 26541
28702 26473
23535 29831
27103 28197
29621 24441
24012 29757
23267 29922
26491 28675
27138 28178
28780 26249
27267 28125
29075 25758
25355 29292
26454 28722
28306 27011
28260 27134
24808 29538
30005 22870
25665 29126
23508 29890
25809 29071
29742 23867
23094 29948
25729 29103
23155 29938
25667 29130
25992 28959
27630 27779
27493 27889
25948 28961
23552 29833
27484 27940
25612 29171
27698 27687
23323 29890
28347 26967
29034 25822
25891 29023
23492 29865
24623 29554
29103 25677
28528 26724
30010 22743
25702 29108
28127 27271
29668 24428
28273 27069
28204 27167
29845 23736
23161 29909
27561 27886
28443 26772
28044 27342
29764 24137
25933 28987
28644 26478
28607 26487
29890 23442
23465 29868
24364 29659
27838 27566
27366 28031
25600 29235
27636 27712
28350 26962
27121 28257
29226 25469
28240 27084
24188 29691
25644 29153
29841 23894
23698 29804
28427 26791
29733 24242
28825 26265
29114 25628
29799 23938
29876 23543
25089 29404
23224 29906
29520 24764
26157 28928
25683 29121
28065 27272
25911 29010
29871 23547
29877 23535
29312 25223
26028 28944
29916 23381
23003 29961
24045 29739
24098 29725
27994 27433
29681 24257
28182 27176
29378 25148
29090 25732
25454 29297
27004 28345
27062 28307
29274 25440
29209 25568
30002 22777
25404 29305
26890 28404
29988 22973
26634 28670
26689 28558
29933 23364
26984 28388
29527 24732
24975 29488
29169 25626
29778 23986
29170 25591
29341 25159
26042 28929
26894 28398
29288 25310
26367 28861
28562 26616
29906 23400
26411 28724
26485 28707
27575 27868
27447 28009
28059 27335
24597 29595
27083 28265
27325 28137
28999 25987
29011 25854
29623 24556
24294 29688
29077 25805
26388 28784
27604 27798
28840 26259
25080 29418
23010 29951
29338 25169
28926 26136
28619 26479
22989 29971
23677 29816
29434 24914
24040 29753
28407 26842
28324 27010
26787 28555
27168 28233
28753 26471
24805 29552
27267 28169
28604 26488
25258 29349
27381 28026
28500 26749
28542 26699
24518 29641
26396 28729
28394 26926
29446 24906
30055 22650
27719 27674
28786 26359
24177 29722
30000 22867
25001 29436
26878 28465
26213 28892
29047 25809
24406 29658
25012 29426
26425 28723
28062 27297
29584 24587
28851 26158
22997 29966
29480 24885
28939 26114
27119 28264
30018 22665
29398 25086
25231 29379
29491 24806
29490 24838
28586 26577
28461 26764
23524 29859
29093 25686
25608 29178
27667 27707
28592 26489
29303 25297
24607 29585
27773 27662
29005 25923
27888 27508
28226 27136
28942 26067
23264 29900
27332 28102
27948 27477
23708 29798
25925 28998
29551 24602
29984 23260
29678 24353
23991 29789
27363 28072
26389 28763
29545 24680
27482 27946
26897 28397
25849 29087
26678 28602
27172 28227
29418 24978
25617 29113
27403 27964
26726 28495
28734 26458
27598 27802
29819 23539
27694 27680
28773 26349
26118 28845
23555 29848
25697 29087
27873 27533
28019 27337
26921 28414
27078 28189
29845 23530
27990 27366
25972 28961
27938 27505
28461 26743
25500 29202
24166 29720
25687 29103
23537 29867
28025 27334
25435 29226
24809 29550
27258 28057
25694 29089
27764 27610
24659 29576
26615 28591
27798 27608
27994 27361
28726 26466
28583 26658
29874 23483
23398 29868
25992 28923
27344 27989
28078 27307
26522 28608
27662 27722
24628 29580
26714 28519
26394 28657
27738 27633
25115 29408
27463 27895
27270 28022
25715 29085
28837 26152
28133 27242
25934 29027
27622 27786
27228 28142
28961 25952
28248 27017
23832 29789
27490 27875
25301 29306
25348 29259
30020 22795
26089 28918
27037 28299
28819 26229
29966 23328
29031 25911
24438 29639
29656 23917
29063 25697
29369 24907
28607 26596
30028 22675
27277 28020
27318 28016
27239 28126
27245 28075
28947 26035
29991 23091
26502 28651
28735 26388
27052 28242
28864 26081
25813 29029
26000 28922
28308 26964
27488 27880
25038 29436
28794 26266
26164 28834
29847 23513
24361 29665
24262 29666
29893 23373
29082 25679
25060 29421
25615 29124
28992 25935
29659 23912
29815 23687
26722 28507
28382 26878
27460 27916
23375 29876
25955 28969
27551 27867
27045 28286
24968 29503
28365 26954
29873 23499
28373 26896
23183 29936
28614 26582
26378 28724
27175 28182
27333 28008
23202 29915
26513 28644
27347 27974
29118 25628
28231 27075
26789 28479
25187 29385
27000 28349
23143 29986
26217 28776
27860 27535
25781 29082
23181 29977
24103 29768
29576 24447
26846 28462
28307 26998
24184 29668
28484 26728
24114 29731
27962 27457
28406 26811
29195 25451
29159 25592
28485 26707
25194 29339
29186 25526
28226 27089
26377 28725
28189 27114
25611 29191
30048 22632
29109 25665
28182 27198
29909 23360
29641 24292
26003 28920
28774 26300
29423 24874
29497 24595
25352 29236
29524 24484
25804 29039
28820 26212
23113 30007
23290 29910
26182 28827
28527 26699
25377 29230
29486 24627
30034 22674
29304 25235
29853 23506
24579 29605
24617 29593
29362 24926
30003 22810
29346 25034
29759 23892
24771 29560
27648 27725
26097 28854
27739 27631
28259 27003
26673 28585
29453 24824
24454 29637
28094 27277
30036 22640
25525 29194
29047 25771
29647 24164
30037 22634
29260 25418
26855 28422
28392 26824
26386 28677
27734 27668
23960 29771
27856 27597
28434 26790
24823 29520
25069 29411
28683 26501
26294 28775
29642 24174
25469 29213
27922 27508
23751 29822
26688 28520
28532 26685
28661 26576
30056 22549
29342 25186
30049 22577
28813 26238
26392 28671
28443 26778
28828 26167
28932 26075
29036 25834
27330 28009
28988 25753
29007 25751
28942 25821
26988 28246
29988 22999
26967 28251
26602 28627
26677 28517
28890 25896
23505 29819
29842 23651
25002 29423
30022 22864
29803 23686
25932 29080
28986 25804
29910 23195
28865 25969
26619 28610
26729 28504
27314 27972
23477 29825
25691 29151
27058 28166
27758 27625
28207 26987
25459 29251
29603 24407
28508 26530
29806 23653
27562 27793
26641 28607
27933 27479
28759 26160
26119 28989
29866 23371
25971 29074
27861 27506
28657 26337
25560 29226
27126 28118
24197 29696
25292 29363
24934 29467
27729 27653
28742 26278
23735 29810
23855 29800
25684 29157
27864 27499
30035 22651
27401 27886
23665 29816
27351 27939
28574 26521
25907 29081
27757 27647
28895 25890
25734 29150
29312 25046
29026 25736
25774 29142
27051 28242
28050 27286
27530 27864
27182 28098
25381 29333
27382 27916
28123 27191
29079 25714
27113 28127
27067 28135
28667 26328
29643 24277
24588 29550
29343 25024
28653 26435
29208 25432
30029 22690
28810 25979
29745 24014
28934 25847
29882 23272
28461 26623
25076 29412
28183 27109
24772 29547
26830 28431
26862 28394
26504 28719
28638 26509
29533 24813
27568 27780
27988 27428
24368 29682
25867 29131
30018 22899
24791 29546
28021 27336
29902 23225
23338 29898
26940 28310
23046 29984
23357 29878
25081 29404
27098 28129
27208 28067
28144 27172
28204 27030
26770 28465
30047 22609
23428 29873
29794 23854
29464 24854
25471 29248
29114 25515
25171 29385
25638 29212
24515 29618
28331 26893
29767 23936
24813 29530
24076 29760
29537 24756
28442 26680
28031 27317
27162 28108
28248 26959
29175 25497
23124 29960
28087 27226
28500 26549
28411 26718
28908 25869
29862 23495
26567 28703
27718 27691
27648 27759
27803 27604
29587 24415
26233 28984
28195 27072
28232 26961
28802 26104
23194 29948
26663 28561
28684 26312
27283 28024
29302 25347
28323 26916
26455 28836
28012 27347
29377 24991
27840 27554
29712 24154
29379 24949
24097 29742
28724 26301
28109 27213
29311 25067
26113 29070
28479 26598
26913 28379
29424 24911
23856 29774
26323 28966
27622 27764
29555 24744
29113 25537
26585 28692
28398 26812
25382 29292
26698 28516
28269 26933
30024 22726
28769 26148
27464 27869
28164 27111
29956 23148
27396 27896
29886 23108
23430 29866
30026 22443
23945 29758
23409 29875
30022 22514
23258 29934
29552 24609
28813 26343
30023 22454
24166 29687
29451 24788
28239 27138
28524 26844
29927 22942
28745 26423
29279 25305
29932 22940
26613 28599
29992 22644
28263 27096
23453 29860
29874 23288
29512 24681
29947 22899
27760 27683
28354 27000
29477 24777
28467 26865
25045 29445
27507 27920
28825 26231
27577 27843
30006 22536
25647 29175
25464 29258
29906 22945
27884 27557
28692 26581
27726 27740
25681 29152
28425 26914
29255 25365
27739 27726
29197 25529
28883 26198
27437 27968
23263 29933
28436 26875
28426 26896
23789 29779
29901 23093
28319 27065
29691 24218
28121 27267
24309 29667
24504 29609
28470 26862
29760 24044
29177 25574
27480 27926
29959 22841
25367 29276
29410 25009
26133 28928
29831 23526
28335 27043
24629 29592
26449 28713
29328 25193
27981 27489
28978 25912
29369 25057
29259 25347
30033 22346
29822 23554
26491 28669
27690 27791
29659 24284
29339 25079
27552 27858
29333 25102
28550 26783
27808 27665
26057 28979
27944 27529
25177 29335
29768 23982
29045 25871
26269 28852
28972 25994
29003 25909
24107 29712
26571 28659
28638 26586
28183 27185
27326 28102
29607 24378
29226 25441
29428 24949
28925 26027
29808 23724
24500 29638
23380 29898
23564 29858
25135 29409
25294 29323
25951 29002
29772 23922
29378 25047
24148 29704
28141 27190
24555 29605
29788 23805
25578 29208
25902 29036
28419 26992
29276 25345
28135 27203
27306 28159
30029 22402
29313 25281
29449 24915
23781 29789
25164 29406
29065 25774
30039 22306
24835 29591
29416 24994
25525 29217
24017 29730
29179 25544
27192 28216
27441 27957
27623 27800
25233 29334
25543 29214
29517 24614
29842 23418
24270 29685
27151 28261
29558 24567
26401 28793
27410 28099
28606 26745
27757 27686
26445 28727
29140 25717
24983 29460
28042 27447
23345 29908
27950 27522
29507 24732
24063 29718
28443 26872
29606 24476
26874 28498
29298 25304
28868 26219
26394 28833
27032 28406
25768 29150
26111 28929
28099 27353
29864 23298
25983 29000
26867 28500
27122 28317
26608 28630
25871 29072
29115 25763
29979 22645
25072 29427
26201 28922
23778 29845
25297 29286
27851 27590
25387 29271
25799 29112
27020 28468
28898 26197
28721 26491
26674 28594
23282 29925
25093 29421
26665 28598
26858 28562
23425 29874
23318 29922
24950 29569
27217 28165
25392 29251
25264 29325
28619 26431
23338 29895
28771 26195
29443 24784
23855 29859
29546 24490
29661 24462
28640 26359
29602 24474
28800 26174
26450 28709
27299 28045
24102 29756
27288 28049
24033 29766
29372 25023
28868 26033
23758 29862
27839 27430
28734 26284
26148 28837
29239 25580
29553 24479
29781 23888
26928 28391
27486 27850
29907 23355
27675 27595
29271 25485
29195 25582
29308 25289
28856 26053
29887 23575
29977 22936
29965 22980
27593 27669
27325 28014
27560 27732
28968 25969
29072 25771
22917 29973
28528 26513
28923 26006
26139 28880
29539 24504
29760 24133
30012 22912
25341 29258
29698 24180
27621 27616
28339 26934
28274 26979
29923 23249
26930 28332
28182 27063
24681 29597
29854 23618
28300 26943
28769 26205
27122 28172
27561 27709
28837 26123
29069 25849
25918 29026
29335 25207
27695 27578
25613 29146
26098 28916
24762 29553
28993 25880
29428 24895
26249 28804
29906 23400
29695 24326
25024 29460
29514 24746
22960 29968
29761 23987
25117 29447
22878 29982
30024 22507
26864 28405
29178 25629
27617 27623
26822 28532
27142 28166
28495 26545
30021 22513
26976 28315
27071 28265
23379 29892
24429 29744
26566 28586
29130 25723
22903 29976
28390 26812
26035 28944
29914 23253
23000 29946
26855 28413
25338 29262
28801 26129
30017 22580
24018 29811
28587 26482
27492 27801
29019 25851
28145 27095
26778 28534
27197 28129
28479 26722
29959 23144
25174 29396
25337 29273
27484 27929
26363 28742
28419 26765
22953 29969
25926 29007
27004 28277
28847 26087
28102 27132
29358 25111
25743 29132
27761 27561
23647 29869
28646 26342
29255 25502
23278 29933
28027 27342
24494 29683
28050 27267
27116 28226
24690 29574
25530 29240
26693 28573
26823 28454
28729 26302
27909 27387
24958 29546
27351 27984
27827 27550
29853 23868
26302 28745
27631 27613
26175 28824
27425 27946
26558 28630
26946 28324
27849 27420
28205 26998
25591 29182
26877 28402
28625 26416
25597 29163
25977 28987
29533 24530
24497 29626
29431 24814
25636 29145
24611 29614
26496 28665
27287 28114
28494 26612
28265 26992
28802 26127
29902 23566
24434 29694
25806 29055
25755 29086
29415 24998
28364 26898
25263 29392
29311 25131
28646 26604
29328 25097
25349 29296
25110 29405
28252 27094
23078 29966
28650 26523
28424 26825
27022 28244
25062 29429
28703 26462
30052 22808
23919 29800
25436 29259
27731 27621
24981 29479
27877 27482
28880 26244
30037 22891
29918 23655
25456 29240
29362 25024
25069 29417
27704 27669
28970 26166
29971 23247
26555 28628
28834 26257
26752 28528
28890 26218
26596 28620
27734 27617
29832 23981
24614 29585
29377 25009
23148 29950
26170 28875
29310 25214
24467 29615
25939 29024
29761 24264
25995 28971
28996 26036
29301 25315
23931 29759
29972 23205
25264 29320
23602 29827
28540 26678
29019 25962
29090 25767
29671 24309
26678 28541
25978 28993
29439 24890
28511 26713
29509 24777
29621 24392
28500 26727
25627 29207
29115 25765
29200 25455
27849 27545
23556 29875
29919 23502
28995 26055
27978 27383
27785 27569
28282 27022
29915 23711
29600 24513
23590 29854
23030 29982
24818 29544
23605 29813
28132 27136
30003 23167
26437 28749
26636 28589
24667 29555
27242 28150
25014 29442
25534 29208
28954 26201
24447 29649
28450 26740
26641 28574
27003 28258
29628 24375
27673 27722
29061 25789
29768 24184
26988 28397
26980 28398
28348 27016
25040 29433
26035 28934
25124 29380
27002 28330
24545 29613
27678 27710
28068 27268
27487 27910
28188 27108
29630 24330
22966 29997
26789 28491
29462 24844
27366 28109
29126 25762
23948 29743
28833 26379
23679 29804
24445 29680
26549 28709
29702 24287
27132 28240
29189 25649
29340 25065
23591 29851
26952 28429
24226 29728
27371 28028
29128 25731
30075 22556
27594 27811
29397 24930
23595 29829
29266 25442
25265 29312
28418 26921
30053 22638
25234 29364
27750 27611
29844 23954
29944 23471
30011 23003
25816 29098
28445 26741
23051 29976
23467 29888
26376 28789
28826 26424
27616 27754
29536 24753
22970 29992
28654 26503
23401 29946
27886 27480
29808 24028
25392 29291
29055 25894
29417 24913
28605 26637
27771 27585
30064 22623
25757 29156
27183 28166
25674 29163
27562 27862
29150 25675
26083 28927
27440 27971
29863 23741
29545 24578
25904 29071
25990 28977
28027 27346
27929 27450
28105 27137
26662 28553
26878 28484
28098 27182
29973 23183
26341 28843
30041 22697
28520 26619
29756 23874
27901 27465
27567 27741
28225 27129
28181 27187
29605 24191
29661 24120
27780 27580
29127 25645
29711 23927
29723 23921
28648 26496
27673 27642
29629 24149
28113 27205
29923 23221
29899 23247
25779 29103
28334 26910
26875 28307
26416 28717
28293 27031
29848 23732
24439 29609
26480 28659
23817 29754
23795 29784
28705 26382
28116 27188
28462 26678
23585 29847
29180 25376
27953 27413
29177 25459
26843 28359
27264 28019
29327 25087
24250 29645
26336 28763
26066 28952
27811 27525
27502 27801
26287 28779
27021 28215
23495 29867
29181 25327
26923 28271
27956 27407
26880 28305
29628 24151
26763 28397
28389 26802
29279 25160
29506 24471
28041 27334
23101 29984
28251 27103
23062 29992
25989 28970
27944 27422
29257 25273
27057 28195
24176 29689
25410 29297
29203 25318
26270 28787
30019 22733
24131 29713
28385 26827
23145 29972
24581 29595
28208 27155
28270 27054
25297 29438
29699 23975
26766 28372
24207 29681
28931 25978
29608 24160
24989 29518
26631 28541
25964 29025
26114 28930
26733 28465
29681 24031
26973 28216
29276 25185
29592 24286
26531 28619
28080 27311
26487 28644
26551 28605
28329 26981
28452 26724
23326 29938
28517 26671
28908 26070
29175 25512
29867 23418
29485 24570
26146 28918
23658 29810
24844 29534
25805 29095
26693 28512
29669 24084
29858 23626
25590 29219
28382 26857
25816 29078
23911 29728
27670 27683
26443 28706
23652 29825
26908 28290
23217 29954
25039 29493
25521 29247
27838 27499
29470 24696
29517 24420
29950 23103
25409 29382
30014 22815
26703 28473
28633 26576
29751 23881
29888 23261
23338 29879
28682 26427
29531 24359
25874 29077
25155 29456
25591 29201
26808 28367
29508 24430
30006 23010
25489 29261
27617 27718
26932 28233
29886 23300
29118 25803
25812 29079
24404 29621
25703 29174
29792 23786
28110 27240
27384 27898
28933 25971
29352 24902
25462 29282
27242 28081
27601 27726
26934 28229
29422 24856
28751 26376
24859 29519
25298 29384
24136 29706
28374 26879
28084 27242
28899 26090
29206 25312
29383 24866
29039 25960
24795 29550
27174 28192
24249 29658
25996 28956
29128 25638
23829 29741
26247 28892
28301 26996
27815 27515
29525 24361
28519 26646
29059 25817
27710 27610
28039 27406
28840 26289
27487 27859
23949 29715
26590 28583
27378 27983
30040 22706
29146 25614
29198 25319
29597 24215
25725 29129
27709 27620
28434 26782
24752 29579
27251 28072
23215 29907
28051 27328
27579 27715
24197 29748
27729 27618
27837 27506
29386 24901
27173 28148
25971 28951
23707 29813
29255 25304
24049 29752
27583 27708
29352 24976
28129 27196
27648 27699
29857 23339
24002 29807
27760 27551
29508 24732
27487 27859
24516 29692
27871 27492
28382 26876
29293 25230
28325 26922
28218 27119
29902 23304
28170 27192
28280 26964
24237 29717
28016 27378
27460 27890
24337 29707
30008 22624
23361 29896
24528 29617
26440 28753
28970 26026
29936 22922
28111 27215
27830 27530
24765 29554
25793 29122
24698 29581
25527 29192
27227 28094
29164 25581
29419 24900
26861 28454
27158 28171
27408 27961
29346 25057
25674 29134
26809 28475
27969 27415
29492 24736
27157 28218
28336 26915
29515 24661
27336 28058
23673 29846
25805 29089
29784 23582
26624 28716
28570 26611
22866 29952
25457 29233
23307 29899
28676 26479
26175 28871
27582 27713
23526 29870
25298 29362
27475 27868
29183 25532
29438 24801
26787 28557
27672 27620
28516 26676
25577 29157
29824 23556
30017 22580
27628 27701
29925 22943
24940 29531
26643 28603
28458 26754
27205 28114
28917 26187
27264 28067
24602 29596
28275 27002
28109 27266
25416 29287
26706 28600
29599 24512
28834 26286
23577 29853
28788 26371
28454 26815
28344 26896
28549 26620
26722 28593
28260 27016
29333 25173
26174 28934
26902 28390
25936 28982
29289 25246
25970 28956
29952 22886
27669 27646
26790 28551
28474 26720
28483 26711
28643 26580
28711 26398
29600 24207
27090 28335
28469 26741
25129 29401
29996 22690
25514 29225
24529 29602
25420 29277
28204 27145
29626 24172
25119 29413
29219 25475
24127 29751
28571 26601
29782 23647
26298 28798
26385 28788
23386 29888
29182 25540
25208 29378
22833 29953
27020 28363
27577 27780
25904 29049
30001 22670
28244 27020
29905 22977
29100 25775
29770 23828
26534 28740
26889 28405
27432 27933
28079 27288
23510 29884
29598 24543
29853 23396
28124 27202
29110 25685
26732 28560
22888 29947
28701 26405
28843 26211
28527 26668
29697 23981
29993 22810
23136 29943
29428 24871
23196 29919
29044 25789
29229 25323
29266 25299
29662 24125
25997 28945
27935 27479
29037 25931
29670 24051
25097 29502
25360 29322
24188 29750
28324 26934
29476 24755
26259 28846
28615 26583
29366 24939
24201 29730
27914 27392
27780 27502
25911 28975
29665 24095
29037 25699
28626 26457
27739 27612
25341 29298
25968 28934
27856 27404
23776 29782
28589 26476
27627 27652
28676 26311
29310 25255
29440 24900
29546 24613
25296 29308
26804 28495
25917 28968
27327 28066
24603 29607
23604 29810
27353 27976
26805 28479
23872 29759
27275 28090
24794 29530
28090 27183
29438 24927
25131 29410
28200 27058
28030 27233
29300 25294
28931 25963
25967 28939
29874 23581
25506 29195
29187 25501
29649 24218
29493 24647
29451 24793
28077 27207
23555 29826
29397 25052
29026 25795
29452 24751
25423 29230
29127 25600
28890 26033
27509 27764
23725 29785
29922 23273
29556 24473
25905 29013
27688 27620
27216 28175
25791 29087
27071 28327
25420 29232
26635 28679
29388 25164
29893 23343
26177 28867
28120 27177
28905 25996
29650 24160
30070 22832
27042 28372
26109 28909
29765 23782
29231 25342
28338 26931
24715 29542
25853 29044
28977 25829
27651 27627
28568 26486
30035 22906
27600 27759
30054 22856
24241 29733
27465 27947
28277 27015
29487 24732
27978 27385
28279 26985
27250 28145
28291 26965
28545 26593
29971 23052
28881 26154
29796 23710
28141 27175
26490 28719
29754 23954
23027 29924
25932 28948
29601 24406
29763 23808
24512 29646
26748 28630
28911 25964
29217 25353
29092 25649
23586 29814
27767 27574
23830 29770
28802 26206
29742 24000
29904 23281
25690 29162
28025 27318
26910 28436
25204 29323
27183 28183
27140 28225
25091 29474
25856 29037
23611 29789
23267 29894
28826 26175
28955 25922
25415 29253
25948 28942
23300 29853
24577 29626
26232 28841
28180 27131
24710 29580
29153 25516
29563 24458
29900 23324
26015 28927
28332 26932
25117 29423
28956 25892
27274 28107
29872 23673
29966 23120
29443 24820
24339 29711
29877 23451
29622 24265
29661 24149
24990 29504
25350 29269
29760 23872
23171 29914
27101 28326
27343 28005
23026 29933
27487 27892
29091 25664
26873 28447
27156 28200
24619 29589
28495 26645
29626 24247
27329 28047
23031 29918
28399 26925
28419 26827
24396 29674
25188 29378
25738 29096
27504 27828
28431 26765
23946 29748
28671 26380
28753 26300
25202 29375
28455 26694
28982 25801
26664 28672
28632 26401
27626 27681
27854 27409
24169 29742
29269 25317
29982 22965
29342 25196
24894 29517
26406 28809
26962 28376
30033 22920
26756 28540
26693 28631
26243 28838
27847 27479
29146 25571
29213 25476
29694 24041
26320 28834
28656 26386
29411 25034
23273 29856
23454 29848
26529 28692
29613 24311
29780 23763
27538 27819
27605 27774
24783 29590
27564 27779
24001 29730
26873 28513
24819 29583
26798 28541
28192 27206
26937 28425
28226 27156
26960 28343
28911 26152
28843 26320
25057 29471
27503 27842
24849 29531
29644 24126
29337 25206
26782 28556
28060 27371
29147 25792
29767 23688
28966 26062
27842 27583
25348 29372
27557 27791
23046 29975
26946 28390
28799 26371
25246 29375
28205 27189
26579 28676
29242 25534
28829 26325
28944 26143
28865 26250
23443 29881
29139 25881
29304 25379
26093 28916
29070 25885
29258 25471
29446 24919
29207 25638
28162 27232
29361 25177
25645 29193
28379 27008
25515 29289
24871 29521
29019 25967
26173 28887
25362 29347
29149 25762
29693 24000
25649 29192
29750 23719
28873 26225
29656 24113
25521 29282
27355 28141
29421 25113
25368 29333
27457 27964
26076 28942
24635 29608
27890 27567
23823 29800
29846 23510
27973 27445
26435 28744
28672 26735
29301 25433
26285 28871
29211 25542
28092 27326
28787 26443
25677 29158
25225 29407
24358 29691
29036 25928
23182 29964
29163 25713
27552 27808
24316 29724
25633 29220
30026 22364
29966 22604
29251 25515
28344 27050
28082 27368
28727 26663
28030 27412
29694 23895
27657 27704
28744 26471
25914 29021
27383 28054
24731 29592
24937 29498
25878 29079
26129 28910
27219 28213
28536 26904
25138 29438
23257 29961
27936 27497
23590 29862
29819 23593
27944 27496
27404 27981
29945 22693
27240 28156
28164 27213
28976 25990
27117 28300
29695 23890
26731 28645
28477 26941
27716 27683
24822 29555
23391 29903
25860 29104
26311 28835
26552 28704
27630 27756
29175 25659
28039 27385
29444 24946
29967 22565
27047 28315
29326 25299
25927 29018
26525 28737
24499 29664
25983 28986
29488 24889
28905 26182
29692 24081
29939 22712
27276 28143
23947 29788
25004 29479
27683 27697
29576 24484
25563 29244
28238 27103
26416 28755
27733 27647
25922 29019
27773 27589
27173 28258
25528 29280
26041 28954
27477 27899
28604 26789
25911 29036
24979 29492
25805 29147
26919 28469
29969 22547
28999 25986
25667 29177
29929 23227
25984 28981
29637 24223
28047 27372
29622 24400
25421 29321
28341 27059
26363 28792
27480 27876
29384 25156
28152 27283
28307 27097
29737 23885
26845 28533
27407 27969
29746 23797
29899 23403
24343 29704
30025 22546
26996 28336
29539 24886
23070 29940
23924 29763
24056 29756
29925 23251
24263 29637
24112 29702
29905 23267
29960 22890
23027 29946
29932 23108
24851 29439
23526 29852
26005 28992
26284 28831
24449 29559
29228 25274
27793 27519
29511 24610
23378 29880
29526 24575
24521 29554
28774 26340
24858 29403
26495 28660
27314 28125
23077 29925
22898 29979
29956 22894
26207 28855
25920 29086
23468 29877
29994 22633
26309 28819
28807 26240
25932 29028
23311 29882
28594 26540
24102 29715
27047 28254
28447 26819
23025 29947
24524 29528
29889 23312
26713 28463
29202 25331
25010 29365
26404 28758
25606 29209
24095 29720
28943 25979
25269 29300
29969 22780
29817 23608
24057 29739
28590 26593
29583 24478
27322 28061
29122 25562
24660 29486
24600 29520
29995 22621
26644 28619
26501 28638
27348 28015
24703 29484
29103 25610
23222 29898
27542 27857
30008 22584
25555 29235
29785 23806
23602 29838
26545 28631
30022 22537
26459 28716
27159 28168
27469 27964
29168 25487
23842 29812
29268 25170
24806 29470
29244 25243
27622 27765
28347 26950
25886 29118
25425 29297
26686 28564
29633 24300
29802 23682
27997 27309
28494 26761
28565 26685
27018 28304
29178 25413
27101 28209
25956 29004
26952 28319
28855 26074
29863 23585
23182 29900
28428 26875
24619 29488
29541 24515
29391 25002
29437 24811
23563 29839
29814 23648
28680 26501
26084 28979
28725 26443
27733 27676
24207 29656
27422 28011
28860 26067
22941 29969
26687 28519
29460 24711
25463 29248
22983 29958
26160 28873
29098 25652
29571 24514
29339 25051
25121 29323
29970 22727
22926 29973
27868 27509
29534 24545
27190 28131
28853 26075
28917 26060
29336 25147
26235 28841
27497 27915
30052 22424
30034 22485
26897 28435
29247 25218
24203 29682
30031 22522
23180 29924
24373 29636
25199 29318
25640 29132
28063 27235
26465 28695
29225 25316
24977 29400
27956 27408
25091 29345
28846 26185
26469 28684
28992 25919
29246 25239
29474 24653
27653 27705
28265 27021
29013 25833
29345 25029
26942 28355
28634 26515
28865 26065
29040 25802
25627 29191
27729 27686
29052 25665
29962 22846
26858 28456
29500 24633
28156 27175
29882 23532
28605 26534
29008 25856
28643 26507
29738 24240
24221 29648
28010 27282
23921 29799
27132 28184
29743 23962
27983 27327
27788 27586
29398 24823
27141 28173
28162 27111
24987 29370
22948 29959
28203 27095
29771 23888
24143 29700
26155 28945
27594 27793
28211 27055
24255 29639
26094 28965
27902 27437
27105 28185
29951 23096
26982 28291
23669 29853
23700 29847
29628 24227
23027 29941
26037 28979
24026 29762
28146 27252
23015 29945
29371 24985
26921 28385
26972 28308
27129 28193
27321 27939
27261 28020
29935 23339
23867 29794
27683 27648
27239 28060
23548 29885
28371 26975
26970 28315
27279 28014
27071 28224
26635 28581
25229 29403
27151 28144
29972 23079
29347 25041
25655 29195
26674 28545
23843 29840
28778 26320
27315 27965
28472 26899
29959 23219
27053 28225
23013 29951
25947 29087
27211 28109
29921 23568
26145 28955
29472 24838
29494 24792
27296 28009
27233 28106
23324 29918
28962 26007
29073 25722
27364 27928
28231 27144
24434 29718
25395 29337
29713 24090
28982 25975
28684 26592
25383 29361
28273 27127
29605 24376
29623 24347
28693 26520
24322 29720
29270 25291
25960 29065
29428 24962
24799 29589
24935 29529
25461 29294
29530 24585
28330 27007
25635 29213
28098 27281
28708 26493
27156 28132
28005 27351
24609 29634
27675 27696
24630 29597
23909 29792
23866 29795
24004 29782
29284 25258
29404 24966
29585 24433
26108 28972
25097 29463
28057 27327
26839 28437
27017 28255
25210 29440
29033 25930
25846 29136
25023 29504
28067 27319
26146 28939
28018 27347
29349 25015
29431 24862
27610 27711
24607 29653
26373 28881
22933 29970
24985 29512
29313 25200
25885 29091
29497 24787
27384 27905
25301 29394
28155 27218
26031 28983
28539 26752
30029 22766
29717 24048
30022 23039
25613 29242
26651 28550
26009 28991
28604 26659
28980 25986
29987 23071
27929 27461
23394 29888
26008 29034
30028 22787
28925 26265
27897 27494
28292 27021
23206 29934
28561 26668
29112 25719
29516 24730
29677 24201
29742 24044
30069 22720
27167 28120
29535 24573
29900 23823
28714 26473
29208 25496
29805 24040
26622 28631
27502 27813
29961 23163
29573 24522
30025 22867
28862 26304
24473 29670
26802 28472
29049 25874
23137 29935
25539 29265
28931 26028
25822 29172
24183 29740
28408 26917
28838 26316
29141 25561
26685 28536
28619 26617
25428 29315
27765 27606
29341 25163
25737 29180
28374 26920
30068 22758
27500 27872
30074 22714
25137 29457
27599 27770
29057 25864
28608 26623
29156 25525
26757 28500
28347 26986
29342 25077
26981 28295
25334 29375
29311 25209
27024 28243
27977 27408
30078 22544
26308 28904
25544 29250
29957 23284
29809 23920
28756 26407
29626 24312
29524 24652
26498 28754
26449 28797
27302 27989
27804 27556
29241 25394
26583 28676
29265 25351
28494 26867
29540 24547
27710 27642
29702 24118
26941 28340
29827 23861
26445 28815
27864 27538
27464 27901
24953 29523
28215 27200
29118 25621
26695 28524
29967 23152
22995 29969
24928 29563
26916 28392
27102 28217
