19790 17173
18429 19264
16632 20209
16391 20283
18373 19325
19975 16652
19805 17171
18823 18938
17742 19719
16396 20270
18880 18892
17772 19701
19972 16678
19486 18010
17596 19785
19508 17909
17347 19967
18923 18822
20006 16491
19786 17224
19531 17907
16252 20335
16748 20171
16850 20152
16437 20262
18854 18923
19924 16825
19426 18080
18074 19563
19255 18410
19374 18180
19996 16591
18308 19370
19189 18550
19973 16672
18422 19303
19235 18452
19497 17955
16930 20106
19767 17354
19015 18778
16781 20158
16057 20392
17236 20017
19409 18123
16310 20319
19030 18760
18021 19567
18516 19244
19679 17633
19869 16983
16111 20371
19775 17282
18683 19101
16138 20366
19450 18078
19372 18247
19351 18304
19501 17935
19492 17962
18360 19346
18191 19447
19152 18569
19339 18334
18842 18937
19702 17528
19957 16778
18898 18889
19684 17584
19734 17498
16681 20179
19606 17775
18914 18830
19096 18633
17424 19935
18339 19355
19744 17486
17476 19874
18755 19052
19174 18566
17623 19784
19287 18356
19635 17651
17953 19603
19689 17578
18640 19140
19589 17857
18340 19348
19042 18701
18864 18909
17573 19818
19912 16965
19053 18678
18542 19203
17555 19846
18188 19449
20000 16516
17383 19949
17878 19682
19236 18436
18161 19513
18921 18829
19207 18473
18799 18960
18734 19085
19412 18107
18655 19111
19479 18036
17893 19663
18493 19260
18984 18818
16249 20344
16891 20131
17097 20064
19386 18162
18247 19442
16511 20249
19785 17248
17683 19770
19772 17314
18302 19397
16948 20100
17201 20037
18162 19456
17258 20011
17693 19726
18091 19519
16269 20334
19402 18156
17119 20042
17759 19710
18014 19572
17843 19696
15719 20440
18284 19407
20044 16266
16764 20160
19057 18649
17264 19994
17938 19650
19697 17576
18001 19589
17589 19809
19644 17640
17625 19776
17527 19847
18632 19201
16378 20315
18787 18967
19465 18062
16984 20096
16081 20378
15966 20416
16898 20114
18330 19367
19267 18376
17468 19918
19917 16836
19822 17160
20033 16415
18812 18948
19633 17734
19858 17093
19851 17099
18784 19039
15803 20429
19572 17902
16514 20213
17517 19862
19838 17140
19981 16395
19868 16976
15824 20407
19368 18320
19321 18361
16001 20383
19857 17084
15667 20451
16268 20334
20016 16331
19900 16910
15718 20438
20008 16342
15984 20390
17241 19994
15762 20426
16078 20382
18970 18836
15730 20432
15684 20445
16219 20350
16153 20369
17370 19944
15956 20395
18984 18775
15588 20458
15792 20416
19882 16936
19774 17376
19761 17449
15856 20406
19980 16461
19397 18217
18002 19629
19899 16917
18928 18856
19600 17855
17017 20130
19919 16768
17142 20061
19394 18306
17029 20088
19440 18200
19110 18731
19941 16709
17195 20034
19453 18121
19672 17690
19353 18340
17023 20121
19264 18449
19277 18390
17254 19992
16966 20141
19459 18094
19957 16691
16103 20370
19052 18763
18313 19483
19932 16753
19551 17924
16902 20145
19158 18637
19608 17813
18706 19136
19188 18575
18349 19411
19707 17627
19502 17953
19146 18655
19131 18680
18564 19248
18335 19464
18094 19575
18742 19084
18653 19160
19093 18754
16287 20323
17069 20087
16625 20255
18554 19255
19553 17872
18175 19551
18719 19095
16452 20315
17123 20074
18461 19350
18889 18974
18417 19383
18954 18840
16817 20224
19801 17218
20018 16231
19225 18547
16757 20239
19492 18082
17096 20081
19159 18604
17958 19662
17405 19921
17335 19952
18585 19204
18819 19027
19901 16769
16893 20158
19019 18766
19330 18344
19978 16571
18480 19319
19615 17768
18346 19443
18589 19185
19254 18505
18073 19618
18281 19503
19668 17697
17953 19686
18630 19181
17325 19991
17738 19829
18511 19317
18980 18783
17961 19656
17777 19809
18908 18886
16854 20162
17893 19737
17705 19897
19864 16992
19642 17765
17853 19793
16343 20322
18767 19047
19003 18771
18211 19508
19503 17940
17221 20008
19516 17937
16540 20292
18180 19533
20050 16157
17685 19905
16614 20271
19823 17201
19928 16781
19565 17823
19918 16924
19563 17830
19935 16651
19804 17302
19927 16790
19432 18073
18522 19195
19267 18354
19932 16759
19699 17547
19678 17614
19667 17668
19327 18279
19919 16884
19297 18349
19626 17769
19673 17650
19782 17337
19687 17598
19634 17761
17648 19798
19872 17130
19238 18421
19479 17987
19822 17227
19739 17417
16931 20193
16983 20145
17376 19942
19423 18082
16395 20309
16859 20203
19655 17730
19567 17821
18419 19291
17159 20049
16343 20357
19897 16975
19485 17983
19934 16703
19583 17812
16291 20365
15892 20425
18955 18835
16895 20194
19373 18204
19989 16626
16435 20300
17771 19763
20004 16562
17167 20031
17055 20120
19036 18677
17117 20076
17551 19870
18667 19163
15754 20457
19840 17195
17328 19960
17536 19896
19366 18221
15795 20455
18897 18935
19417 18084
16157 20381
17224 20003
20028 16196
17126 20051
17292 19976
18925 18896
19786 17317
19585 17789
19725 17466
17219 20016
19322 18303
19805 17278
15819 20445
18668 19133
19728 17443
18811 18982
19209 18500
19848 17155
18414 19331
17169 20030
18710 19043
19813 17266
19774 17376
18801 19040
16791 20218
19030 18728
15831 20441
19476 18032
19383 18122
18951 18841
20016 16338
18259 19496
19259 18413
18968 18802
19135 18612
18570 19182
19023 18755
16529 20278
19869 17145
17486 19905
18191 19518
18966 18803
17542 19886
18268 19460
17050 20126
18340 19346
19714 17528
19558 17892
18887 18976
16152 20397
18520 19228
16600 20265
19015 18774
18475 19256
17248 19994
18302 19454
17439 19929
15832 20431
19896 17064
17751 19787
15937 20412
18324 19365
18178 19586
18135 19601
16350 20316
18468 19287
18027 19695
18322 19384
19693 17549
20015 16440
17349 19955
18698 19124
19538 17920
16636 20257
18080 19627
16526 20289
19512 17960
18576 19165
17639 19840
17863 19733
17900 19709
19456 18066
17892 19726
19112 18615
19038 18666
20026 16311
17761 19777
18016 19701
19611 17782
18062 19650
18370 19339
19162 18593
19087 18654
17268 19978
19408 18094
19308 18347
17563 19862
20018 16485
20021 16478
15633 20427
17185 20026
16185 20388
17335 19995
18631 19151
18433 19314
18878 18828
20013 16505
18800 18945
16417 20336
16305 20350
19941 16869
19989 16645
16263 20363
19964 16757
18964 18714
17209 20012
18055 19568
18788 18981
18729 19071
19949 16758
17184 20069
15863 20425
16692 20285
16988 20137
18971 18690
16897 20197
20012 16534
16482 20334
19397 18129
18279 19418
19364 18193
19487 17990
18874 18878
19258 18369
19365 18167
19975 16675
17923 19683
18949 18786
17863 19737
16522 20307
17906 19716
18960 18744
18392 19321
16842 20216
19930 16933
18951 18776
18562 19209
17365 19982
17936 19667
19114 18562
19829 17141
16785 20232
19125 18542
19530 17888
18836 18888
19439 18006
17569 19890
19148 18521
18825 18924
16150 20394
18034 19614
19493 17959
19869 17062
16054 20418
19527 17915
19278 18296
18557 19246
19121 18555
19863 17068
18296 19405
18441 19304
18576 19203
18707 19115
16923 20187
17506 19957
19711 17402
19759 17296
19534 17852
18102 19566
18826 18902
16947 20178
18965 18700
19806 17238
17114 20116
16383 20346
19715 17336
18388 19343
19563 17803
17885 19722
16950 20174
19820 17162
17270 20004
18654 19142
19430 18084
19780 17271
19561 17817
18883 18826
19025 18645
19404 18117
19571 17761
18764 19070
18969 18692
19914 16995
18616 19198
17208 20022
19056 18643
19835 17085
17137 20075
17022 20125
19683 17529
17977 19644
19886 17035
19333 18207
19760 17285
15578 20428
19654 17641
15900 20422
16667 20294
18184 19479
18150 19530
19748 17323
18655 19123
19107 18584
18998 18672
18327 19404
18844 18883
19668 17606
19315 18268
19234 18395
19696 17489
19075 18599
19538 17825
19615 17699
18520 19261
18480 19301
18246 19468
18374 19391
19988 16665
19216 18470
17781 19788
20004 16630
19681 17552
19228 18409
17339 19984
18172 19526
17676 19848
19021 18665
20022 16453
17583 19888
18042 19571
19832 17113
17550 19923
18277 19438
16736 20251
16776 20245
16696 20263
19730 17376
18441 19327
20006 16373
18685 19079
20007 16338
20002 16385
19247 18396
20026 16333
20003 16383
18377 19348
19900 16870
18312 19373
18124 19530
20036 16228
18633 19138
20044 16170
16675 20165
16731 20160
16651 20166
20037 16209
19259 18392
17521 19868
19981 16519
19014 18745
19985 16515
18513 19282
17762 19721
18669 19100
19905 16766
16296 20312
18909 18886
20035 16307
19909 16742
16279 20315
17888 19666
16384 20279
17914 19607
18443 19286
19882 16890
16543 20252
17492 19908
18579 19212
17814 19705
19393 18293
18279 19485
16100 20348
15627 20428
19199 18490
18304 19394
16256 20336
17632 19819
15697 20410
15599 20432
19449 18098
19917 16674
18763 19027
17036 20035
15995 20368
18524 19232
19875 16966
16311 20284
17876 19700
17835 19701
19244 18402
19776 17316
19721 17464
17903 19646
19477 18050
18075 19581
18285 19440
18287 19409
19357 18298
19565 17888
18583 19180
15817 20402
19005 18792
19948 16662
19646 17782
15843 20398
19091 18660
17730 19776
19260 18355
19876 16902
19860 17065
18020 19604
19938 16663
17626 19862
16962 20110
18225 19505
18378 19330
19960 16617
17103 20019
15675 20417
15566 20439
16636 20199
16584 20219
19152 18593
19287 18350
19081 18732
19296 18347
19846 17078
19957 16638
19739 17360
18824 18956
19304 18331
19327 18325
16900 20147
19455 18077
17409 19963
19279 18351
15867 20379
19601 17818
19679 17708
17803 19709
17031 20036
19405 18206
19800 17267
17030 20038
17015 20057
17731 19728
16982 20070
17913 19636
16813 20152
18725 19051
19729 17380
17224 20012
19707 17583
19425 18137
19594 17841
19168 18580
19512 18011
18964 18878
17727 19808
19170 18528
19516 17917
15798 20404
18809 19007
19129 18605
19569 17877
18874 18935
19826 17250
18376 19357
19218 18443
19440 18133
15998 20358
19427 18038
15597 20423
15491 20430
19505 17910
15555 20427
16921 20108
19423 18041
15610 20411
17077 20033
18871 18844
15867 20392
19304 18321
19071 18647
20053 16374
19295 18329
19286 18349
17994 19608
18812 18948
19093 18639
19587 17711
16049 20356
15808 20410
18539 19206
19435 18037
16946 20069
19551 17870
18108 19527
17977 19614
16284 20312
19583 17748
16932 20101
17999 19593
18347 19416
19353 18267
18756 18999
16917 20114
18062 19537
19811 17308
17048 20062
19573 17784
17886 19643
16003 20370
19141 18543
19249 18396
19499 17955
19705 17547
19921 16837
18953 18786
19686 17593
18058 19554
18193 19475
18552 19185
18734 19041
19593 17703
16803 20153
19340 18310
19527 17909
19045 18670
17095 20009
19204 18517
18820 18881
16428 20245
16213 20316
18498 19228
17377 19932
17811 19710
17120 20008
19489 17976
15999 20389
19149 18522
19456 18025
17294 19946
18790 18960
19730 17537
16069 20353
19803 17319
19918 16874
15861 20399
18814 18886
17844 19679
16423 20300
16171 20346
19553 17800
19789 17426
18025 19585
19754 17492
19673 17665
16855 20119
18655 19157
18459 19309
17159 19999
18690 19079
16942 20081
17293 19968
17340 19938
17730 19734
16596 20244
17271 19987
19617 17686
17494 19847
17608 19814
17872 19664
17899 19633
20011 16583
19473 18020
18928 18829
17486 19852
19609 17689
19620 17682
19212 18494
19850 17166
17194 19998
18860 18878
16024 20359
19683 17597
19915 17048
19367 18209
20046 16523
19132 18551
17729 19772
19755 17487
17913 19629
18167 19512
18401 19339
18541 19190
19775 17428
19691 17575
19866 17062
19832 17278
19115 18612
19414 18189
16841 20143
19989 16712
17914 19628
18311 19449
19949 16829
19710 17539
18026 19580
16636 20228
18594 19170
17703 19803
19584 17740
19679 17632
16793 20193
17569 19817
17457 19884
19028 18739
17840 19695
18426 19320
18100 19531
18357 19357
15610 20437
20002 16466
19928 16923
19580 17859
19560 17947
17698 19801
17768 19779
16444 20292
19410 18169
19585 17845
17841 19721
19602 17831
19729 17549
19543 18007
19575 17899
16154 20382
19579 17862
20016 16419
16364 20317
19894 16980
18093 19592
17629 19840
17633 19836
19126 18564
19807 17340
16268 20355
19856 17222
19432 18151
17755 19789
17931 19688
18720 18993
17591 19870
17665 19815
18012 19607
16615 20232
17479 19945
19264 18445
16959 20115
17597 19856
19824 17281
19355 18272
19359 18269
19293 18364
19122 18622
17853 19709
19596 17836
18281 19474
16322 20341
18684 19047
16353 20319
16292 20342
16393 20304
17674 19802
19370 18227
16560 20268
15964 20425
19344 18312
16510 20283
18974 18754
19381 18199
19869 17086
18547 19168
17817 19759
19340 18322
17954 19657
19060 18682
17500 19909
20033 16328
19495 18090
19799 17411
19974 16569
17273 20038
17572 19897
18212 19506
19955 16731
17282 20025
17982 19637
18690 19023
19547 17970
19350 18305
18546 19193
17362 20001
18666 19073
17183 20056
19963 16688
18318 19456
15586 20439
19143 18536
18706 18994
19740 17509
19826 17243
15728 20434
17412 19961
19992 16470
16234 20377
19445 18117
19531 18054
19968 16666
18330 19450
17936 19679
18704 18999
18522 19231
19014 18751
15636 20436
18967 18803
19049 18707
18968 18758
19704 17793
18933 18835
18861 18890
19827 17225
17311 20012
18955 18811
15583 20450
17994 19608
19261 18458
20005 16465
16605 20244
19883 17030
19573 17936
19426 18168
17608 19844
16823 20231
20010 16454
19089 18629
19218 18524
19662 17809
17600 19848
17706 19791
16397 20301
18625 19103
18374 19390
19368 18259
18208 19508
20040 16326
18808 18931
20025 16329
18836 18907
19722 17625
20023 16417
17173 20080
19931 16797
16968 20114
18780 18989
18147 19569
19776 17474
18616 19114
15740 20429
18477 19285
19285 18409
18936 18818
19629 17819
18199 19514
17941 19668
19130 18553
18519 19266
16941 20140
17891 19706
18404 19338
19219 18459
18167 19530
17046 20110
17513 19901
19812 17293
17228 20046
18921 18881
16899 20173
18851 18893
19988 16541
19077 18663
17980 19643
19709 17666
18574 19146
19451 18107
17979 19650
18240 19480
19972 16599
18386 19345
19442 18132
17662 19813
16368 20287
17236 20027
17177 20070
16455 20256
15710 20432
16055 20369
17340 20026
15939 20387
16380 20275
18201 19424
17018 20094
17039 20090
17222 20041
15826 20414
19944 16812
20033 16469
19969 16741
15697 20433
15983 20371
19843 17097
19842 17160
18259 19408
17045 20089
15738 20429
19786 17373
19670 17644
16620 20247
18035 19549
17645 19841
20005 16504
20067 16315
19956 16763
17668 19788
17919 19619
19532 17987
17563 19885
18621 19121
18763 18966
17734 19759
16730 20186
19834 17195
18405 19307
17856 19703
18684 19046
19619 17718
20002 16559
18499 19234
19819 17299
16521 20253
16683 20209
15899 20401
19678 17632
18693 19034
16257 20357
17346 19987
18305 19386
18066 19546
18432 19292
18326 19330
18307 19359
19845 17079
16873 20151
19978 16660
20062 16354
20045 16408
18918 18836
17496 19894
18262 19398
18882 18845
19844 17081
15688 20442
19900 16966
19798 17305
17870 19665
17977 19586
16269 20310
16355 20307
17441 19915
18650 19080
18717 18979
19922 16941
18824 18945
20004 16546
18712 19005
18465 19243
18569 19207
19196 18562
19109 18637
19964 16742
19049 18752
18198 19431
17428 19974
18434 19254
19660 17686
20038 16428
16692 20202
18858 18892
16934 20113
19617 17891
16868 20159
19587 17939
18955 18798
17890 19652
18870 18861
16261 20311
18513 19212
19890 17007
19940 16841
19178 18605
17996 19568
19764 17417
17974 19595
19275 18545
19829 17237
16860 20182
19093 18684
19932 16903
19977 16697
20060 16398
17464 19897
19498 18173
17911 19639
19592 17931
19297 18441
19508 18097
19699 17601
19887 17015
19789 17337
19459 18319
19401 18377
17567 19871
19101 18656
18160 19498
19886 17052
15804 20426
19556 17981
19483 18198
20006 16487
17921 19603
19643 17698
17847 19741
19136 18631
19016 18793
18088 19504
18399 19322
17730 19786
19216 18560
17118 20081
19509 17995
19953 16764
19985 16646
18356 19329
16892 20116
19717 17592
19328 18390
19308 18433
19939 16843
19976 16719
19568 17945
16243 20353
19030 18715
18347 19361
15580 20417
18519 19195
18801 18946
19329 18369
19888 16924
18636 19087
18535 19146
18676 19049
19019 18720
15905 20399
18364 19338
18686 19045
19071 18685
18210 19478
18233 19475
18261 19424
18262 19420
19742 17479
18623 19097
16080 20360
18602 19115
18882 18857
18888 18854
15756 20415
19686 17595
17996 19589
18872 18887
19272 18486
18464 19247
17736 19791
17251 20048
19142 18595
19336 18332
19814 17273
18496 19202
18907 18850
19203 18528
16673 20234
19859 17060
19134 18644
19917 16915
18918 18845
19153 18592
19758 17430
19658 17731
18983 18748
16571 20270
18250 19428
17313 20027
18561 19132
15894 20411
17989 19596
19622 17774
19374 18256
17943 19674
16336 20348
19304 18409
18166 19534
16140 20357
19279 18435
16344 20338
19424 18140
16669 20235
18530 19168
19339 18273
16885 20200
17745 19777
19542 17955
17911 19720
16452 20281
15990 20385
19873 16941
19826 17121
18185 19494
17919 19690
19318 18374
17834 19764
19215 18494
19582 17922
19169 18582
19366 18263
17527 19960
17571 19885
19764 17343
19867 17018
17677 19844
16018 20382
17917 19717
19334 18364
18032 19571
15925 20397
15945 20392
17361 20013
19601 17810
18056 19566
19010 18742
19864 17032
17976 19630
20046 16434
17958 19665
16932 20179
19790 17314
17022 20139
18584 19125
17685 19840
18647 19082
16635 20258
19200 18536
19704 17515
17531 19936
20011 16483
20020 16453
19415 18199
17207 20063
17768 19765
18436 19321
17602 19867
19172 18568
19949 16661
16451 20293
17557 19888
17551 19906
18811 18918
16996 20152
16365 20319
18489 19242
19930 16889
19943 16805
17303 20034
19844 17111
17199 20075
18167 19527
18743 19034
19394 18251
20004 16629
15901 20407
19584 17882
18081 19549
20007 16501
18832 18903
16564 20272
19523 18043
19674 17698
19284 18410
18399 19331
19476 18103
17140 20113
20035 16437
16414 20306
19490 18060
19626 17757
17037 20128
19599 17841
19696 17559
18976 18826
18072 19550
19448 18107
18553 19134
19489 18062
18332 19416
17220 20051
19823 17157
16799 20213
17705 19827
18183 19523
19985 16554
19668 17526
19771 17248
16323 20316
18053 19578
18325 19410
16346 20291
18291 19447
16970 20099
16841 20135
16986 20087
19992 16497
16860 20103
19953 16584
19976 16577
18297 19425
19971 16580
16201 20373
16104 20381
17337 19979
16782 20136
18630 19182
19808 17074
16337 20302
17946 19662
16615 20181
18145 19523
18595 19196
18301 19413
18815 18984
18722 19090
18785 18999
19461 18088
16391 20283
16410 20276
18116 19574
16327 20307
19912 16771
19946 16727
17102 20063
18914 18928
16258 20340
16191 20379
18516 19269
17125 20054
19913 16740
19898 16776
16690 20162
18455 19354
16061 20388
15916 20455
17119 20060
19231 18449
19406 18230
18673 19162
16776 20155
19085 18724
18375 19384
16756 20158
18479 19341
17015 20065
16996 20066
17710 19766
18734 19050
16270 20332
15965 20425
15949 20430
19667 17626
19888 16781
18918 18916
19344 18245
18361 19406
19420 18187
17269 20017
19022 18781
19056 18746
15930 20431
19040 18754
19123 18694
19731 17453
18689 19125
16544 20236
16002 20422
19659 17711
17522 19951
19010 18808
16679 20174
18868 18970
16237 20346
18379 19361
19160 18633
19793 17152
19337 18316
17215 20047
18158 19521
18615 19189
18140 19542
18545 19238
18162 19508
19238 18435
18173 19507
17293 20002
18589 19225
19229 18520
19792 17228
16426 20265
20024 16422
18395 19358
17924 19686
18036 19655
20012 16476
19111 18699
19602 17868
19803 17085
19759 17259
18538 19247
19747 17285
18729 19062
19542 17978
16605 20231
19554 17944
19578 17943
19616 17793
18811 18998
18266 19506
16038 20398
19581 17905
17670 19798
19830 17061
19880 17007
16673 20180
19781 17238
17888 19722
19610 17856
19595 17879
18711 19123
19527 18002
17709 19792
17853 19759
18935 18855
19198 18559
19641 17740
19232 18443
18879 18942
16106 20380
19316 18328
19524 18018
17423 19952
17666 19806
16514 20264
19485 18083
17916 19719
18773 19039
18273 19459
18494 19307
19278 18432
19171 18624
17970 19659
18949 18835
19498 18034
17589 19935
17645 19867
19300 18360
18136 19547
19807 17261
20012 16648
18695 18975
18427 19221
18598 19121
19642 17846
19959 16823
18666 19014
20039 16513
18557 19137
18479 19188
18487 19169
20015 16619
19865 17098
19685 17705
19692 17648
18555 19144
19667 17732
19800 17349
18297 19390
18559 19134
19653 17823
19785 17388
19886 16979
18060 19557
18109 19543
19965 16777
17891 19646
19734 17626
17833 19663
19414 18241
19991 16657
19770 17416
19869 17027
19759 17443
19582 17938
17558 19867
18131 19472
19791 17382
19879 17019
19232 18447
17301 19979
18346 19322
19338 18325
17346 19959
18380 19303
17720 19789
18326 19339
19706 17630
15843 20469
19502 18077
19438 18212
18328 19334
19317 18346
19294 18413
19532 18061
18202 19464
17875 19655
19227 18466
17084 20045
15873 20468
18620 19088
15894 20457
16916 20135
16614 20216
18692 19003
19599 17926
18657 19023
19968 16769
17501 19910
19387 18311
19180 18512
19573 17950
17699 19826
16260 20337
18330 19331
17914 19624
19314 18381
19392 18252
16502 20267
18560 19129
18324 19379
17831 19698
19558 17952
18397 19276
19304 18400
19547 18014
18402 19254
19754 17566
16423 20325
16978 20121
19911 16939
19948 16873
16194 20386
19648 17845
16195 20349
16741 20167
17805 19735
16393 20327
16714 20179
17045 20077
17521 19897
19282 18439
19000 18706
19622 17856
16518 20253
19535 18052
16589 20236
19957 16867
18258 19398
18458 19217
18637 19079
17159 20033
15927 20421
19486 18120
19315 18356
19451 18199
19461 18136
15901 20443
17160 19998
18160 19470
16242 20347
17187 19990
16086 20404
17214 19989
18536 19162
16760 20163
17338 19963
17769 19747
16018 20416
19960 16788
20045 16470
20048 16411
19678 17731
19983 16679
18953 18836
18653 19076
16703 20212
16820 20155
19828 17249
18016 19612
18483 19176
17434 19952
18865 18936
20036 16518
17552 19879
19979 16749
18971 18776
19087 18662
18894 18902
19806 17318
18987 18759
16448 20271
17438 19949
19848 17188
18955 18795
15920 20435
17588 19853
19225 18475
16555 20245
18411 19229
19024 18673
19700 17640
20066 16346
18792 18969
17078 20053
18477 19203
18765 18973
19173 18570
19618 17887
16077 20413
18235 19416
19124 18638
19110 18654
18949 18844
20063 16352
19008 18678
19027 18672
19995 16751
19399 18231
19918 16861
19998 16720
19907 17009
19111 18690
19838 17215
19908 16941
19125 18682
19871 17042
18987 18806
19921 16853
19993 16763
19017 18793
20039 16444
19832 17246
19931 16817
18807 19035
19718 17540
17626 19848
18406 19318
20035 16450
19131 18636
18952 18865
20007 16684
16901 20146
19477 18123
16156 20340
16847 20166
20050 16393
18965 18812
17003 20058
19289 18389
19485 18093
16269 20336
19315 18386
16110 20351
17357 19914
17328 19958
18762 19071
16059 20372
17114 20039
19771 17454
18035 19582
18492 19284
18280 19405
19145 18613
19878 17029
17429 19905
19339 18345
18411 19308
18713 19138
16361 20298
18905 18885
18426 19307
19917 16939
17838 19684
18370 19366
18378 19347
16732 20213
20016 16544
19879 17024
18469 19305
19862 17147
19190 18603
17260 20004
18732 19121
17829 19711
20028 16490
18545 19228
18786 19041
18752 19105
19243 18545
16277 20324
20045 16423
19898 17020
19327 18362
17191 20011
16510 20274
16730 20229
17788 19770
18515 19240
18362 19373
19287 18436
19682 17676
17446 19878
19835 17235
19274 18497
18315 19391
19382 18311
19472 18203
17329 19932
18553 19211
19168 18611
18882 18999
15964 20422
17524 19874
19813 17310
17749 19783
17116 20016
17729 19827
17532 19863
18609 19198
19725 17520
17794 19727
19397 18253
16346 20309
17974 19645
19098 18743
19700 17648
15726 20438
16795 20209
19608 17986
18699 19176
19532 18024
19455 18223
19652 17709
20053 16345
18611 19184
19806 17348
17936 19649
16889 20148
17052 20056
16545 20261
19754 17518
19498 18041
19649 17825
16413 20292
16976 20093
17757 19777
16650 20252
18236 19562
15998 20388
17579 19860
17441 19882
15982 20418
17909 19678
18277 19463
18639 19178
20021 16295
20008 16307
19959 16654
19683 17536
19968 16586
19937 16665
19851 17118
19879 16986
19838 17146
19780 17285
19757 17328
20004 16445
19767 17325
19700 17534
19960 16606
19835 17222
16943 20095
19479 18128
19790 17258
20025 16221
19022 18695
16742 20147
20023 16251
19457 18133
16738 20155
18914 18828
19538 17945
19999 16479
19773 17296
19875 17026
18978 18749
19355 18346
19602 17863
17241 20013
16737 20158
17995 19584
16852 20146
19003 18737
17551 19917
18868 18863
18756 19007
19436 18188
18635 19134
19992 16538
17217 20022
18368 19376
19808 17234
16935 20112
15726 20462
16414 20334
15972 20423
17015 20092
15967 20424
15953 20431
15889 20451
16028 20415
17069 20086
19115 18622
19510 18070
18517 19293
19528 18015
18328 19448
19443 18150
19503 18077
16141 20372
19935 16728
18801 18949
18619 19146
17977 19617
18107 19536
17837 19737
19563 17928
18748 19011
19362 18327
15896 20437
18204 19486
18073 19578
17571 19890
19905 16972
18203 19504
20011 16299
17740 19837
16480 20305
19281 18485
19174 18586
16527 20264
17528 19955
16675 20192
19213 18523
19586 17880
19717 17525
16493 20281
17987 19602
19917 16880
18533 19199
19652 17693
15806 20453
18226 19467
16225 20363
18873 18834
17200 20035
18935 18813
19622 17785
18663 19118
18359 19386
16431 20314
17154 20081
18701 19070
19177 18530
19664 17647
19081 18629
17402 19988
18703 19057
19628 17757
17693 19885
18596 19189
17796 19761
19309 18409
19526 18030
16664 20217
18792 18995
16619 20244
19998 16493
17882 19735
19407 18266
19640 17737
17309 19991
19522 18052
18491 19360
19490 18120
18145 19526
17777 19787
18267 19465
17726 19843
18974 18807
17963 19721
19745 17475
19009 18699
16726 20179
17990 19586
18862 18897
18851 18915
19057 18685
18839 18941
16885 20137
19680 17631
19931 16757
19881 16964
18793 18939
19057 18663
18982 18749
18969 18803
19061 18653
16418 20295
15778 20389
18901 18809
16629 20246
20013 16409
18782 18961
16043 20368
16668 20212
17022 20115
19107 18652
18680 19067
17334 19953
16866 20139
16761 20177
17208 19997
16331 20338
19900 16847
15923 20373
16666 20234
19588 17865
17300 19961
18376 19300
17029 20089
19974 16604
16793 20170
19109 18636
18253 19440
19691 17672
16769 20174
19967 16672
19994 16485
19800 17390
17287 19992
16461 20288
18304 19426
19649 17738
19003 18733
16565 20258
19755 17508
19989 16538
19922 16820
19676 17675
16946 20138
19849 17224
18737 19002
19036 18686
15875 20384
17842 19685
18214 19467
18692 19038
18626 19129
19054 18680
19549 17948
16742 20196
19439 18219
18301 19428
18480 19218
18900 18810
19321 18391
16403 20311
19905 16829
18893 18863
19467 18160
16506 20285
18747 18997
17032 20081
19516 17972
18429 19291
19401 18265
17685 19817
16361 20314
18109 19570
18166 19498
17582 19868
16301 20354
19334 18342
17958 19587
19735 17575
17341 19929
19133 18621
19180 18529
18332 19400
19990 16533
17949 19637
18986 18745
18371 19348
18548 19176
19557 17932
17782 19693
19643 17751
19569 17925
19619 17841
19657 17722
19509 18016
18563 19141
17141 20061
19261 18432
19499 18041
18717 19019
19033 18728
17477 19892
16844 20165
20050 16335
19891 16951
18544 19179
19867 16969
15606 20417
18042 19580
19513 17981
18171 19479
19671 17697
15584 20426
17061 20078
18700 19022
19398 18298
19731 17649
20006 16412
19354 18324
17772 19760
18148 19524
15635 20416
18363 19357
18914 18808
18147 19546
15650 20414
19189 18522
19854 17038
17462 19919
20036 16387
17473 19896
19239 18474
19584 17896
18441 19238
16177 20356
19573 17904
19822 17338
20018 16401
17957 19622
19210 18506
17330 19955
18827 18925
19492 18103
18470 19224
18413 19292
19942 16796
19563 17927
17447 19927
17626 19841
19155 18580
17888 19672
18957 18870
20048 16320
20023 16367
20058 16273
19320 18368
19283 18416
18962 18863
19021 18801
19811 17182
16137 20381
17186 20039
20044 16330
20029 16345
17692 19760
20033 16344
18980 18856
19740 17382
18795 19033
17131 20063
18950 18872
16859 20200
19989 16583
20039 16336
17013 20100
16930 20154
19731 17389
18779 19048
17052 20084
19867 17009
17651 19793
19298 18377
19743 17369
17163 20048
16694 20248
19190 18621
19794 17212
16901 20185
19204 18574
19760 17361
16784 20231
20021 16393
18743 19130
19466 18051
17654 19787
17580 19859
17023 20089
17646 19809
16059 20400
19802 17210
19729 17447
17936 19633
17637 19815
19408 18212
17021 20098
20022 16371
19181 18669
17549 19870
18296 19410
18497 19269
19081 18769
17382 19977
17154 20060
19960 16686
17865 19735
18923 18908
19107 18735
19394 18328
18406 19359
16361 20355
19026 18791
17208 20030
17634 19819
19875 16949
16975 20128
17912 19694
18680 19180
19619 17764
16364 20341
18111 19567
17766 19759
18418 19323
17486 19894
18902 18935
19016 18843
17082 20080
18187 19523
19445 18185
19209 18568
18501 19241
18227 19513
19365 18348
19585 17888
19902 16920
19285 18412
19727 17464
17314 20016
17463 19907
17786 19758
18748 19064
16203 20364
19410 18199
15478 20456
16801 20207
19942 16778
19296 18409
18615 19219
19246 18528
19714 17531
19593 17766
17508 19885
19922 16837
16163 20373
17681 19771
17932 19691
18308 19390
18328 19361
19649 17653
19554 17941
19511 18018
18123 19544
19988 16603
17997 19600
19110 18707
19685 17606
17359 19992
18801 19012
17042 20085
15613 20437
18444 19316
19846 17142
19856 17054
19692 17601
19648 17687
20008 16551
19459 18111
16534 20305
15758 20426
18568 19240
18624 19203
19788 17285
19859 17031
16672 20278
19591 17840
18084 19596
17460 19933
17959 19609
19216 18535
18493 19310
19869 17003
17600 19822
15565 20452
16440 20327
16680 20270
19711 17566
17450 19936
19778 17360
17954 19631
16498 20311
18885 18956
19069 18778
19657 17642
17480 19895
18264 19484
19272 18513
18862 18980
19643 17749
16204 20358
18851 19003
18988 18854
15424 20419
19387 18216
15512 20403
19192 18495
19257 18416
19447 18128
18297 19418
19347 18250
19342 18272
18506 19297
18503 19301
15467 20417
19305 18351
15829 20387
19990 16665
19997 16622
16787 20198
18293 19434
19523 17947
17804 19745
19148 18563
18625 19223
20033 16599
19988 16684
19906 17031
17878 19730
15950 20379
18349 19412
18143 19562
16506 20251
18177 19524
16722 20219
18258 19439
19928 16944
18582 19254
18901 18956
15507 20409
17596 19831
19469 18119
15452 20418
19341 18293
17859 19742
19903 17084
19441 18145
16407 20303
18345 19416
16635 20237
16777 20200
18613 19227
18257 19501
18557 19296
19757 17302
19777 17295
19797 17279
18609 19250
18354 19409
15958 20371
19664 17671
17097 20120
15805 20402
19052 18768
19935 16928
18125 19607
18735 19134
17651 19807
17571 19874
19704 17646
17044 20147
15393 20422
18950 18920
17474 19903
19963 16760
17505 19892
17255 20051
15814 20388
19639 17672
19817 17210
18227 19504
17175 20103
18012 19642
17469 19927
18402 19405
16277 20322
16707 20225
17606 19817
16894 20185
18961 18901
18171 19525
20043 16340
17959 19656
17332 19994
19386 18239
16492 20291
18791 19052
19175 18547
19948 16839
19093 18668
19917 16973
15911 20383
18220 19514
16681 20236
18995 18848
19976 16733
20039 16365
17449 19961
19105 18633
16725 20201
18933 18930
19219 18492
19750 17334
19318 18309
15367 20424
19504 18050
19532 17926
17931 19706
17608 19808
19631 17690
15352 20431
16135 20365
19226 18477
19242 18438
18166 19549
16970 20181
16228 20336
17788 19768
18892 19028
19617 17784
19280 18409
19628 17761
19075 18742
19421 18192
19868 17107
19748 17337
17049 20132
19088 18675
18770 19122
18675 19205
17720 19785
19591 17855
17712 19795
17197 20060
18559 19286
19184 18521
19728 17597
19021 18769
18985 18868
19849 17123
19745 17452
17473 19904
17339 19972
18501 19363
18076 19608
18633 19221
19295 18372
18703 19175
19141 18568
19514 18014
19572 17905
19474 17906
19537 17765
19504 17852
19426 18045
19163 18565
19430 17993
19144 18574
19475 17904
16901 20149
19539 17739
19486 17877
19452 17978
19567 17726
19498 17859
19209 18515
19260 18396
20041 16257
20014 16398
20037 16259
17807 19737
19632 17585
19512 17796
19386 18131
19222 18453
18959 18799
17865 19704
17947 19687
17990 19624
17980 19662
18696 19067
19995 16498
18108 19579
19198 18564
19636 17583
18268 19476
19151 18571
15705 20420
16071 20358
18890 18918
18938 18836
15689 20421
17569 19866
18419 19324
18077 19609
18940 18827
16098 20352
15738 20413
18442 19296
19116 18603
20034 16293
18491 19266
18308 19378
16685 20206
17585 19849
19247 18418
17348 20033
17363 19998
20019 16339
18329 19373
19211 18512
19444 17985
18283 19443
18373 19366
17150 20122
16853 20163
16613 20239
16507 20272
18732 19025
16645 20233
19225 18432
18759 19021
19065 18707
18131 19541
19134 18581
19950 16767
18831 18978
18807 19009
18925 18843
20036 16278
17184 20071
16159 20351
19601 17636
18042 19617
18780 19014
17584 19861
19856 17013
18298 19401
18952 18816
16294 20336
16955 20138
19046 18757
16056 20366
17160 20110
17634 19823
17325 20036
16674 20211
18679 19134
17628 19845
18390 19362
19569 17718
17239 20058
18812 18995
19919 16926
16042 20391
19419 18124
17734 19797
16492 20303
19383 18203
19690 17471
20045 16213
18284 19423
19354 18246
18523 19250
15671 20424
18723 19026
15803 20410
19111 18667
19224 18435
19344 18261
17426 19990
19993 16659
18688 19112
17182 20079
18224 19517
18301 19393
16660 20217
18422 19317
17539 19907
19219 18509
19069 18699
18608 19225
17672 19808
15890 20397
19367 18214
18555 19227
19792 17277
19618 17590
17014 20134
18721 19040
19594 17675
18395 19341
16234 20346
18372 19370
17477 19934
16545 20263
17436 19935
16851 20183
19082 18686
19981 16755
18835 18962
19679 17576
17973 19665
18285 19402
19850 17122
18004 19622
16838 20202
18302 19390
19941 16888
20031 16338
19286 18390
19724 17439
19890 16999
19470 17935
15876 20403
19524 17792
16500 20295
18916 18900
19022 18783
19807 17212
19770 17363
17775 19770
19745 17373
19694 17450
19340 18322
19869 17001
19990 16442
19991 16437
19973 16483
19960 16504
19985 16470
19486 17919
19750 17231
17022 20087
19845 16914
17258 19983
18189 19494
19581 17733
16408 20270
16396 20283
19780 17213
17608 19810
19867 16883
17516 19858
16383 20307
16979 20121
16925 20129
19613 17690
19724 17445
19692 17493
16557 20267
18476 19310
19636 17683
17779 19719
19810 17101
19749 17266
19228 18461
19203 18492
17881 19682
17929 19666
19857 16885
19673 17555
18822 18983
19897 16814
16685 20192
17480 19868
16627 20235
17170 20021
18858 18982
16991 20106
18446 19343
19967 16502
17540 19848
17994 19589
19017 18849
18009 19579
19148 18667
19094 18758
16631 20221
16242 20354
19275 18359
19868 16849
17337 19920
18639 19193
18905 18955
19730 17392
19522 17895
17326 19925
16729 20182
19927 16714
19232 18431
19957 16553
17214 20012
19427 18072
19316 18275
19056 18818
18736 19137
19346 18264
18290 19439
18930 18905
19595 17732
19832 16960
16751 20170
18157 19534
19110 18699
19952 16668
18713 19142
17839 19698
18598 19238
18418 19356
19098 18739
16650 20215
18797 19015
19799 17208
19385 18162
16324 20313
19082 18797
18636 19205
19569 17799
19814 17075
19293 18290
17845 19693
18609 19215
19004 18898
18776 19091
17939 19645
19736 17277
19776 17214
18204 19476
15668 20430
16190 20375
17317 19956
18567 19275
19822 17003
16123 20387
17149 20024
16787 20151
17404 19910
18122 19568
15774 20425
19528 17858
19688 17513
18708 19161
19800 17167
16128 20376
17601 19840
17982 19629
19813 17085
18810 19010
19641 17650
20002 16431
19021 18827
19437 18018
18392 19416
19135 18696
16321 20327
16664 20211
19330 18265
19854 16895
18284 19464
17454 19905
18694 19166
19482 17987
19265 18411
19651 17610
18453 19328
18428 19353
16305 20341
17771 19772
16769 20160
16806 20145
18492 19292
19676 17531
20043 16373
19303 18288
20031 16393
17106 20072
17474 19871
19356 18195
19196 18563
20017 16398
19359 18290
19352 18329
17813 19719
19619 17855
19603 17862
19735 17589
19927 17096
19557 17934
20030 16499
18225 19436
19682 17673
18224 19456
19962 16818
15629 20442
19304 18340
19891 17159
18023 19610
17775 19734
16126 20365
18335 19364
19705 17610
19821 17377
19362 18255
18981 18720
17065 20057
16964 20114
15823 20419
17051 20063
17015 20081
17921 19662
19522 18011
18113 19564
15646 20440
17876 19704
15851 20410
17117 20048
16398 20324
19637 17774
16283 20349
17463 19886
18665 19047
19033 18667
19106 18624
16941 20128
16304 20331
17477 19880
18782 18954
15853 20406
17606 19808
19037 18651
19527 17980
19188 18558
19068 18626
18554 19224
19770 17480
19939 17033
19751 17542
19769 17521
19729 17606
19923 17151
18446 19303
19555 17965
17114 20052
20001 16662
19701 17672
17027 20067
19252 18437
19648 17733
16160 20360
17696 19767
19240 18499
16710 20185
19284 18381
19950 17024
18588 19126
18466 19248
17526 19869
19932 17051
17761 19742
17663 19791
17948 19660
18611 19119
18845 18865
18719 19011
19471 18148
19493 18097
16701 20196
17961 19646
18691 19015
19274 18433
17461 19887
19398 18236
19837 17246
17714 19750
19501 18050
18153 19531
18317 19410
18972 18778
16883 20156
18196 19529
18788 18945
19863 17229
18623 19091
15786 20421
17908 19675
19808 17412
19823 17292
19496 18069
19316 18338
15699 20430
18366 19348
20022 16635
18999 18683
17544 19864
18478 19234
19834 17267
17969 19641
17721 19746
18814 18908
18612 19099
18883 18864
19798 17433
17411 19951
18115 19554
18006 19613
18828 18905
17672 19783
19977 16772
19876 17204
16534 20261
18571 19151
19319 18335
19387 18249
19127 18614
19575 17923
19564 17933
18339 19350
19027 18681
19444 18194
16412 20285
18679 19027
15953 20401
19483 18103
18255 19434
19666 17695
19665 17697
16041 20387
18386 19329
19844 17233
17602 19856
18998 18712
16458 20281
18894 18849
19663 17713
18941 18794
19510 18015
19674 17688
19204 18507
17444 19933
16837 20176
18467 19236
19599 17878
18202 19485
18222 19468
16399 20290
18391 19309
18455 19266
19296 18354
16094 20383
16022 20397
16771 20178
18136 19540
17261 20022
16595 20212
16940 20136
19865 17207
18769 18997
18975 18728
19791 17476
19639 17770
19960 16834
17318 20018
18638 19062
20025 16503
17195 20029
19990 16747
16989 20088
19531 17974
19725 17609
19461 18185
18062 19585
19770 17133
19465 18132
19982 16448
19966 16600
15701 20440
17881 19661
18984 18745
19442 18167
16002 20385
15773 20416
18954 18770
15746 20417
19627 17657
17973 19601
15623 20442
18229 19402
20021 16343
19798 17065
19646 17607
20038 16234
19723 17393
19622 17670
19334 18288
19474 18065
19780 17117
16100 20355
19492 18058
20040 16217
19967 16568
17898 19644
15738 20425
17946 19619
18431 19263
19521 17989
19536 17955
20032 16244
18788 18922
15505 20448
19376 18273
19856 16992
19703 17405
19673 17569
18322 19363
18030 19568
19938 16629
19520 17999
19974 16528
19925 16691
19811 17056
19983 16350
19995 16349
16307 20306
20031 16319
17809 19693
17893 19651
19540 17945
17877 19664
20025 16329
17295 19950
19268 18386
19035 18691
17287 19964
18912 18850
16570 20258
18144 19481
15953 20410
19270 18380
19549 17902
16302 20346
18074 19527
19226 18475
17156 20075
16420 20281
19741 17346
17213 20023
19188 18508
19449 18139
19617 17751
16375 20292
16747 20191
18019 19592
19694 17454
16626 20247
18741 18958
17444 19898
18637 19140
16782 20164
18824 18907
19154 18599
19746 17282
16688 20200
19863 16929
19910 16772
15583 20446
16328 20302
17348 19928
19662 17597
19267 18429
19077 18642
16539 20277
19161 18558
19326 18345
18645 19080
18056 19552
19179 18510
17185 20029
18952 18802
16572 20255
18706 18979
17004 20114
16643 20211
16727 20198
17758 19784
18123 19519
18688 19037
19880 16834
16850 20131
18257 19376
18209 19463
18366 19335
18771 18923
18827 18904
19178 18548
17403 19916
20036 16236
19866 16841
15483 20451
17800 19711
19894 16794
16655 20202
18447 19254
19769 17278
19053 18675
19676 17482
16544 20270
16036 20368
16330 20297
17268 20010
18685 19042
19575 17854
17782 19750
18988 18716
19593 17799
18965 18762
17534 19832
19550 17887
17517 19836
18743 18943
18424 19309
17935 19631
17143 20083
19314 18377
18529 19218
18613 19169
19174 18549
17971 19604
17553 19825
18466 19251
19644 17654
19847 17018
18570 19192
18752 18925
19441 18208
18318 19371
19056 18648
17516 19894
17869 19692
