23547 29785
27858 26935
25664 28896
27957 26856
25750 28840
27654 27196
25523 28944
27586 27258
28226 26369
26204 28509
27634 27221
27852 26994
25219 29097
29332 24306
25150 29114
23582 29780
25135 29149
25361 29056
25800 28781
25782 28821
23958 29683
27767 27077
29932 22855
28931 25338
27813 27054
27907 26916
25182 29113
25924 28637
25861 28735
29700 23432
29920 22924
27985 26834
29890 22976
28932 25300
29217 24739
27855 26954
28076 26630
25576 28936
29960 22831
29746 23319
24602 29424
27571 27285
26882 28095
29330 24379
25477 29038
25672 28856
27955 26886
28100 26567
27287 27780
28160 26422
28965 25201
28178 26394
27713 27152
24632 29378
23195 29876
23241 29875
23923 29685
27070 27954
27736 27123
27298 27729
27656 27178
29043 25199
27080 27836
28701 25851
27665 27173
24938 29265
23113 29882
23664 29756
26861 28109
29813 23200
29872 23130
26425 28478
26915 27971
26184 28552
26451 28414
25489 29029
27137 27835
29670 23601
27463 27498
27932 26900
29222 24655
23426 29821
29672 23486
24475 29555
29384 24237
28188 26392
24250 29640
23859 29713
26089 28583
28224 26372
25496 28946
26911 27997
28957 25217
28894 25520
29921 22890
27073 27935
23615 29765
27001 27970
25992 28633
25132 29168
26364 28500
26084 28595
28101 26540
29115 25152
24508 29444
29373 24295
27340 27651
24821 29300
26185 28529
23404 29853
24722 29319
26586 28289
28586 25951
25343 29096
26905 28058
27240 27795
23718 29741
23078 29886
27079 27837
27575 27268
28070 26753
29655 23632
29982 22609
25615 28916
29494 24062
26658 28288
26788 28179
27647 27202
28359 26263
29608 23822
26231 28501
29801 23313
23893 29695
27558 27299
25062 29171
27636 27217
24915 29277
25872 28701
24625 29406
25840 28761
25191 29100
26912 27975
28668 25921
28900 25461
29964 22725
28935 25292
27461 27524
28280 26318
27402 27552
23428 29788
27889 26918
29299 24622
29530 23849
28956 25254
25869 28703
27584 27260
24706 29376
26162 28573
30012 22527
26072 28617
26549 28380
28382 26218
28864 25719
29990 22549
29412 24120
25373 29042
25876 28644
28155 26518
29197 24950
29474 24111
29733 23399
24997 29226
27808 27055
28579 26162
28765 25723
28961 25209
28734 25733
29991 22543
24298 29601
26809 28127
27531 27447
29574 23845
25493 28989
29311 24452
29988 22582
29494 24060
27706 27122
28777 25648
29337 24371
29798 23116
29189 24725
29846 22968
29925 22801
29850 22914
28714 25739
29513 23990
23490 29821
26738 28260
29384 24234
29224 24612
29140 24964
28927 25329
28815 25518
29006 25146
27093 27920
23268 29894
29279 24565
29164 24761
29146 24793
26997 27986
25382 29040
28843 25408
28905 25390
23265 29916
29992 22549
28400 26274
23579 29787
28956 25189
23820 29724
29379 24362
27621 27317
26977 27988
23881 29722
24034 29709
27080 27926
29989 22598
23786 29747
26891 28060
27812 27009
24902 29353
27754 27067
27050 27975
29968 22735
29794 23347
26272 28632
23637 29764
29845 23002
23468 29838
27504 27396
29885 22816
25754 28886
28954 25203
29990 22593
25684 28940
29002 25152
24158 29640
24126 29697
29302 24433
29059 25114
23225 29924
27110 27904
27197 27892
29294 24472
27488 27456
25928 28787
25904 28840
29428 24191
23341 29892
25609 28998
27746 27109
28396 26298
28750 25691
26649 28352
26685 28332
23711 29762
29692 23491
26923 28019
24353 29528
25862 28883
24014 29712
29143 24897
29530 23881
26606 28418
26772 28206
24243 29590
25913 28826
23183 29927
28796 25633
29104 25011
28837 25508
24373 29527
28437 26254
23745 29755
27905 26967
27418 27532
27568 27373
25118 29257
27658 27220
29843 23101
29464 24073
23521 29792
25580 29030
29414 24224
25009 29298
27471 27474
28577 26001
27647 27228
28186 26749
25194 29168
28428 26260
29001 25153
24337 29586
25599 29017
29606 23858
29647 23624
26182 28722
28336 26415
28005 26834
28245 26621
28276 26526
25717 28899
29327 24407
29220 24693
29306 24417
26740 28230
28505 26234
29872 22878
26888 28155
29615 23670
27955 26951
29653 23492
24160 29609
24795 29386
25367 29118
24479 29524
25375 29063
27664 27201
28205 26693
26952 28006
28093 26833
23431 29878
24664 29426
26439 28580
25071 29262
28379 26337
29524 23904
24881 29379
26004 28762
28565 26163
24532 29516
29710 23408
23884 29714
27787 27030
25483 29035
26214 28669
24698 29419
28514 26181
23636 29780
25256 29127
26165 28734
26300 28581
26776 28194
28970 25159
29695 23439
27822 26983
23756 29748
25358 29123
26783 28179
28294 26418
24173 29604
26524 28444
27407 27719
28669 25880
25184 29218
26248 28650
27230 27729
27593 27371
27949 26962
28661 25957
25841 28870
26161 28598
29869 23124
26064 28643
29868 23155
23014 29901
23556 29775
24173 29631
23628 29732
24303 29548
29291 24533
29335 24474
27200 27799
27883 27081
28838 25560
29632 23672
23579 29741
29323 24500
26365 28496
23251 29827
27529 27557
23975 29676
25939 28755
28399 26383
29660 23598
28883 25431
29325 24497
23576 29752
29301 24516
28147 26754
27038 27999
24839 29297
25646 28947
23191 29855
29299 24529
26853 28152
27571 27545
29619 23806
24109 29651
29650 23642
28210 26709
26324 28535
28515 26378
29968 22922
29402 24228
27156 27843
27181 27824
29397 24329
26239 28571
27085 27908
26086 28642
27470 27639
25706 28939
25749 28904
27712 27336
27798 27224
28365 26512
28374 26399
29478 24166
27769 27327
29514 24046
24244 29615
23742 29722
27065 27951
29433 24218
28684 25959
27066 27931
27545 27553
27091 27903
27497 27613
25065 29182
28106 26865
27794 27305
26999 28109
28669 26006
24310 29508
22979 29925
28124 26827
28798 25654
24708 29446
29525 23976
28081 26914
29969 22766
25901 28821
29466 24184
27908 27075
28874 25553
28134 26788
22922 29945
29095 25187
28328 26559
26546 28484
29264 24876
24475 29477
27135 27901
27642 27499
24770 29334
28731 25840
23082 29887
27209 27797
29730 23526
22959 29929
24935 29278
29584 23857
29814 23402
29762 23456
29889 23108
23227 29846
28730 25851
28005 26951
27949 27021
29197 24976
29369 24422
29135 24988
25469 29097
27857 27215
27661 27410
28821 25568
25604 29036
28566 26179
29983 22753
28800 25580
23430 29784
27995 27001
24750 29371
24868 29294
28318 26581
26850 28220
24834 29316
29459 24190
29726 23588
27600 27501
22933 29934
23113 29858
29741 23494
28959 25422
28174 26713
29487 24136
29013 25262
28718 25910
24295 29559
27694 27390
26749 28366
27314 27764
29782 23429
24226 29620
26603 28418
27418 27756
28114 26862
26191 28582
25260 29142
28391 26393
28996 25268
26054 28733
27045 27994
28963 25295
28655 26035
27459 27702
28524 26197
29245 24929
26434 28492
26972 28125
29533 23916
25103 29174
24786 29322
28262 26652
25930 28802
27328 27761
28592 26151
23820 29710
27657 27494
27882 27084
29770 23433
25615 28956
27864 27154
30002 22728
23049 29891
26143 28625
28782 25720
29348 24436
23323 29812
29858 23396
29385 24408
29266 24773
29910 22997
27772 27310
25056 29265
28631 26042
26086 28794
29799 23161
26087 28761
26789 28239
26153 28721
28786 25728
29689 23390
28896 25532
26903 28104
27074 28008
26864 28187
25922 28868
26066 28803
25488 29048
27092 27973
29164 24983
29870 22751
26383 28595
28905 25433
29727 23318
29357 24463
24315 29540
27418 27704
27266 27805
29331 24584
29733 23229
26325 28597
29911 22687
29424 24212
25477 29050
27813 27168
29725 23378
27678 27381
28609 25933
24448 29505
26882 28143
29859 22827
26910 28089
29819 22989
25426 29107
28047 26954
23560 29771
29872 22723
27231 27813
27559 27453
27037 28031
29610 23562
24304 29545
26300 28626
24609 29471
27759 27241
29385 24410
23546 29826
29850 22969
27966 26961
25638 28997
29282 24791
29811 23063
29077 25231
26446 28550
29869 22766
29319 24690
28138 26718
25700 28918
27705 27344
28078 26847
26213 28719
28737 25901
24760 29363
26964 28078
24840 29301
29912 22628
28100 26835
29056 25344
29728 23268
27536 27580
27298 27714
24073 29625
24758 29422
27209 27912
24907 29280
23474 29832
25564 29036
25078 29188
29924 22626
28518 26259
29274 24917
29571 23925
27971 26958
28319 26516
26648 28504
27449 27658
29585 23693
24798 29307
29405 24239
28134 26782
29394 24285
24210 29569
27774 27194
28584 25973
24635 29433
24535 29489
25047 29203
24000 29658
25865 28906
26972 28044
26968 28073
24524 29492
29940 22593
24560 29478
28622 25928
29474 24124
23695 29701
23599 29752
28116 26783
24215 29553
24933 29276
29666 23490
27992 26955
28192 26686
28757 25811
29583 23782
26754 28385
24935 29218
24133 29598
26547 28527
27756 27289
23678 29725
27949 27003
23553 29804
23100 29944
29603 23604
25418 29116
25053 29191
28107 26798
29154 25221
28253 26627
29762 23205
23209 29894
28414 26432
25314 29120
24443 29508
28272 26544
26896 28110
27597 27430
28855 25660
27713 27320
29933 22607
23198 29907
27132 27959
27892 27054
28985 25427
29518 23997
29788 23194
29825 22985
29908 22718
23279 29863
24063 29653
25253 29161
26818 28205
28565 26201
26804 28236
23950 29692
26221 28686
23110 29918
26296 28640
27297 27755
26483 28528
25155 29184
28254 26623
28451 26264
24177 29562
29416 24486
29486 24275
29150 24888
29522 24106
28198 26611
28118 26657
24564 29376
29402 24529
29490 24219
29900 22355
24136 29572
27705 27182
25736 28860
25553 28949
28668 25903
25764 28855
28046 26744
28115 26659
28445 26323
25870 28804
29265 24770
23288 29835
28703 25824
28846 25584
24336 29524
29352 24533
29430 24391
25947 28703
25669 28925
29673 23908
29893 22394
24174 29566
25158 29204
25772 28853
26034 28682
26500 28408
28420 26325
23728 29707
28225 26568
28326 26403
29738 23701
23566 29780
26372 28503
28929 25410
24972 29220
27277 27826
28504 26255
26183 28604
28958 25402
29185 24827
24034 29623
23981 29668
25211 29172
26215 28586
28058 26736
27788 27174
26726 28270
26539 28387
26713 28284
24792 29293
26354 28529
27446 27546
23818 29679
24853 29254
25200 29189
24641 29353
29188 24802
26854 28178
23248 29862
28702 25862
26388 28435
24720 29327
26306 28576
29794 23635
25642 28936
28078 26715
28535 26133
29910 22343
26732 28241
29266 24725
29160 24839
24369 29520
24965 29245
28341 26390
26951 28086
27923 26845
26479 28422
27288 27706
26074 28643
27090 27950
28506 26169
28838 25641
26966 27989
25230 29150
24700 29331
29587 24054
28907 25546
29310 24631
28849 25576
29551 24079
29050 25133
25064 29211
28655 25977
27094 27894
27568 27389
25912 28765
26856 28139
24042 29608
28889 25564
29889 22405
23814 29702
29891 22401
27669 27232
23425 29790
28099 26671
29048 25343
25706 28902
28348 26372
29261 24778
24788 29295
25805 28811
26967 27986
26842 28224
29309 24639
24436 29493
29735 23735
27617 27260
27713 27180
28561 26057
29480 24366
23355 29822
25735 28868
26631 28367
29878 23265
24199 29534
27821 27086
25542 28963
28293 26502
29138 24902
26420 28429
28624 25982
29006 25357
29951 22213
27612 27371
23152 29873
25639 28940
28924 25490
27219 27890
29911 22310
25492 29020
29509 24154
29519 24123
29923 22296
24263 29525
25804 28822
28792 25795
26881 28092
28749 25820
28174 26626
29644 23938
26861 28110
27683 27205
23357 29821
28686 25882
29085 25104
28127 26655
29933 22253
24482 29424
29306 24693
27910 26908
27389 27606
23175 29871
29943 22240
25361 29120
29883 22467
27072 27978
29350 24614
26381 28446
28307 26471
23213 29866
26953 27991
27849 26929
29578 24071
25915 28712
26168 28618
27372 27698
27472 27521
25737 28857
27506 27439
29595 23944
28032 26843
25455 29026
27846 27035
28689 25865
29500 24215
26682 28303
28247 26540
23688 29753
24736 29326
29484 24284
26896 28091
27396 27562
26984 27983
29927 22255
27800 27143
29117 25067
29359 24532
25370 29100
24451 29450
26085 28625
29873 23310
25522 29013
23496 29814
23641 29811
29892 23102
23435 29864
24691 29423
28778 25895
29047 25464
23760 29798
23276 29909
23644 29803
29810 23660
28652 26149
29410 24643
29367 24703
29480 24307
29131 25268
28710 26092
23339 29891
30010 22832
23194 29918
28563 26221
26280 28604
29968 23001
28828 25820
29941 23022
28799 25835
28666 26102
27148 28014
28598 26203
25529 29031
30009 22841
28670 26099
29850 23514
24206 29583
29864 23225
26398 28526
26231 28671
29722 23840
28514 26315
29787 23757
30005 22870
29884 23110
29450 24509
27316 27840
30000 22977
30012 22697
25797 28875
23470 29827
29370 24652
28853 25809
23990 29665
29214 25156
29289 24819
25219 29235
25722 28926
29037 25466
29877 23172
29262 25015
26666 28437
27902 27123
28266 26729
28860 25695
25466 29099
24392 29564
25281 29191
24573 29519
27393 27803
29222 25036
29273 24893
24594 29471
29911 23086
28365 26495
23442 29838
29679 24049
25514 29098
27420 27689
29673 24050
28988 25499
29321 24812
27914 27107
27046 28043
26827 28332
27769 27459
25056 29306
27994 27041
29538 24301
23354 29878
29282 24863
29690 23880
27663 27570
29081 25454
26815 28378
24185 29616
27264 27927
27055 28038
26370 28548
29643 24076
27606 27668
24952 29348
27813 27374
27517 27670
27064 28031
29451 24436
28072 27026
29824 23639
28214 26811
25134 29301
29759 23781
27922 27078
29449 24601
26022 28862
26236 28608
29479 24428
24699 29419
26788 28422
24251 29577
26935 28276
28283 26682
24279 29574
29271 24938
28361 26663
29173 25220
27997 27031
29060 25459
25925 28870
28362 26543
30041 22655
28290 26677
25237 29225
25321 29178
28911 25614
28513 26487
23952 29701
27617 27592
24160 29663
26568 28486
28251 26774
29552 24296
27455 27683
26161 28744
27044 28168
27664 27527
26220 28736
28529 26299
29708 23860
25664 29020
28112 26942
29125 25328
26285 28590
27943 27057
23947 29767
30021 22685
26111 28810
29604 24099
23821 29770
28544 26293
24884 29399
28757 25949
24725 29408
28958 25613
25716 28970
27691 27513
28604 26185
26324 28561
25776 28894
27885 27315
28970 25512
29590 24262
24681 29451
28789 25879
27376 27797
28498 26453
28964 25567
28426 26475
27898 27234
27242 27856
29035 25400
24416 29448
29048 25397
29452 24673
28760 25920
29129 25288
29525 24613
28804 25810
28698 26085
27241 27884
27266 27850
27148 27991
28600 26210
29299 25047
24359 29464
29666 24209
29890 23317
29674 24039
29971 22934
24683 29329
27078 28088
25542 28923
29980 22861
26893 28152
27411 27730
28861 25687
29449 24686
25518 28987
27855 27308
27746 27323
28388 26654
28252 26679
29892 23298
28035 27102
29981 22765
28935 25592
29201 25143
29531 24423
28837 25736
22992 29856
29776 23688
23592 29755
28007 27158
28536 26357
26721 28316
23029 29842
26677 28371
28603 26141
25371 29068
23647 29746
29950 22971
24189 29568
25441 29007
25409 29035
27224 27905
30022 22706
29410 24785
24303 29542
29768 23803
24319 29477
23693 29679
29613 24272
23327 29838
27611 27571
28528 26371
28041 27027
27031 28103
23826 29658
28144 26878
29527 24447
27745 27533
26779 28279
27605 27651
23730 29674
27782 27314
29864 23654
29670 24064
29793 23656
24247 29545
27306 27824
29745 23971
29877 23527
30013 22741
27608 27626
28392 26499
29458 24622
28235 26786
29752 23892
24612 29355
29991 22750
28101 27019
25214 29122
28867 25684
27878 27244
24056 29639
27977 27167
27511 27682
24796 29311
29389 24794
28245 26716
28550 26321
29368 24823
25068 29140
29701 23976
29645 24253
26759 28281
29225 25078
26973 28137
28745 26033
25937 28832
29653 24213
26200 28628
28875 25662
29178 25270
30004 22749
24987 29253
26380 28553
29882 23496
29453 24644
25634 28885
27944 27227
28124 26957
22964 29869
24533 29421
28758 25953
26120 28657
28391 26515
28631 26137
24816 29305
27539 27675
28851 25734
23405 29776
29424 24779
28655 26125
29942 23204
24671 29351
28134 26889
26549 28399
28886 25661
26215 28569
28176 26863
26020 28743
29096 25351
28595 26283
29588 24417
26863 28213
28242 26743
29006 25500
29896 22863
23504 29832
25546 28909
29873 22952
29742 23305
23510 29791
29617 23844
25390 28990
23193 29911
29552 23899
23324 29837
28220 26366
27367 27484
29812 23268
23214 29866
27316 27549
23308 29852
27534 27320
25176 29134
27670 27098
27165 27658
23820 29694
25790 28672
26729 28009
26787 27979
23150 29933
29686 23580
25424 28956
29834 23256
29847 23180
29883 22892
27565 27264
25743 28674
23664 29754
26169 28505
23109 29944
28815 25480
29462 24033
27417 27396
25493 28940
24135 29572
28389 26191
28802 25531
23833 29688
24102 29596
28559 25918
23552 29786
27659 27109
26219 28408
27441 27384
23853 29669
25122 29170
29382 24252
24318 29498
28481 26113
27714 27065
29366 24278
27100 27693
26916 27871
26183 28436
23706 29750
27576 27251
28599 25856
24074 29653
27604 27147
24849 29357
25791 28656
27350 27521
24944 29266
25710 28714
28556 26037
26727 28020
26649 28114
25236 29090
29739 23372
29150 24839
27587 27179
26046 28571
26517 28190
27053 27804
27243 27647
29046 25049
25588 28862
28183 26436
27013 27820
26126 28515
23632 29785
24450 29490
26512 28228
29745 23288
28270 26330
29672 23803
24911 29309
29449 24115
28316 26214
27406 27476
28029 26757
25333 29021
28292 26275
28537 26071
26962 27821
28740 25543
24207 29539
26779 27986
26895 27935
26372 28350
28953 25282
28724 25613
26621 28119
24511 29468
24230 29518
24170 29554
26348 28393
27921 26819
24982 29223
29137 24914
27293 27557
29867 23068
26919 27866
28402 26169
25730 28697
26102 28528
26903 27886
29300 24539
29583 23896
29180 24749
28607 25838
28609 25773
29163 24755
26496 28265
27938 26801
24964 29243
26939 27839
27077 27754
29929 22712
27801 26955
24672 29368
23283 29863
25925 28651
28678 25769
26480 28297
26618 28170
29050 24998
29438 24197
24305 29508
28423 26118
23718 29744
29154 24835
29930 22620
28165 26564
29390 24232
28418 26159
25701 28851
29901 22859
25517 28916
28094 26593
26362 28354
29944 22614
29525 24021
23725 29722
23749 29704
27747 27007
28065 26685
28580 25868
27525 27346
24159 29561
25015 29219
29032 25100
27872 26843
28308 26219
28867 25363
29254 24739
26717 28099
28267 26340
23105 29948
29355 24449
26527 28185
27492 27363
28287 26292
27854 26920
24590 29382
25725 28710
29927 22829
29800 23302
29888 22725
28490 26121
29832 23076
29900 22665
25795 28746
24446 29365
26775 28133
28063 26823
29812 23282
26385 28383
27524 27483
28600 25956
29648 23753
28321 26420
28536 26015
28904 25388
29757 23456
25990 28623
26796 28091
28832 25538
27121 27884
27036 27944
26328 28492
29682 23572
26946 27968
24645 29343
28501 26046
24164 29541
25044 29137
24703 29315
24326 29516
29736 23533
29926 22634
29306 24781
24890 29175
25946 28709
29482 24100
29864 23044
28552 26002
26921 28037
27166 27854
28783 25664
29098 25164
24813 29222
29543 23910
29653 23591
28735 25744
28461 26132
29672 23586
29957 22538
25900 28714
26626 28246
29089 25172
26652 28212
28830 25552
28129 26777
29512 24050
29949 22539
28313 26502
24848 29178
26586 28257
28821 25632
26260 28497
27301 27773
23618 29682
29455 24224
28602 25911
26452 28304
24826 29190
29027 25204
29875 22786
26096 28587
27626 27439
27091 27923
28444 26199
29651 23703
24705 29256
28880 25423
29243 24960
27095 27906
27516 27494
29774 23320
24445 29404
28427 26301
25749 28793
28061 26898
28878 25445
28244 26633
28441 26243
26543 28275
29164 25162
25798 28735
27231 27826
29547 23903
29046 25194
29325 24743
26466 28298
28191 26716
23849 29679
25712 28832
25802 28724
29647 23895
23594 29773
24342 29447
27313 27723
28169 26737
28086 26784
24086 29577
29925 22646
26360 28459
27485 27660
23270 29860
23310 29806
27184 27846
27584 27471
27260 27786
29192 25061
26537 28296
26418 28306
28380 26407
29865 23023
25225 29134
25972 28650
25263 29061
27934 27139
27156 27883
27735 27385
28260 26545
26895 28065
27004 27947
27707 27401
28667 25906
29538 24001
23963 29648
24600 29356
27185 27831
28925 25358
29938 22582
25683 28918
28754 25696
29007 25241
29447 24518
23600 29704
25440 28983
26937 28021
24419 29424
27771 27240
27897 27225
27747 27294
23036 29924
23055 29897
24960 29170
27994 27010
28442 26225
28914 25385
23321 29777
26727 28183
27162 27869
28691 25889
24260 29540
28695 25779
28873 25509
26255 28568
27946 27108
29246 24952
28992 25353
29935 22625
28998 25288
29399 24716
25541 28938
23095 29891
29453 24459
29932 22965
29925 22991
29973 22816
23199 29878
24967 29255
28941 25352
29869 23207
28909 25368
23142 29886
29866 23272
23244 29867
28915 25357
23580 29759
23932 29653
29704 23678
25274 29027
29759 23620
26296 28500
27641 27340
29794 23362
29210 25004
29262 24874
25066 29152
23939 29629
29247 24913
23954 29617
27516 27419
26207 28592
24769 29410
27545 27405
24815 29377
26065 28621
29976 22772
23522 29778
24777 29389
24562 29440
23308 29848
29114 25080
29687 23886
23941 29618
29791 23613
26740 28122
28393 26302
25038 29153
29462 24436
25808 28762
27514 27474
24610 29427
28709 25665
26107 28614
28804 25514
28956 25349
29065 25191
27182 27728
27496 27544
28603 25909
29971 22927
23986 29603
28960 25278
28369 26402
29158 25052
29648 23906
29336 24724
23073 29927
25395 29009
27572 27347
27916 27069
28715 25636
23034 29929
23074 29908
23206 29873
24127 29602
29583 23947
26041 28629
23859 29714
28554 25984
28871 25504
26991 27915
28010 26894
26941 27941
23878 29676
25888 28741
26288 28564
24469 29462
28706 25675
29300 24824
28136 26793
29609 23939
24884 29317
23414 29839
28386 26361
24186 29532
25025 29221
27564 27361
27709 27313
23470 29827
28533 26006
29529 24196
28076 26805
29463 24299
29573 24068
23960 29614
25272 29108
25751 28849
29092 25109
25373 29024
27063 27913
29692 23750
23627 29742
29753 23628
28088 26804
28637 25822
28785 25601
29506 24246
24916 29265
29235 24977
29890 23133
28287 26672
23729 29730
25793 28771
28710 25650
27802 27244
28176 26768
29391 24574
27145 27812
27290 27698
28760 25629
27242 27724
28999 25237
24329 29528
28054 26850
24391 29474
24933 29264
25995 28732
23519 29784
26958 27925
28874 25410
24158 29538
26485 28356
25898 28739
30003 22635
25067 29123
25560 28960
27986 27029
28962 25249
25701 28883
28001 26923
27853 27115
25616 28951
28261 26742
24870 29325
25485 28963
27737 27281
27320 27635
26922 28107
25153 29121
29190 25017
27066 27826
28341 26607
26928 28035
27152 27805
23102 29907
28790 25522
25408 28984
26012 28665
28455 26175
29999 22674
25844 28757
26833 28116
26704 28205
24143 29552
26358 28469
27826 27164
28625 25835
27445 27587
29733 23676
26535 28341
27785 27271
28527 26029
28879 25372
26006 28668
28575 25969
24655 29424
28526 26121
27632 27341
23904 29657
26292 28504
26564 28235
28685 25792
26718 28130
27316 27636
28437 26275
29395 24548
25464 28981
29911 23063
29998 22763
29479 24290
26538 28290
28519 26155
29320 24739
24452 29493
29099 24763
25394 29086
25188 29205
26965 28050
25409 29062
29043 24869
27974 26720
26798 28245
23460 29830
24506 29461
25333 29109
23491 29814
25894 28825
27461 27436
27655 27264
27196 27811
26148 28675
27023 28011
27738 27149
29277 24474
23581 29790
27971 26733
26058 28701
26839 28144
26636 28292
27844 26987
23495 29806
26043 28712
27038 27982
24861 29335
26380 28560
27776 27031
28174 26635
27294 27756
24105 29615
27950 26793
27926 26900
25233 29158
26053 28706
29051 24856
24571 29422
28418 26297
29336 24297
23836 29693
23778 29726
23649 29755
27786 27000
29654 23470
23706 29751
25259 29125
26624 28316
27562 27350
28517 26087
27317 27735
27145 27867
29490 24122
26717 28266
29804 23233
28486 26094
26857 28123
29321 24301
26753 28255
28597 25953
29255 24508
23236 29858
29056 24834
27454 27495
25911 28818
29815 23118
29378 24239
26394 28559
25367 29090
28905 25390
28668 25858
23271 29852
26093 28679
27888 26963
26444 28492
27919 26914
28434 26269
26818 28237
28354 26319
28293 26430
25029 29254
26630 28293
27721 27195
26852 28142
28962 25242
28044 26711
28475 26098
24226 29576
26012 28811
27933 26825
29035 24904
29505 24007
29541 23792
23384 29838
24346 29568
27170 27851
27658 27234
25888 28830
26514 28479
29060 24779
25717 28971
26561 28360
25792 28938
28632 25895
23299 29843
29756 23289
26419 28506
29911 22884
24577 29419
28949 25249
24019 29689
26568 28348
28910 25322
29619 23730
28881 25475
28467 26103
29893 22978
28873 25487
28285 26453
26875 28104
27184 27843
23241 29857
24586 29417
29894 22912
29519 23842
27398 27607
29926 22865
27417 27548
27449 27518
26732 28259
28457 26245
25588 29048
29440 24205
29559 23770
23404 29837
25075 29238
29534 23833
26522 28413
24685 29406
29831 22992
24764 29383
27970 26787
27781 27009
29932 22840
29195 24762
28837 25615
27076 27979
29808 23146
29308 24338
28574 26028
26620 28332
29739 23465
26859 28118
27976 26715
29028 24949
24885 29298
28771 25652
29939 22815
26054 28705
29209 24673
28351 26369
28753 25675
26941 28090
27335 27698
28273 26554
28334 26423
29870 22983
29826 23094
29807 23191
27287 27768
26662 28279
26025 28785
28935 25312
25835 28834
28713 25759
29302 24470
27629 27325
28699 25839
29956 22734
29954 22798
24699 29402
25696 28981
25811 28880
26901 28094
25008 29261
29005 25149
29254 24645
29643 23680
25794 28936
26292 28665
24079 29665
27544 27435
29506 23921
27090 27885
29916 22523
29959 22192
23462 29748
23100 29877
29895 22641
29921 22400
27485 27561
23529 29746
27460 27648
23356 29806
29629 23713
29746 23128
26581 28295
25760 28757
29792 22914
23576 29721
29714 23401
29823 22780
23326 29839
23151 29860
23170 29840
23166 29846
29093 25058
29493 24028
23461 29751
25812 28752
23969 29678
28851 25652
29512 23913
27422 27658
29758 23107
23614 29711
29278 24422
23332 29824
29815 22895
23133 29869
25696 28847
29838 22684
25419 29007
25749 28844
28406 26541
29896 22544
29858 22669
28548 26257
24233 29554
25588 28945
26103 28612
28651 26044
29624 23774
24035 29677
24598 29434
29785 22965
29575 23833
29548 23879
25941 28699
26045 28690
27269 27786
29934 22325
23781 29691
29145 25008
25537 28952
24991 29157
25616 28906
26361 28452
29360 24406
23448 29789
29206 24719
29958 22305
28248 26678
29658 23419
26089 28642
29501 24019
24951 29254
27128 27863
28462 26419
29274 24442
29651 23646
28479 26365
26521 28310
27385 27745
29387 24260
28990 25302
24984 29176
25603 28933
25937 28727
24299 29536
27931 27112
28368 26572
28558 26251
28958 25330
28826 25845
26714 28267
25121 29141
27849 27211
24197 29642
24968 29208
28595 26083
29050 25274
28834 25670
29267 24638
27873 27143
28516 26306
29058 25098
27752 27396
27973 27087
23093 29903
28300 26672
26637 28279
25336 29109
26512 28346
28441 26516
24722 29403
26286 28474
27587 27482
23347 29816
24559 29439
27399 27714
28953 25431
25829 28732
26219 28523
27651 27454
26402 28409
24391 29490
27096 27864
27798 27357
24835 29331
28230 26766
24375 29515
25047 29152
29211 24684
24885 29329
26200 28557
28562 26208
24360 29520
27268 27859
27808 27288
28137 26873
24557 29486
28894 25567
27077 28084
26482 28393
26898 28165
28349 26619
29186 24917
25301 29127
28707 25952
26119 28596
26742 28200
29481 24071
23411 29790
24766 29345
27990 26947
29474 24226
29874 22930
29881 22885
29932 22732
29960 22696
29938 22720
29830 23198
23573 29783
29924 22767
23008 29864
29827 23213
29927 22739
26532 28331
29812 23239
29964 22639
26455 28407
25185 29139
26776 28193
26494 28396
29917 22878
29926 22743
29835 23190
26409 28494
26506 28345
29538 24001
28912 25358
25926 28730
29971 22617
29961 22665
25706 28869
24869 29337
23378 29806
28106 26768
27770 27263
29487 24148
24527 29454
24986 29263
26502 28353
28108 26698
25713 28866
27998 26878
24167 29577
24922 29294
24422 29488
25013 29236
24322 29494
27406 27665
27327 27715
23622 29733
29144 25009
29987 22612
25171 29145
25681 28946
29469 24219
27954 26979
24032 29655
24275 29507
27749 27321
27976 26941
24269 29543
29095 25026
28627 25940
26441 28444
25730 28813
29779 23570
29996 22544
29939 22719
28116 26697
28074 26830
27626 27394
29685 23828
26449 28421
23733 29726
27538 27413
29379 24449
25688 28882
24063 29630
29349 24518
29433 24322
24932 29285
27148 27892
29849 23093
25934 28694
26312 28517
24505 29461
27055 27933
27857 27086
29461 24236
25909 28734
24465 29462
28577 25973
27291 27717
29993 22573
26145 28631
28895 25382
25109 29185
27126 27917
25674 28998
28297 26476
29921 22772
23571 29801
23225 29853
29992 22611
30004 22518
25263 29121
28023 26840
27784 27259
22964 29886
29661 23965
29039 25234
27196 27818
26066 28667
29868 22983
27290 27726
28638 25812
25587 29027
27456 27616
27475 27574
28861 25432
27234 27769
23874 29715
27536 27468
27820 27228
23144 29859
29339 24580
25224 29124
26239 28589
27139 27904
27580 27404
27515 27523
28545 26244
28557 26153
23442 29804
24221 29574
25843 28809
27732 27365
28808 25548
29086 25111
24749 29386
25320 29100
25167 29161
29146 24969
23902 29662
26125 28664
26267 28538
26264 28569
26950 28160
23273 29838
25052 29200
27839 27152
25846 28805
28410 26407
27000 28044
29890 22879
22967 29871
26571 28325
27858 27084
29261 24870
29580 23998
25868 28735
28708 25793
27040 27988
27941 27016
28999 25277
26717 28195
28789 25666
28560 26000
29087 25038
29388 24337
26657 28291
29513 24143
23002 29866
28210 26696
28794 25611
26805 28161
26951 28114
24140 29620
29212 24928
25223 29132
27347 27682
25513 29065
24157 29596
28845 25511
23619 29769
29531 24031
29968 22626
28374 26394
27958 26848
28266 26489
28462 26145
28263 26497
24406 29527
28259 26498
23348 29899
29218 24840
23413 29837
28551 26037
23402 29898
24527 29490
29901 22961
26999 28011
29910 22821
23451 29825
29945 22651
28631 25923
29941 22819
25268 29168
27103 27956
26977 28051
27367 27747
26693 28294
23671 29807
28428 26322
29268 24806
24423 29522
29535 24305
29944 22693
29109 25135
23756 29791
27127 27934
29190 24884
27299 27782
27652 27332
24452 29501
29135 25065
29155 24959
26930 28087
29178 24958
29596 24141
29608 23861
28593 26007
28993 25193
28503 26112
27189 27826
27656 27272
28715 25828
29656 23680
28921 25318
26821 28292
28694 25841
25284 29143
26595 28404
28296 26420
28293 26433
28562 26009
26206 28710
28909 25417
29970 22645
26084 28805
28307 26408
27478 27553
28449 26277
28600 25937
29011 25170
27022 27995
27027 27972
29876 23252
25658 29004
26334 28594
30003 22544
23867 29783
26652 28331
27571 27473
29004 25191
26302 28625
26647 28332
24786 29424
26404 28546
27457 27640
28853 25666
25175 29237
27890 27017
29776 23517
26564 28483
28760 25822
23328 29902
23500 29814
24429 29510
25970 28827
29841 23266
26395 28580
27472 27558
28655 25915
26577 28419
27083 27960
27859 27051
23437 29833
27509 27548
29735 23561
26911 28125
29140 24975
29272 24774
29802 23402
24348 29535
24909 29417
23410 29865
29679 23654
29612 23830
29305 24683
25395 29094
25959 28911
29603 23943
29983 22578
24754 29446
23249 29910
25597 29039
26407 28539
27390 27741
28538 26051
28149 26712
23178 29914
26261 28675
29210 24880
27360 27775
27453 27641
27425 27712
27732 27261
23117 29917
27007 28001
28903 25505
29066 25141
29991 22561
26604 28384
29815 23381
26169 28757
27190 27816
26630 28363
27254 27815
28460 26154
27183 27894
27535 27534
27782 27141
28285 26451
29990 22573
26541 28487
28232 26659
28508 26080
29261 24831
24999 29353
29981 22579
29295 24687
29720 23652
27818 27102
27257 27806
23075 29935
27763 27211
28980 25305
25065 29247
26399 28552
27562 27531
29658 23660
24938 29360
25875 28946
26507 28525
28400 26391
24748 29475
24243 29701
29500 24398
27619 27450
28229 26684
27168 27919
24467 29494
26892 28217
27930 27010
28252 26557
29593 24291
27953 26933
27957 26862
29380 24661
28147 26808
24326 29595
25924 28925
29416 24447
29380 24248
27918 26771
28014 26746
29347 24320
27481 27400
28507 26211
23406 29732
23070 29794
29308 24379
22977 29828
23449 29694
28368 26305
23256 29781
26097 28690
28549 26012
27562 27332
27950 26751
28148 26521
29868 22778
28293 26402
27410 27527
28225 26510
28673 25847
25921 28763
27708 27158
29086 24885
27644 27275
23824 29608
29372 24253
23741 29625
28270 26454
28774 25515
28459 26215
25790 28861
27875 26863
27378 27594
28121 26614
28527 26067
29751 23431
29400 24222
27931 26767
22970 29839
27596 27296
29594 23810
25648 28958
27124 27863
27851 26920
29405 24201
28322 26345
28278 26415
28839 25502
25984 28709
28854 25442
22989 29816
27430 27446
23068 29807
25401 28964
29280 24537
29870 22670
25265 29110
22936 29848
29859 22947
28068 26624
28133 26552
28769 25676
29635 23791
27901 26804
26540 28262
29889 22660
25071 29135
23479 29683
29289 24444
25206 29121
25378 29068
29008 25309
26957 27990
26580 28257
22996 29812
28739 25700
29412 24182
29709 23465
29564 23865
29687 23593
22985 29821
29365 24311
27580 27307
26588 28254
28127 26588
25397 28977
23538 29649
26407 28352
29840 23114
24009 29589
29553 23965
25116 29124
27027 27928
29211 24694
28061 26627
28671 25981
26946 27992
29959 22515
29012 25255
26497 28343
26841 27995
24584 29356
24551 29388
29174 24858
28035 26664
28609 26009
25960 28720
24441 29476
26621 28246
28633 25993
25700 28939
27744 27113
26765 28187
29979 22506
24380 29477
25865 28782
26261 28604
26632 28197
25044 29285
27138 27836
29407 24184
26292 28496
24265 29523
28388 26252
28966 25366
29554 23894
29986 22420
25750 28891
27301 27662
25066 29174
29256 24627
27015 27946
29794 23216
29531 24077
29070 25064
24655 29351
25099 29134
29576 23843
27265 27793
29930 22655
26315 28487
29131 24883
29550 24074
27533 27366
27849 27075
29071 24890
29019 25160
29502 24169
26379 28485
29317 24356
24457 29435
29942 22632
23711 29648
23801 29615
29842 23026
24083 29561
26819 28084
28033 26717
29035 25066
29003 25331
23338 29768
25777 28875
27474 27442
22923 29899
23408 29715
23797 29624
24937 29328
25115 29132
28146 26542
28359 26190
28000 26741
28063 26629
28391 26093
28382 26160
28327 26249
23723 29818
24236 29549
26696 28179
23470 29866
26217 28610
28639 25770
29643 23572
29316 24320
26455 28369
29313 24400
29690 23471
25924 28796
25943 28757
29872 22882
25847 28797
26737 28151
25238 29126
29333 24288
28816 25327
29325 24299
25195 29130
29923 22744
29645 23508
29508 23934
28269 26407
29526 23921
26973 27959
27481 27449
29278 24457
25428 29017
28351 26226
26178 28671
25511 28950
29456 24144
26635 28278
25331 29091
24055 29691
29571 23828
23149 29956
23784 29787
26318 28469
30003 22538
29726 23317
25776 28827
28846 25247
25495 28980
28134 26551
29742 23316
25316 29097
26933 27977
28791 25382
28709 25638
25657 28832
23288 29925
27285 27776
29463 23977
23180 29942
23167 29947
26582 28297
26665 28216
29264 24493
23307 29884
27078 27941
27401 27536
26284 28516
26853 28077
28101 26584
27164 27817
29747 23284
25395 29035
23802 29783
26412 28408
26886 28033
28299 26289
28765 25455
23204 29939
25418 29034
23974 29745
26396 28452
28599 25858
25040 29215
24084 29676
29501 23962
29213 24693
29848 23158
26815 28138
29965 22600
27673 27227
26553 28309
29774 23238
26640 28229
28566 25881
24016 29716
29260 24500
27368 27602
27352 27604
29926 22659
23522 29858
25124 29199
28649 25658
24133 29659
26527 28343
24149 29599
29795 23168
23068 29966
29964 22623
29893 22837
26044 28723
27073 27946
25946 28742
25166 29140
23609 29824
28407 26052
29986 22581
25556 28941
27477 27460
26227 28604
27789 26976
27610 27437
29031 25027
24466 29478
26073 28680
27113 27864
29863 22913
27974 26789
29015 25137
24140 29601
24881 29257
26462 28350
27037 27951
28799 25373
29775 23214
29118 24915
27097 27894
29365 24223
24852 29318
29179 24762
27349 27614
28739 25594
27289 27770
29694 23375
24173 29570
25948 28728
24375 29502
27396 27565
29153 24838
27317 27755
26249 28556
27753 27158
25622 28926
27656 27291
27704 27196
27892 26904
29303 24423
26259 28520
28209 26489
29691 23431
25140 29160
27787 27107
29214 24691
25002 29241
24286 29533
27761 27139
28030 26701
28893 25170
29357 24243
23851 29766
29460 24017
26727 28175
26688 28209
27858 26966
27137 27849
29252 24629
24608 29383
26444 28377
29609 23682
27943 26879
24553 29462
24630 29367
25651 28860
27431 27524
28502 26016
25458 28964
28612 25973
29916 23018
25237 29127
24944 29293
29845 23229
30009 22544
23571 29855
28038 26838
30012 22510
23144 29961
23276 29950
24696 29388
28009 26920
25208 29141
28063 26836
23896 29731
28104 26709
30015 22505
25305 29067
23568 29872
25167 29167
28740 25813
29077 25361
28122 26685
25507 28947
27211 27823
29331 24744
23739 29815
25526 28908
27593 27410
29659 23777
27695 27310
28960 25563
24925 29310
28962 25483
25290 29109
29243 24840
29282 24818
25902 28686
28875 25643
25090 29269
26966 28084
27508 27488
28626 25961
28030 26845
25867 28696
24684 29458
26959 28087
26114 28579
25525 28927
25921 28662
29709 23700
28596 26024
25849 28751
23809 29757
28372 26381
27762 27270
28092 26821
27886 27063
29869 23108
23921 29703
25143 29235
27819 27161
25604 28900
26483 28350
26827 28158
27422 27639
25803 28795
26715 28247
28994 25475
28026 26850
27470 27506
29626 24062
24390 29576
26344 28434
25406 29021
26447 28402
29485 24408
29542 24324
26683 28257
29190 25136
27537 27431
27393 27706
29422 24418
24286 29675
27157 27906
26735 28215
26899 28113
29238 24918
25598 28903
23428 29907
27420 27646
28438 26256
29021 25425
25824 28790
24849 29341
26436 28421
28425 26368
28725 25879
29576 24157
24289 29649
24415 29565
29675 23710
26037 28652
28192 26678
26212 28504
27290 27715
28270 26557
29223 24976
27121 27978
28257 26583
28625 25968
28117 26694
24426 29516
26666 28327
24710 29384
28512 26236
25755 28851
26423 28428
29914 23022
27806 27164
29843 23264
29807 23418
24230 29676
25736 28856
23118 29966
23497 29876
28785 25791
27270 27769
28275 26540
26168 28514
29148 25216
28325 26457
29386 24651
28095 26719
27603 27398
27447 27592
29840 23339
29420 24611
24133 29700
28650 25913
27433 27599
28566 26027
24768 29380
26747 28164
27827 27154
25926 28653
27654 27368
26831 28147
28919 25599
28323 26501
26842 28118
28837 25701
28581 26026
26042 28650
30000 22883
27488 27499
24452 29504
29303 24765
26338 28486
28522 26149
23664 29844
27497 27490
29126 25355
24582 29483
26902 28101
27523 27478
28565 26115
25634 28863
27164 27891
29155 25182
30008 22699
28362 26423
27279 27725
29340 24726
27051 28071
28687 25899
28874 25651
28805 25724
29376 24673
29756 23621
28001 27032
27872 27150
28898 25169
23514 29729
29582 23841
26726 28171
26766 28151
28559 25882
28744 25594
26388 28415
26443 28380
23248 29814
23994 29601
23969 29624
24621 29422
28093 26658
24608 29433
26346 28469
29564 23843
29247 24722
24398 29489
26076 28639
29128 24894
29193 24788
29909 22911
24360 29498
23650 29724
23237 29867
29280 24541
23952 29654
29960 22681
26087 28609
26784 28116
29228 24766
29059 25002
23720 29693
26051 28642
26149 28586
24766 29379
25954 28740
24492 29463
24833 29318
29846 23051
25273 29146
28647 25801
25419 29123
27674 27243
24314 29509
28970 25138
25581 28930
28833 25338
27967 26922
28269 26355
24568 29440
23375 29809
24516 29449
26572 28293
29050 25016
29115 24917
27109 27905
29139 24854
29882 22940
29885 22936
29263 24638
26814 28091
24221 29562
27407 27564
29040 25027
27770 27159
23500 29776
25113 29151
29746 23658
29920 22739
27740 27231
27168 27879
27273 27721
27215 27831
27601 27441
29421 24363
27446 27534
26765 28166
28714 25633
28451 26134
26644 28241
27769 27218
26459 28315
24090 29575
25646 28872
27739 27233
29800 23182
26155 28566
28879 25210
29915 22797
26427 28388
26381 28432
27831 27121
26448 28344
26675 28210
25559 28980
26637 28243
29700 23764
29857 23013
23995 29595
25515 29005
26162 28518
28228 26442
23326 29811
26049 28686
26038 28728
26866 28076
27356 27635
27591 27516
28006 26870
28819 25478
27669 27259
28359 26200
27996 26889
30001 22542
24376 29497
28932 25154
26186 28497
29862 22967
29818 23162
28798 25497
27663 27306
27645 27349
28864 25248
25659 28870
28056 26758
28326 26333
27826 27127
29108 24953
27907 27028
24678 29395
27359 27633
23245 29843
27088 27952
28349 26240
29371 24478
25846 28865
28709 25791
29446 24354
25896 28783
26867 28070
28990 25086
25461 29054
28254 26366
28863 25336
29542 23893
24771 29320
26684 28174
23171 29882
27337 27682
29019 25056
29784 23287
23048 29886
25112 29206
29380 24409
28029 26794
29524 24230
29530 24024
29994 22614
27048 27995
28767 25593
29761 23371
29930 22707
25071 29314
29916 22788
29590 23832
29968 22629
28262 26358
28620 25835
25184 29150
25640 28916
28187 26656
28886 25173
27892 27029
28553 25919
30015 22523
25292 29124
29114 24930
28079 26665
28212 26506
26794 28109
29827 23160
27241 27756
23018 29888
27274 27708
28828 25371
29621 23816
26250 28481
28509 26041
28935 25142
23978 29604
29342 24539
29083 24977
28420 26141
29869 22949
28033 26784
28534 26011
27683 27233
29940 22853
29823 23139
29513 24299
28466 26187
29056 25237
26624 28394
29820 23207
29789 23462
25879 28833
28923 25662
27810 27146
27612 27279
28873 25683
28957 25488
28916 25682
29067 25217
29446 24512
27324 27613
29051 25290
29938 22924
27580 27322
27344 27607
23207 29870
27833 27072
28667 25956
25661 28969
28244 26553
28242 26680
26201 28610
28116 26796
23738 29694
27625 27252
29880 23082
29777 23615
26080 28749
25964 28823
26858 28251
28686 25875
29793 23349
23626 29725
27944 26860
28818 25822
26269 28602
29608 24212
29120 25176
29020 25342
27907 26960
27721 27183
29805 23327
26900 28158
29321 24749
26492 28506
28572 26047
27941 26911
29989 22808
29945 22838
24698 29468
28940 25578
28498 26155
28970 25414
23132 29879
27222 27853
29903 22997
27004 28066
30012 22727
26936 28112
27517 27415
28602 26018
23566 29742
27123 27998
27316 27635
29100 25190
29387 24568
29406 24532
29405 24537
25697 28967
25319 29123
25312 29130
30015 22698
29338 24642
28235 26705
27474 27422
27422 27513
26505 28451
27604 27287
29034 25293
25237 29142
27073 28001
27262 27711
28360 26466
23579 29732
28024 26835
28738 25837
28688 25869
29996 22729
28148 26738
28995 25408
29900 23037
25763 28919
27526 27358
25642 29065
24109 29616
29993 22736
24916 29327
25787 28910
26787 28347
27161 27866
29796 23329
26088 28706
28364 26451
24350 29587
29721 23673
24894 29350
24679 29509
28843 25784
26365 28571
29702 23868
23503 29743
25733 28929
29826 23108
25860 28839
27288 27692
28832 25799
29916 22974
23104 29910
28246 26542
28424 26410
28551 26145
29267 24805
24830 29356
28461 26321
29507 24453
24611 29528
29133 25139
26852 28304
26559 28443
26946 28109
23326 29854
28042 26830
28317 26532
29224 25037
29234 24877
25579 29117
23107 29893
25801 28855
29159 25076
24237 29598
27864 27071
29470 24474
24098 29646
23918 29693
24819 29432
29659 23939
25186 29319
27576 27333
27414 27524
29227 24891
26585 28435
26057 28813
27379 27574
29055 25275
23501 29810
26181 28697
24226 29604
29380 24608
23470 29842
29930 22944
25217 29157
29169 25064
28544 26152
28870 25695
23121 29840
23198 29809
24647 29366
25167 29156
29909 22932
25205 29122
23164 29820
23131 29824
24468 29435
23047 29870
23037 29880
24349 29519
23830 29680
23978 29585
23444 29772
23881 29614
28925 25585
29473 24285
23020 29882
29927 22672
29587 24081
26393 28527
29039 25303
29543 24138
29095 25267
28382 26475
24271 29536
29214 24967
24733 29336
25298 29096
28317 26476
29937 22655
29102 25156
27099 28056
24025 29576
25178 29155
29632 23786
23857 29658
29406 24373
29874 23023
27842 27276
29218 24948
27464 27613
28460 26390
27848 27236
28571 26222
25475 28989
27789 27287
29302 24834
23108 29863
23422 29780
28661 26110
29388 24406
23993 29580
28960 25409
24576 29432
27022 28163
29596 24065
23078 29865
23463 29750
28027 27024
29512 24211
29271 24835
29251 24932
27438 27691
26725 28393
29116 25148
27113 28016
24460 29436
27064 28151
27000 28168
28999 25370
28871 25690
28639 26125
24383 29469
28942 25481
29837 23089
24434 29451
26522 28523
28914 25611
29606 23948
25165 29183
23490 29710
28093 26994
25472 29051
23012 29888
27205 28000
29989 22562
24230 29551
25564 28977
28032 26998
25436 29054
26206 28689
24723 29341
25888 28936
27228 27955
23480 29741
26715 28444
24159 29568
28127 26854
27451 27648
29760 23430
26363 28615
25124 29217
29059 25272
27570 27603
29653 23632
29630 23908
29446 24347
25093 29271
26143 28695
25349 29076
26267 28672
26840 28326
28747 25899
29858 23039
29956 22565
29648 23707
25946 28779
23492 29706
29740 23461
26372 28594
26376 28551
26646 28480
24879 29327
27711 27513
28567 26273
29481 24260
25925 28831
26545 28497
29194 24995
28674 26096
23484 29730
26087 28727
29689 23479
29762 23349
27586 27515
27158 28002
27717 27387
26086 28755
26880 28270
28172 26743
28147 26786
29329 24691
29933 22671
27986 27154
28506 26302
28758 25759
25640 28969
28282 26635
29945 22573
28108 26884
29383 24607
29826 23252
27401 27764
29954 22568
28231 26724
29846 23068
28308 26494
26930 28229
28296 26614
26786 28377
28715 25905
27422 27699
27771 27307
29266 24864
23250 29796
25308 29080
26110 28696
27086 28149
29996 22499
26333 28624
27720 27339
28597 26208
29919 22701
29684 23596
28171 26759
27581 27598
27899 27222
28477 26327
28706 25912
29415 24369
27124 28013
27383 27929
29177 25044
26826 28362
