9617 8768
7632 10035
8442 9860
9769 8340
9736 8464
8051 9958
9812 8175
9828 8127
9498 8945
9331 9194
9700 8620
8190 9936
9674 8638
7672 10034
7454 10068
9690 8633
9640 8733
8596 9788
8916 9561
9287 9244
9624 8762
9402 9089
9241 9300
9794 8287
8023 9963
9799 8241
9778 8326
9294 9226
8356 9905
8638 9764
8400 9875
8012 9965
9104 9413
9150 9368
8044 9962
9719 8525
8319 9908
9849 7970
8214 9927
8046 9961
9224 9331
9306 9197
8288 9912
9406 9077
8240 9922
9643 8705
9867 7817
9706 8582
7518 10066
9345 9150
9557 8875
7677 10029
8392 9881
9492 8999
9806 8193
9166 9356
7847 10008
9878 7755
9837 8072
9501 8941
8225 9926
9185 9352
9540 8922
9710 8526
9564 8849
9552 8918
9592 8832
7998 9986
9244 9295
9030 9492
8692 9726
7788 10015
8349 9907
9170 9353
9335 9171
7380 10070
9683 8634
8230 9925
9151 9363
9147 9395
9439 9073
7947 9998
8458 9853
9465 9031
9251 9287
9003 9499
9880 7649
9236 9306
9391 9121
8833 9631
9149 9377
8077 9952
9112 9408
9866 7865
9386 9133
9064 9450
9627 8757
9262 9275
7860 10005
9053 9470
9079 9433
8538 9824
8722 9717
9227 9319
8823 9654
9297 9222
8664 9750
8843 9630
8455 9854
9840 7983
7255 10071
8906 9574
9874 7766
9187 9344
9765 8359
9744 8445
9401 9091
9560 8852
8678 9747
8209 9934
8071 9956
9270 9254
9163 9359
9130 9401
8493 9837
9554 8898
8734 9697
7951 9988
8439 9867
7739 10020
9523 8937
8682 9729
9755 8421
8796 9675
9865 7929
8425 9868
8962 9554
8866 9608
8586 9815
8760 9696
9531 8935
9600 8818
8255 9913
9452 9057
8993 9537
9559 8858
8658 9753
8778 9677
9093 9431
8882 9581
7989 9987
9042 9478
9669 8673
9763 8392
8999 9509
9611 8781
8179 9940
8912 9567
8723 9716
7590 10065
8373 9883
9584 8838
9768 8351
8155 9950
9776 8264
9802 8175
9562 8812
9685 8508
9688 8505
9680 8519
9572 8787
9679 8531
9386 9096
9843 7950
9287 9246
9296 9217
9871 7675
9712 8462
9723 8432
7549 10061
9718 8451
7727 10017
9439 9034
9581 8769
9274 9256
9739 8376
7407 10089
7439 10085
9820 8096
9646 8636
9354 9170
9291 9222
9711 8475
9606 8747
7693 10024
9167 9357
8849 9646
7591 10054
8830 9682
9340 9177
7883 9986
9759 8343
9597 8761
8463 9847
8713 9748
9106 9456
9611 8746
8870 9637
9466 9002
8559 9813
9552 8830
8994 9573
8836 9666
9673 8568
9748 8353
9744 8362
9337 9210
9731 8431
9429 9071
8876 9624
7503 10068
9084 9474
9683 8514
9805 8163
9237 9312
9674 8559
9818 8124
9737 8398
9089 9472
7858 10002
9551 8894
8664 9768
9625 8723
9447 9029
9042 9482
9574 8782
9643 8663
8809 9691
9028 9507
9593 8764
7537 10065
7129 10093
8323 9900
8288 9902
9870 7696
9774 8304
8802 9708
8953 9606
9370 9132
8927 9623
9031 9495
7680 10039
9655 8611
9796 8184
9626 8692
9145 9390
8413 9871
8784 9713
8599 9808
9532 8921
9515 8930
8861 9644
9650 8616
8215 9930
8115 9952
9381 9098
9853 7910
9040 9493
9647 8618
9271 9290
9816 8157
9841 8018
7876 9999
9569 8788
8958 9603
9118 9437
8135 9944
8226 9921
8977 9577
8061 9959
8744 9734
9817 8135
8042 9978
9791 8261
8685 9755
8604 9787
9702 8487
9478 8993
7776 10006
9210 9332
9358 9137
9695 8490
8487 9841
9830 8080
9157 9368
9230 9314
9459 9015
9822 8088
9402 9094
8378 9882
8873 9636
8121 9948
8501 9839
9378 9117
7943 9985
9854 7876
8623 9773
9627 8690
9501 8963
8965 9583
8738 9738
7772 10007
9888 7672
7274 10092
9494 8985
9002 9547
9071 9478
9021 9517
9862 7833
8418 9855
9200 9344
7881 9988
9018 9541
9138 9436
9045 9481
9198 9351
8264 9917
8609 9785
9473 8996
8690 9749
8519 9832
9019 9540
9397 9095
9831 8041
7186 10090
7322 10082
7763 10035
9875 7702
7187 10088
8149 9954
7620 10059
8620 9778
9886 7573
7246 10087
9043 9463
8517 9810
9628 8714
9499 8946
9729 8470
9885 7585
7753 10041
9405 9062
8057 9976
7698 10042
9814 8201
8834 9646
8684 9730
9763 8364
7809 10024
9415 9048
9858 7856
8769 9693
9762 8398
9241 9264
9767 8363
9268 9232
8296 9926
7934 9998
9726 8491
9791 8255
8844 9633
8335 9903
9687 8626
9737 8422
9029 9488
8947 9583
8246 9930
7552 10078
8326 9923
9796 8220
7849 10014
8429 9872
9869 7750
9393 9115
9402 9090
9536 8918
9340 9189
9784 8333
9232 9282
9260 9239
8670 9749
9768 8346
7286 10084
8225 9940
8874 9622
8204 9953
8233 9934
7678 10046
9477 8975
9442 9041
9839 7987
8147 9956
9567 8820
8906 9608
8937 9591
9323 9192
8552 9809
9370 9142
7925 10006
8132 9973
8982 9549
9031 9469
9837 8087
8631 9766
9638 8708
9866 7798
8814 9684
8022 9989
8755 9716
9378 9117
9603 8753
9601 8779
8342 9900
9035 9468
8655 9758
9657 8668
9224 9295
8391 9893
9019 9504
9724 8521
9403 9076
9734 8435
9360 9163
9371 9125
9013 9532
9828 8132
7777 10027
8885 9614
9404 9070
9709 8544
7939 9997
9287 9225
8408 9876
9487 8967
8565 9800
9849 7986
8118 9975
8863 9625
9818 8177
9452 9018
9790 8273
9021 9497
8680 9744
9623 8729
9104 9445
9140 9393
8471 9854
9728 8475
9212 9315
9120 9420
8771 9688
9469 9009
8512 9828
7843 10020
9598 8805
9731 8443
8739 9726
9855 7911
7964 9995
9292 9212
7593 10061
8952 9564
9501 8919
8458 9857
9201 9353
9554 8885
8611 9788
9607 8742
9562 8848
9025 9492
8824 9661
9749 8402
9169 9375
9881 7644
9884 7641
9876 7679
9887 7455
7358 10060
9227 9325
9286 9258
9383 9137
7359 10058
9863 7849
7436 10057
8203 9928
9213 9330
9666 8633
9864 7787
9220 9328
9116 9432
9875 7712
9622 8747
9527 8936
9653 8666
8310 9898
9448 9042
9740 8506
9762 8398
9313 9209
7963 9973
7343 10073
9371 9154
9709 8536
8049 9969
8250 9909
9312 9221
8051 9963
9542 8897
9768 8328
9689 8564
9801 8250
8427 9845
9515 8963
7594 10036
8636 9755
9440 9076
9354 9163
8610 9782
8158 9944
9724 8515
7956 9982
8656 9741
9545 8880
8379 9873
8164 9929
9334 9199
8396 9869
8561 9811
8436 9836
9626 8732
9537 8914
9572 8846
8468 9829
8968 9540
9655 8641
7982 9971
9446 9051
7872 10003
9824 8137
7698 10019
8356 9880
8595 9789
8220 9922
8774 9691
9748 8457
9475 9009
9637 8714
9231 9300
7900 9995
9605 8776
7621 10023
9825 8081
9781 8270
8425 9852
9395 9119
8922 9571
9870 7741
9009 9511
9059 9483
7753 10017
8364 9878
9809 8187
9154 9412
9418 9089
8433 9839
9687 8582
9388 9123
9101 9445
9072 9473
8868 9633
8950 9555
8969 9538
7600 10034
9200 9343
9833 8062
8095 9961
9774 8315
9005 9523
7166 10080
9165 9397
9698 8541
7306 10079
9356 9161
9849 8014
8697 9716
9512 8986
9503 8990
9695 8556
8781 9686
8590 9796
9860 7859
8285 9901
9339 9170
9636 8731
9413 9093
7567 10049
9193 9350
8649 9745
8634 9777
8799 9670
9777 8310
9055 9502
9351 9168
8833 9662
8906 9612
9856 7978
8785 9673
8962 9548
8331 9882
9727 8511
9113 9440
8531 9816
9612 8760
9333 9208
9142 9431
8943 9569
8684 9735
9243 9275
8985 9530
9880 7677
7893 9998
7499 10053
9260 9262
9024 9505
9591 8825
9563 8873
9259 9268
8722 9714
8743 9703
8669 9740
9251 9269
8843 9639
8505 9826
7589 10047
9086 9456
9241 9299
9549 8877
8977 9536
9815 8154
7781 10013
9184 9372
7834 10009
9752 8399
9287 9240
9667 8622
8530 9823
9484 8997
8756 9698
7091 10087
7132 10083
8646 9750
9784 8282
9363 9114
9362 9115
9465 9022
9426 9061
9395 9091
9528 8936
9888 7656
8916 9611
9497 8966
8903 9635
9452 9028
8963 9558
9529 8919
8485 9840
9209 9310
7133 10099
9434 9042
9558 8879
8922 9593
8717 9730
9370 9108
8709 9738
9718 8522
9871 7752
9554 8883
8453 9856
7426 10072
9318 9176
8383 9887
9546 8888
9647 8740
8439 9881
9586 8827
9236 9300
9359 9128
7487 10068
7584 10052
9072 9474
9695 8543
9658 8652
9655 8682
9617 8797
9813 8175
9585 8849
9009 9548
8189 9941
8109 9955
8826 9661
9688 8579
9500 8955
7761 10014
9315 9197
8715 9736
9468 9017
9804 8185
7331 10087
9667 8631
9777 8309
8836 9655
9501 8938
8464 9855
8496 9830
8675 9781
9343 9151
9221 9304
9869 7807
9025 9530
9736 8467
8643 9804
7173 10089
9041 9494
8053 9966
8331 9900
9469 9000
9121 9415
9818 8134
7865 9991
8494 9831
9045 9485
8564 9827
9182 9342
9394 9103
7655 10043
9584 8866
9306 9205
9357 9150
8703 9739
9204 9313
9251 9245
8971 9556
9834 8095
9848 8087
9203 9317
9614 8809
9685 8625
8792 9710
7721 10031
8828 9658
9864 7907
9753 8421
9778 8283
8904 9613
9261 9236
8683 9752
7820 10004
8450 9865
9776 8351
7574 10059
7851 9997
7726 10030
9142 9410
8811 9663
7702 10033
8030 9969
8202 9939
8684 9747
8649 9792
9484 8972
9416 9065
8977 9554
8881 9649
9174 9393
9863 7940
9622 8747
7886 9987
8987 9551
8943 9584
8770 9724
9250 9272
7759 10019
8805 9690
8918 9595
7581 10056
8291 9925
9086 9441
7850 10001
8100 9956
9587 8816
9832 8126
7714 10032
8484 9854
7799 10005
8321 9920
8074 9962
9882 7724
9265 9232
9829 8130
7955 9984
8952 9576
9253 9244
9297 9231
7977 9973
9149 9404
9814 8160
9181 9387
9117 9428
9062 9484
9340 9174
8590 9816
8183 9944
9702 8542
7789 10012
9795 8270
9869 7761
9046 9500
9004 9542
9163 9378
8343 9897
8279 9904
8962 9581
9015 9520
9182 9335
8973 9559
9252 9277
8603 9789
9843 7928
9207 9327
8220 9922
8871 9648
8853 9667
8760 9699
9121 9417
8309 9898
9343 9165
9679 8529
8709 9734
9352 9163
8526 9825
8278 9906
9099 9442
9227 9291
8697 9738
9055 9487
9514 8928
8881 9635
8895 9628
9148 9385
9845 7920
8618 9776
9817 8177
9017 9518
8823 9678
9698 8511
9110 9435
9186 9331
8426 9862
9468 8944
8492 9829
7679 10040
9237 9284
7614 10056
8217 9936
8755 9715
7610 10065
9196 9330
9829 8059
9443 9009
9548 8863
7479 10071
9604 8718
9808 8187
8121 9940
9728 8444
8965 9563
9594 8741
8508 9826
9534 8878
9756 8360
9181 9354
9836 8033
8813 9684
8635 9773
7615 10054
8464 9847
9255 9266
9733 8430
8250 9915
9069 9465
8424 9866
9458 8997
9601 8725
9628 8683
8917 9613
9648 8639
8976 9552
8394 9869
9681 8520
9848 7860
9236 9287
9877 7722
9751 8369
7462 10087
8730 9723
9081 9457
9423 9051
9396 9083
7990 9980
7825 10017
9827 8129
8111 9959
8245 9917
8589 9797
9666 8563
8906 9626
9216 9317
9467 8993
9789 8219
9682 8514
8608 9782
7667 10053
9483 8942
9041 9508
9175 9374
8953 9598
8473 9842
8368 9883
9103 9439
9078 9463
8100 9969
9563 8828
8357 9884
9708 8506
7876 10013
9866 7853
9339 9172
7813 10027
7978 9994
9056 9480
8828 9675
9618 8695
9714 8472
9663 8585
8680 9739
8649 9770
9431 9022
9550 8862
9653 8598
9790 8212
8122 9937
7676 10043
8654 9760
9776 8248
8010 9976
8021 9971
8721 9724
9128 9414
9726 8468
9311 9246
9712 8478
8748 9717
8571 9824
8774 9693
8455 9857
7816 10024
9006 9526
9138 9410
9217 9305
9365 9113
9888 7697
8254 9907
9841 8015
9774 8260
9631 8670
9872 7745
9337 9204
9384 9112
8678 9747
9590 8782
9243 9278
7480 10066
9637 8646
9011 9522
8026 9970
9772 8311
7687 10033
9568 8783
9746 8413
9889 7675
8073 9939
7878 9986
7453 10062
8028 9955
8927 9573
7557 10054
9280 9200
7966 9967
8999 9536
9871 7818
7255 10080
9711 8518
9052 9459
9753 8405
9815 8211
9859 7922
9832 8168
9865 7910
8802 9673
9792 8322
8116 9929
7515 10055
7912 9973
7892 9974
9015 9496
7891 9978
9843 8047
9275 9203
9732 8496
9595 8714
8957 9565
9065 9445
9763 8373
9296 9182
7606 10052
9573 8756
9737 8459
9801 8269
9223 9293
9769 8352
9238 9272
9292 9191
7434 10068
7669 10038
9853 7955
9741 8422
9742 8409
9271 9245
9124 9388
8078 9938
9866 7831
9092 9426
8854 9639
8178 9917
7742 10036
9715 8514
8680 9739
9583 8733
7806 10020
9880 7704
8051 9949
8910 9583
7980 9966
9710 8524
7206 10081
9631 8698
8920 9580
9846 8004
8589 9766
9113 9391
8560 9777
8891 9585
9818 8196
7887 9979
9668 8613
9024 9489
9539 8813
8889 9589
9697 8563
9389 9064
9111 9399
9173 9354
7400 10075
9168 9360
7865 9999
9462 8994
9584 8726
9667 8640
9614 8708
9641 8663
8341 9871
9514 8880
9685 8570
8516 9808
8447 9844
9358 9128
8500 9818
8551 9798
8322 9901
9051 9463
9463 8974
8087 9937
8622 9763
9527 8838
8465 9825
9674 8587
9736 8466
9067 9431
9366 9100
9421 9043
8657 9749
9261 9258
8394 9860
8022 9963
9589 8724
9215 9336
9158 9375
9833 8135
7815 10012
8530 9802
8444 9851
9061 9458
8126 9924
9376 9068
9315 9172
9359 9120
9399 9048
8794 9699
8835 9648
9232 9289
9533 8827
8762 9708
9556 8804
9879 7792
9489 8932
8709 9721
9346 9149
9406 9044
8362 9865
9047 9482
8448 9838
8564 9775
8886 9626
8246 9915
9580 8748
9435 9026
8692 9738
9034 9486
9220 9314
9568 8784
8664 9747
9064 9493
8783 9679
8836 9650
9210 9344
8988 9559
8620 9772
9477 8967
9553 8861
8513 9815
7784 10031
9363 9145
9096 9446
8612 9773
8757 9715
9393 9088
7837 10017
9239 9300
9236 9308
9285 9258
8910 9616
8451 9850
9014 9535
8848 9639
8164 9933
8658 9751
8776 9709
9380 9114
9439 9024
8147 9958
8631 9761
7515 10062
8975 9574
8409 9875
8722 9726
9727 8453
8244 9931
8888 9625
8374 9876
9277 9272
8146 9959
8732 9723
9712 8525
8447 9854
9341 9159
9604 8781
9453 9022
9153 9410
9463 8968
8439 9865
9543 8874
8690 9735
9514 8909
9867 7759
7706 10039
8478 9838
8543 9808
8870 9631
9718 8494
9591 8817
9249 9289
9565 8859
9566 8847
7785 10029
8440 9859
8680 9740
7502 10064
8998 9536
8593 9788
9426 9054
8083 9965
9866 7868
9843 7962
9634 8724
9611 8748
8539 9814
7946 10001
8488 9832
9684 8652
9167 9369
8503 9821
9593 8799
9745 8438
8640 9756
9692 8558
9776 8302
7986 9981
9860 7901
8918 9601
7632 10054
9704 8534
9302 9214
8823 9664
8641 9754
9122 9428
9598 8790
9809 8199
8148 9936
9431 9036
8071 9967
8346 9893
9112 9431
9051 9508
8276 9915
9644 8701
9404 9068
8319 9900
9688 8567
9389 9103
9540 8900
9764 8380
9491 8964
8358 9877
7430 10073
9784 8298
9796 8220
9886 7732
9223 9324
7678 10049
9750 8403
9203 9358
8948 9600
9836 8076
8600 9787
7882 10008
8465 9842
9078 9470
9290 9254
9502 8926
7818 10023
8035 9969
8950 9582
9400 9082
8821 9669
9166 9388
9887 7455
8863 9633
9097 9439
9045 9515
9549 8862
9338 9206
9605 8768
9775 8357
9089 9450
9270 9280
9849 7941
8577 9792
9653 8655
9827 8146
9229 9318
9161 9395
8326 9895
9293 9246
9367 9117
9795 8241
9741 8449
9143 9414
8262 9930
9788 8269
9381 9104
7422 10080
9519 8904
9650 8676
7494 10071
9581 8830
9196 9366
7891 10002
9617 8745
9839 7994
9154 9408
9460 8975
7274 10090
7975 9993
8796 9671
8994 9539
9416 9055
7171 10090
7329 10084
9888 7458
9811 8156
9859 7935
7447 10080
9274 9257
9071 9469
9232 9305
9748 8360
9460 8982
7688 10035
9249 9282
9801 8172
9341 9159
7974 9968
9776 8286
9455 9001
9207 9330
7662 10046
7218 10085
8804 9698
8903 9620
7555 10057
9115 9424
9783 8260
8755 9717
8723 9733
9099 9456
9506 8937
9062 9490
9886 7603
8772 9714
8948 9608
7190 10089
9884 7777
7959 9990
9053 9494
9487 8979
9839 8074
8720 9736
7973 9980
9594 8758
9846 7943
7808 10017
9324 9184
9171 9368
9285 9239
9680 8570
9408 9101
9107 9449
9259 9270
9756 8348
9877 7822
8858 9655
9625 8728
7799 10020
7455 10070
9141 9390
9212 9318
9086 9463
9845 7950
8496 9845
9290 9223
9677 8575
9322 9204
7694 10033
9137 9416
7979 9966
8717 9738
9821 8094
9444 9010
9759 8329
9338 9172
9287 9235
8826 9671
8676 9767
8685 9754
9873 7839
8709 9742
9046 9512
9064 9481
9664 8613
8725 9724
9160 9374
9288 9232
9682 8516
7853 10014
8315 9913
8786 9713
8674 9775
8967 9561
9386 9124
8050 9961
9588 8773
9787 8207
9432 9063
9644 8655
9303 9210
9378 9144
9817 8124
8825 9681
8622 9797
9643 8662
9711 8489
9626 8701
7687 10038
8172 9931
9169 9370
9143 9387
9689 8514
7919 10009
8664 9781
9789 8178
8997 9549
9529 8881
8532 9837
9772 8288
9021 9541
9508 8927
9648 8639
9665 8581
7838 10016
9786 8257
8856 9662
8885 9639
9443 9036
8691 9748
9206 9351
9148 9379
8177 9930
9728 8446
9567 8791
9739 8416
8480 9862
8990 9558
7665 10044
9766 8291
9367 9152
9527 8882
8900 9635
8675 9770
8561 9822
9043 9527
7779 10030
9663 8618
9299 9220
9743 8392
7495 10060
9763 8297
8716 9740
8253 9916
8158 9937
9181 9360
8642 9791
9235 9300
8612 9816
9012 9544
9563 8833
9524 8926
8549 9827
8404 9866
8148 9957
9332 9181
9390 9114
9762 8316
8742 9719
9615 8741
9543 8877
8033 9964
8402 9879
9308 9206
8323 9890
9632 8668
9747 8386
8958 9570
7362 10068
8255 9915
8147 9943
8877 9627
8737 9724
9162 9372
8916 9620
8621 9770
8549 9808
8954 9587
9475 8977
9409 9098
8823 9664
8307 9895
7814 10006
8983 9558
8846 9654
8689 9751
9717 8439
8587 9787
8614 9771
9536 8901
8576 9792
8162 9932
8459 9850
9626 8741
8502 9829
8926 9597
9427 9079
7587 10024
9725 8406
9642 8712
8659 9752
9535 8925
7441 10064
8808 9675
9370 9137
8226 9926
9830 8067
7219 10083
8941 9591
9847 7994
9248 9296
9601 8758
9159 9374
8987 9551
9056 9501
8651 9760
7654 10021
9153 9400
9672 8588
7314 10073
9130 9441
8867 9650
9509 8948
8184 9930
9099 9479
8047 9962
9521 8940
8293 9904
8879 9625
8600 9782
9193 9342
9713 8444
9704 8496
9472 8993
8484 9844
9266 9265
7746 10014
8900 9624
9780 8278
9806 8206
7573 10037
9003 9540
9333 9205
9499 8960
9553 8868
9284 9257
9688 8549
7556 10053
9359 9163
8454 9853
9314 9206
9178 9369
9231 9331
9865 7977
9769 8326
8400 9873
9298 9209
7460 10060
8032 9968
9075 9490
9399 9110
9692 8541
9846 8051
9537 8889
9659 8623
7161 10100
9720 8409
9824 8151
9142 9422
9114 9468
9236 9299
9406 9105
9764 8385
7748 10012
8015 9974
8721 9745
8536 9810
7489 10059
9239 9297
9554 8864
8974 9580
9487 8964
9366 9157
9444 9030
7921 9999
9647 8653
9636 8730
7287 10080
9665 8595
7303 10079
7936 9987
9800 8231
9434 9042
9292 9223
7638 10023
9432 9056
9589 8797
9146 9410
9541 8887
8918 9607
9698 8505
9616 8743
9264 9283
8017 9972
9581 8811
8826 9663
9046 9509
9608 8757
8836 9659
9875 7866
9787 8266
7265 10082
8332 9892
9197 9334
7205 10088
8772 9712
9598 8793
9828 8123
9876 7708
9850 7986
8111 9961
9038 9528
9546 8878
8302 9902
8790 9695
8803 9691
9395 9114
9777 8299
9768 8335
9462 9022
9436 9039
9563 8825
9469 9019
9558 8857
8741 9714
9681 8556
9877 7691
7583 10029
9186 9347
9888 7672
9013 9534
9829 8081
8116 9952
7857 10002
9380 9116
8868 9628
9394 9083
9883 7837
9483 8979
8664 9756
8119 9945
9339 9172
9203 9330
9863 7881
9372 9111
9454 9024
7355 10077
8810 9662
9561 8846
8221 9926
8266 9911
9889 7675
9165 9363
9831 8155
8297 9906
8000 9973
8402 9871
9307 9212
9566 8834
8331 9899
7364 10076
8762 9700
9127 9384
8076 9948
9388 9104
9792 8228
9466 9010
9844 8081
9714 8488
8502 9830
8141 9940
9778 8302
9851 8043
8792 9687
9541 8905
9876 7840
8848 9642
9788 8273
8932 9569
8529 9814
9860 7977
9836 8120
7968 10004
9220 9305
9513 8936
9773 8353
9232 9283
9547 8887
8067 9953
8812 9654
8793 9672
9469 9005
9340 9155
9213 9315
9612 8771
9631 8745
8973 9534
8782 9693
7903 10010
9700 8520
9049 9468
9645 8686
7999 9976
9258 9243
9726 8460
9704 8503
9688 8568
9439 9042
9390 9092
8914 9582
9202 9336
8891 9593
8951 9539
9433 9056
9598 8793
8655 9770
7743 10045
9371 9123
9555 8882
9719 8481
8603 9784
8630 9774
9668 8660
8963 9537
9842 8100
8747 9724
8766 9698
9071 9452
9218 9309
9757 8402
9087 9435
9680 8591
9092 9414
9856 8013
9032 9491
7408 10068
9699 8543
7980 9979
9054 9462
7979 10001
8670 9750
9313 9211
9126 9402
9847 8058
9451 9030
9747 8416
9278 9242
9226 9299
9641 8707
8753 9714
9587 8808
8814 9646
9039 9486
7591 10066
9359 9148
9675 8615
8950 9556
9227 9296
8374 9891
8550 9810
9145 9365
9826 8168
9256 9269
9069 9455
9585 8825
8881 9599
9736 8438
9559 8867
9741 8424
9496 8970
9606 8789
7794 10031
9282 9233
9003 9514
9327 9205
9463 9023
9007 9501
8691 9740
9328 9188
9592 8797
9669 8639
8578 9796
7751 10038
9280 9235
9419 9082
8722 9725
9540 8911
7639 10051
7835 10024
8451 9862
9546 8893
9784 8300
8230 9924
8976 9524
9793 8223
9435 9053
9142 9375
8859 9616
8501 9842
9247 9277
9865 7852
9691 8557
9611 8780
8063 9958
9811 8217
8681 9746
8179 9932
8461 9846
9294 9221
7622 10054
8983 9522
8087 9946
8231 9915
8061 9972
9817 8178
8911 9588
8780 9664
8944 9556
9171 9329
9464 9028
8272 9894
8488 9821
9549 8925
7696 10031
9161 9352
8532 9797
9025 9491
9573 8882
9293 9218
9851 7961
9858 7832
9040 9462
7664 10035
7311 10087
9604 8819
8942 9570
9015 9500
9696 8565
9862 7742
9627 8735
7711 10026
7360 10067
8671 9731
9100 9408
9487 8991
8686 9727
8665 9762
9763 8329
9091 9434
9435 9042
7353 10068
7537 10059
9637 8732
7544 10045
9508 8958
7747 10014
9580 8854
8523 9801
9663 8685
8670 9738
9625 8750
9687 8629
9434 9047
9014 9502
9379 9101
7741 10022
8832 9647
9732 8494
9867 7707
8839 9641
8602 9770
9010 9511
7398 10062
8754 9694
8703 9717
9178 9321
9428 9086
9539 8938
8882 9604
8515 9806
9135 9383
8306 9887
9084 9438
9454 9041
8492 9807
9288 9221
8801 9661
9456 9029
9792 8240
8582 9780
8758 9681
8859 9629
9283 9262
9733 8454
9689 8596
8177 9952
9693 8572
9474 8997
9766 8312
7873 10007
9345 9149
9150 9374
8724 9712
9297 9216
8448 9835
8258 9908
8974 9552
9418 9099
8529 9798
8135 9965
8428 9838
9871 7687
9319 9204
8044 9978
8816 9658
9652 8710
9491 8985
8584 9771
8879 9609
9372 9133
9201 9318
7337 10076
9239 9290
8186 9951
9590 8832
9768 8308
7983 9981
8904 9594
9212 9296
9530 8947
8318 9879
9717 8516
9749 8433
9797 8213
9816 8123
9336 9173
8996 9530
8567 9792
8082 9972
9037 9467
9207 9304
8735 9699
9834 8031
7808 10011
9771 8285
7361 10065
9067 9458
7603 10044
9160 9364
8246 9921
9713 8517
8475 9826
9095 9421
9791 8278
8947 9555
7960 9986
9825 8078
8773 9678
9670 8659
9803 8135
9707 8554
7428 10061
8427 9863
8906 9593
9760 8403
9129 9395
8732 9700
8853 9637
9324 9175
7283 10103
8251 9910
9147 9375
9821 8092
9375 9113
8004 9980
9877 7644
7900 10001
9702 8560
9374 9121
9881 7608
7809 10009
8336 9865
7351 10075
9120 9407
9886 7573
9878 7611
7288 10089
8925 9584
9470 9016
9845 7995
8394 9864
9195 9334
9208 9308
9888 7691
9751 8411
8977 9522
9872 7719
9493 8928
9788 8279
8938 9541
9685 8564
9846 7974
9862 7911
9280 9228
9821 8193
8964 9529
8694 9733
9108 9434
8897 9582
9731 8440
8883 9599
9826 8141
8995 9512
8467 9840
9298 9186
9360 9122
9741 8427
9118 9428
9243 9286
9781 8331
9460 9001
9708 8502
9152 9360
8105 9947
8449 9850
9496 8927
9705 8549
9283 9220
9843 8040
8644 9771
9752 8381
8746 9718
9771 8344
9551 8875
8869 9629
8512 9828
9630 8698
9479 8955
8730 9723
8469 9831
8136 9940
8604 9794
8774 9696
9394 9075
9716 8483
9375 9107
8122 9945
8666 9765
8432 9855
8638 9772
9827 8113
9683 8602
9321 9166
9256 9255
9262 9253
9678 8614
8815 9672
8334 9889
9410 9062
9438 9030
9647 8667
7129 10093
9304 9181
9070 9455
9251 9259
9010 9505
9058 9462
8932 9556
9206 9319
9687 8558
9245 9264
9034 9474
8570 9805
9470 8962
7904 10008
8374 9868
9815 8241
8884 9583
9711 8497
9748 8422
9207 9312
9597 8765
8182 9931
8676 9746
9234 9302
8226 9916
9244 9284
9615 8746
9567 8846
8927 9567
9146 9375
9796 8249
9534 8894
8036 9983
7688 10039
9451 9007
7469 10072
8719 9725
9235 9288
8748 9709
9355 9131
7993 9993
7924 9999
8292 9892
9272 9244
9383 9106
9196 9332
9522 8926
8053 9959
8159 9934
8992 9520
9842 8093
9867 7799
7607 10044
9440 9025
8882 9600
8920 9579
8825 9649
8881 9622
9389 9099
7846 10021
8552 9811
9328 9163
9568 8811
9314 9167
9129 9406
9149 9361
7565 10053
7428 10089
8963 9539
9158 9359
8929 9559
9028 9494
7816 10035
9724 8460
9626 8739
9646 8683
9552 8852
9373 9112
9339 9155
9844 8007
9587 8810
7496 10067
9044 9472
9291 9202
9861 7944
9434 9043
7881 10010
9674 8661
8368 9876
9186 9350
9767 8367
9879 7597
9874 7744
9454 9011
9226 9295
9788 8258
8632 9777
9162 9385
9654 8697
9778 8277
9639 8730
9133 9406
9473 8979
9322 9186
8578 9798
7603 10045
8656 9770
9402 9109
7612 10044
9438 9021
8747 9720
9265 9265
8703 9750
9497 8925
9479 8970
9237 9294
9143 9404
9669 8650
9536 8903
8827 9679
8618 9781
8795 9704
9197 9359
8679 9762
8669 9768
9316 9192
8855 9668
8194 9958
9462 8987
9435 9026
9495 8949
9753 8407
9857 8031
9796 8245
9308 9195
9510 8910
8348 9885
9451 9016
8638 9776
9205 9346
8512 9832
9557 8853
9786 8267
8682 9757
9214 9326
9814 8170
9303 9222
9187 9360
8884 9640
9037 9505
7709 10035
7869 10008
9797 8242
7850 10016
8696 9751
9047 9496
9210 9342
9430 9047
9706 8516
8214 9934
7595 10048
8556 9806
8970 9575
9635 8738
8614 9792
9307 9201
7215 10087
7843 10019
9812 8184
7758 10030
9012 9522
9661 8687
8088 9970
9168 9382
8319 9927
8589 9796
8752 9708
8998 9531
9422 9061
9578 8820
9394 9123
8891 9620
9838 8109
8334 9924
7232 10085
9460 9000
7324 10074
9250 9274
9122 9460
9417 9088
8545 9822
9762 8397
7660 10037
9700 8553
8733 9734
9703 8550
9093 9470
8138 9962
9773 8354
8848 9670
9221 9308
9869 7807
8040 9987
9035 9514
9606 8790
9735 8450
9062 9484
7890 9999
8270 9932
9132 9437
8432 9863
7262 10082
7939 9997
9296 9230
7377 10072
7794 10024
7481 10071
9586 8806
9002 9525
8718 9736
9571 8836
9859 7930
9688 8638
9809 8196
8963 9581
9431 9028
9670 8642
7553 10062
9277 9262
9060 9489
9341 9180
9727 8515
9611 8772
9775 8333
9741 8433
9476 8975
8402 9869
8576 9801
8940 9616
8374 9883
8758 9707
9553 8894
8347 9899
8652 9771
9289 9235
8494 9851
9749 8429
9843 8103
9820 8147
9589 8802
8894 9617
9554 8858
8996 9567
9618 8762
9875 7711
9369 9161
9371 9146
9456 9008
7458 10074
9487 8985
9191 9363
9504 8957
9140 9407
9534 8900
9308 9232
9101 9458
9767 8342
9318 9192
9163 9380
9645 8693
9304 9243
9447 9024
8974 9549
9436 9050
9533 8904
9128 9427
9068 9479
9011 9527
9151 9401
8903 9597
9056 9490
9282 9245
9781 8283
9197 9345
9277 9252
8893 9603
9574 8820
9714 8518
8125 9959
9202 9341
9482 8992
7974 9986
9588 8801
9673 8653
9413 9091
9721 8515
8640 9751
9820 8101
8493 9824
8067 9972
9819 8134
9348 9175
7911 10004
9538 8897
9226 9328
8131 9942
9445 9044
8500 9810
9168 9370
7330 10082
8828 9644
9702 8556
9785 8241
7237 10089
9620 8779
9675 8635
9580 8812
8161 9940
9529 8940
9733 8452
9780 8331
8410 9866
9075 9466
8071 9961
9499 8964
9117 9449
9236 9307
8871 9635
8441 9854
8542 9790
8881 9627
9403 9092
9829 8063
9755 8406
9833 8022
8461 9848
7947 9992
9209 9332
8705 9737
9677 8624
9244 9297
9863 7887
9871 7801
9710 8550
8788 9695
9889 7639
8910 9595
9186 9366
8415 9861
9633 8725
9057 9484
9568 8840
8784 9711
9272 9255
9865 7858
9036 9505
8806 9680
9311 9211
9678 8614
7615 10059
9634 8724
9663 8676
8390 9908
9559 8883
8730 9724
8794 9688
8563 9786
8690 9739
7783 10033
8409 9882
8538 9800
9849 8017
8531 9803
9324 9189
9683 8582
8844 9639
8639 9764
9002 9529
8469 9840
8248 9923
8209 9936
7842 10022
8900 9601
9873 7775
9439 9045
9454 9011
9317 9195
9815 8192
9374 9125
9479 9006
9351 9170
9743 8407
8391 9897
8815 9676
9700 8573
9649 8687
9550 8891
8823 9669
8492 9835
7999 9980
8689 9744
9644 8723
7501 10065
8299 9912
9587 8806
7732 10043
8623 9781
9682 8608
9727 8465
9629 8728
9520 8948
8510 9804
9263 9283
9545 8892
9395 9114
8128 9953
9885 7755
9656 8683
8724 9732
9572 8829
8966 9582
8890 9609
9020 9524
9523 8945
9422 9089
8993 9530
8989 9547
9492 8965
8641 9746
8633 9775
9755 8297
9888 7458
9183 9336
9800 8178
9634 8722
9029 9490
9332 9153
9373 9104
9539 8897
7391 10061
9128 9387
9731 8426
7580 10033
9580 8822
9400 9072
7388 10064
9814 8155
9857 7860
9351 9118
8289 9907
9144 9359
9659 8666
9624 8735
7416 10056
9854 7881
9819 8141
9688 8540
8685 9754
8088 9966
9162 9337
9139 9375
8626 9775
8863 9624
8184 9923
8472 9818
8822 9647
9534 8903
8637 9757
8422 9853
9823 8105
8433 9827
7752 10023
7208 10081
7477 10047
9469 8983
8315 9890
8752 9685
7879 9999
8853 9646
8748 9691
9352 9117
8696 9727
9140 9372
7209 10077
9669 8600
9837 8046
8746 9722
9320 9158
7900 9998
8793 9669
9667 8622
7818 10000
9433 9024
9829 8070
9464 8992
9615 8778
9714 8467
7789 10005
8857 9625
9804 8173
9266 9221
9687 8566
9789 8206
9851 7904
8305 9891
9734 8425
9092 9431
9448 9004
9501 8947
9678 8593
9709 8535
9461 8997
8257 9921
9745 8383
9206 9295
7462 10053
9876 7838
8583 9782
8136 9947
9204 9299
8948 9586
7155 10083
9491 8960
9302 9211
9556 8878
8992 9550
9113 9394
8320 9880
9150 9339
9498 8952
7647 10030
7376 10074
8788 9677
8004 9989
9237 9283
8911 9606
9050 9484
9596 8790
9649 8718
8415 9878
9598 8787
9882 7780
7648 10028
9566 8855
9778 8296
9003 9535
9096 9420
9526 8935
9273 9215
9314 9166
7786 10015
8258 9908
9738 8409
8778 9683
9052 9476
9146 9346
9010 9531
9082 9448
8432 9830
9311 9197
9752 8368
8494 9814
9389 9098
9345 9124
9741 8390
8449 9826
8821 9659
8880 9623
9256 9248
8902 9609
8140 9946
9403 9038
8562 9805
9781 8243
9098 9408
9423 9037
7564 10042
7520 10043
9710 8474
9722 8455
8987 9565
9756 8335
9146 9404
8353 9885
8860 9645
9171 9396
9884 7625
8926 9587
8993 9539
9556 8844
9425 9073
9418 9085
9534 8903
9544 8888
9842 7925
8974 9560
9839 7937
9436 9058
7543 10054
9512 8950
9259 9269
8748 9715
8909 9592
7838 10014
7887 9994
8452 9860
8766 9700
8812 9673
9726 8501
9659 8665
8573 9806
8288 9912
8667 9769
7659 10038
9526 8907
9881 7644
9122 9432
7741 10028
7513 10062
9500 8952
7679 10034
8208 9926
9648 8690
8930 9575
8705 9748
8819 9666
9579 8833
9698 8542
9748 8393
9816 8118
9529 8905
7872 10001
7755 10027
8806 9698
8521 9815
8976 9541
8545 9811
8507 9832
9033 9513
7605 10051
9562 8837
9270 9247
7848 10007
9187 9367
9851 7881
8868 9630
9001 9520
7847 10013
9682 8569
9752 8338
7879 9997
9440 9054
8137 9947
8649 9777
9740 8442
9612 8775
8618 9794
9369 9158
9686 8550
9495 8971
9346 9186
9676 8572
9194 9355
9236 9297
8870 9622
9000 9523
9271 9243
8366 9870
9394 9138
9607 8786
8062 9973
7113 10089
9879 7785
9833 8061
9790 8210
9618 8761
9807 8185
9871 7823
9795 8196
9849 7896
9298 9241
7896 9993
9776 8321
8519 9817
9587 8831
9059 9469
9417 9091
9710 8512
9597 8808
9826 8096
8306 9898
9471 9032
9746 8407
8756 9708
9410 9109
9492 8976
8107 9949
9621 8744
8736 9731
8091 9955
9054 9488
8535 9814
7764 10026
8004 9986
8473 9843
9104 9442
8844 9657
9097 9463
9834 7956
7389 10072
9379 9145
8145 9931
8946 9566
8867 9639
9785 8276
9244 9276
8442 9865
9207 9316
9128 9408
8086 9956
8896 9620
9318 9225
9704 8530
8995 9530
9591 8812
9642 8732
9483 9013
9862 7868
8324 9888
7283 10075
9006 9515
8695 9752
8511 9822
7166 10087
9841 7926
8657 9773
9673 8651
9337 9202
9757 8329
9216 9290
9156 9371
9231 9265
8772 9682
9182 9321
8609 9783
9045 9474
9099 9427
9264 9242
9273 9231
9022 9494
9035 9481
8582 9791
9716 8426
9620 8708
8289 9904
9192 9319
8955 9543
9450 8990
9487 8961
9804 8165
8666 9764
9692 8531
9087 9438
9670 8565
8230 9918
9513 8919
9528 8896
9637 8691
9425 9027
7503 10058
9578 8798
9253 9254
9608 8741
8628 9777
8150 9945
7155 10081
8118 9949
9160 9358
8768 9690
9821 8092
9172 9342
9453 8985
8580 9803
9434 9019
9585 8792
9290 9224
8003 9970
9223 9283
9769 8285
9673 8552
8209 9922
7711 10033
7121 10082
8692 9749
9118 9397
9529 8879
8487 9835
8769 9685
9661 8635
8520 9826
9518 8908
9839 8016
8949 9558
9604 8775
9786 8232
8938 9606
8200 9929
9448 9002
7529 10046
8024 9963
9737 8366
8377 9882
9750 8341
9676 8540
9767 8309
7917 9977
8903 9619
8598 9786
8566 9813
9595 8778
9243 9255
8203 9926
7920 9974
9720 8403
9846 7933
9725 8381
8485 9851
9576 8811
9747 8364
9321 9171
8308 9883
9403 9062
9854 7877
9575 8815
8913 9614
9841 7970
9496 8953
9312 9193
9364 9138
9266 9235
9068 9465
9856 7763
9875 7680
9884 7625
9605 8742
9890 7517
9207 9312
8969 9535
9715 8430
7084 10088
9330 9167
9771 8283
9064 9473
9559 8844
9353 9165
9553 8848
9117 9412
9612 8712
9568 8840
8183 9933
8057 9953
8727 9727
9018 9499
9709 8488
8985 9526
8996 9515
8276 9917
9627 8704
8843 9647
9374 9093
9708 8492
9229 9281
9479 8963
9512 8924
9732 8373
9441 9009
8483 9852
9397 9065
8623 9781
7289 10080
7915 10007
9704 8497
9830 8083
9731 8380
8747 9709
9874 7713
9478 8984
7479 10067
8961 9536
8046 9956
9785 8266
9679 8539
9552 8871
9734 8372
8300 9889
7963 9972
8521 9821
8888 9626
7698 10044
9086 9450
9816 8104
8432 9859
9407 9036
8695 9738
8751 9694
9795 8210
8802 9670
9129 9394
9710 8484
9218 9286
7116 10084
9145 9386
8816 9655
7389 10072
7807 10009
8972 9533
7505 10056
8846 9643
8998 9502
9542 8875
9385 9088
9794 8221
9394 9081
9504 8942
7783 10027
8875 9636
8799 9680
9811 8130
9777 8259
8541 9800
9302 9224
7460 10086
9771 8301
8944 9577
9830 8114
8662 9743
8530 9810
9166 9352
7428 10102
7458 10088
8482 9837
9287 9234
9164 9356
8796 9679
8543 9791
9874 7837
8768 9700
8566 9780
9183 9350
9160 9360
9261 9260
9139 9399
8760 9709
9061 9470
9867 7885
8115 9942
8695 9711
9757 8324
9816 8137
7620 10057
8773 9685
7859 10019
9750 8346
8657 9747
9734 8389
8987 9537
8439 9844
9038 9505
7877 10010
8146 9931
9435 9016
7455 10089
8130 9936
9264 9252
8827 9659
8829 9654
8855 9634
9809 8182
7508 10079
9336 9168
7841 10022
9256 9266
8294 9904
9147 9369
9327 9176
8911 9600
9242 9269
7592 10064
8981 9541
7516 10071
9283 9239
8179 9930
7893 9996
8988 9528
8522 9815
9550 8902
7895 9995
8937 9597
7470 10083
9656 8642
9811 8140
9880 7748
9475 8995
9455 9003
7556 10069
9523 8934
8324 9902
9839 7994
9007 9518
9621 8734
8257 9922
9385 9095
9841 7972
9152 9364
7953 9992
9556 8884
8019 9971
8418 9849
8619 9766
9126 9410
8556 9784
9228 9300
9101 9452
9678 8543
9575 8821
8399 9862
9785 8227
9337 9153
8551 9785
9411 9060
9409 9071
8280 9909
7976 9986
9670 8620
9429 9037
9605 8813
8337 9895
8840 9641
7728 10042
8415 9857
9745 8353
9848 7939
9626 8733
7874 10018
9425 9047
9276 9248
9793 8220
9646 8697
8390 9864
9504 8944
9714 8484
9443 9007
8588 9777
7954 9990
9394 9079
9014 9512
8487 9826
7783 10039
8044 9964
8102 9955
9658 8622
9717 8415
8108 9949
9683 8532
9825 8115
7694 10056
9431 9033
8089 9963
9507 8943
9703 8488
9741 8376
9367 9100
7985 9985
8637 9757
7831 10033
9149 9365
8980 9556
9363 9113
9716 8431
9241 9276
9799 8202
9498 8955
9727 8408
8807 9672
9629 8714
9207 9336
9118 9432
9360 9117
9674 8599
9533 8911
9614 8780
9100 9464
9146 9395
8905 9627
8687 9735
8383 9886
9493 8958
9113 9438
8954 9568
8997 9525
9041 9483
8419 9845
9137 9404
9888 7458
8172 9937
9882 7566
9853 7938
9550 8864
9546 8868
9880 7613
9692 8571
9519 8900
9857 7831
9513 8918
9536 8890
9685 8623
8623 9771
8291 9897
9791 8252
8908 9575
8276 9902
8556 9791
9198 9346
9771 8331
9884 7503
8113 9958
9815 8145
7980 9979
8577 9787
9756 8382
9664 8641
8266 9914
7364 10075
9864 7778
9098 9439
8921 9571
8905 9592
9568 8849
7895 10000
8830 9632
7959 9993
9594 8807
8887 9611
9773 8327
8485 9836
9792 8235
9167 9373
8604 9778
8856 9628
9826 8130
9604 8784
9043 9459
8202 9916
9878 7755
9860 7810
7752 10033
8973 9532
9540 8886
9858 7813
8725 9720
7544 10050
8756 9703
9605 8779
9232 9311
9009 9511
8762 9698
7841 10018
8730 9714
8320 9879
8818 9649
9173 9355
8680 9757
8987 9524
9284 9212
9486 8949
7676 10040
8297 9881
9741 8450
8292 9890
9480 8967
9123 9414
9620 8776
9401 9086
9586 8823
8943 9551
7770 10025
9251 9272
9745 8388
8071 9967
9696 8561
9510 8932
9804 8159
8409 9865
9347 9147
8584 9782
9023 9499
8122 9938
8345 9872
9041 9480
9154 9397
9062 9456
8716 9727
8194 9927
9847 8058
8041 9973
9358 9132
9560 8862
7961 9980
8712 9741
9266 9255
9854 7835
8466 9842
9464 9000
8277 9901
9170 9356
9527 8893
8327 9877
7881 10005
9429 9051
9797 8226
8869 9626
8451 9844
9112 9436
9386 9095
8600 9781
9363 9100
8737 9704
9447 9023
9697 8556
8807 9650
9739 8458
9516 8903
7637 10042
9204 9328
8964 9536
8806 9668
9322 9185
9502 8942
7306 10091
9769 8345
9367 9096
8488 9820
8630 9767
9576 8845
9305 9188
7345 10081
9661 8711
7303 10093
9191 9352
8788 9687
9001 9521
7603 10048
8551 9819
7539 10055
9080 9453
7377 10072
8567 9789
8019 9974
9836 8088
9789 8319
9650 8751
9431 9026
9716 8555
9730 8536
9736 8471
8936 9557
9263 9260
9337 9160
7313 10085
7530 10067
8951 9541
9801 8169
