15318.00 16922.00 16157.00 17211.00
15382.00 16545.00 17232.00 17129.00
15440.00 17184.00 16458.00 17095.00
15475.00 16495.00 16201.00 17587.00
15499.00 17093.00 17353.00 16595.00
15619.00 16229.00 16980.00 17333.00
15643.00 16777.00 16727.00 17431.00
15697.00 17230.00 17768.00 16421.00
15704.00 17339.00 17017.00 16404.00
15741.00 17150.00 16786.00 17003.00
15741.00 17893.00 16060.00 16289.00
15781.00 16128.00 17360.00 17090.00
15782.00 16790.00 16419.00 17011.00
15808.00 16329.00 16608.00 17381.00
15842.00 16220.00 16036.00 17447.00
15846.00 17528.00 16609.00 16837.00
15861.00 16990.00 17884.00 15746.00
15866.00 17336.00 15928.00 16728.00
15871.00 16203.00 17924.00 15944.00
15906.00 17032.00 17459.00 17003.00
15922.00 16731.00 17128.00 16987.00
16001.00 16308.00 16997.00 17079.00
16012.00 17339.00 17005.00 16132.00
16018.00 16213.00 17581.00 16775.00
16035.00 16692.00 17875.00 16297.00
16071.00 17224.00 16059.00 17135.00
16092.00 17282.00 17314.00 16636.00
16097.00 17230.00 16343.00 16718.00
16135.00 17781.00 16743.00 15571.00
16140.00 17845.00 16652.00 16128.00
16219.00 16534.00 15901.00 17346.00
16234.00 16430.00 16302.00 17086.00
16245.00 16396.00 16652.00 17377.00
16258.00 16204.00 17207.00 16915.00
16284.00 17928.00 15941.00 15735.00
16292.00 16596.00 17475.00 16657.00
16299.00 15850.00 15890.00 17445.00
16323.00 17777.00 16957.00 16469.00
16346.00 17041.00 17374.00 15907.00
16353.00 17202.00 16810.00 16294.00
16356.00 16172.00 17773.00 16321.00
16396.00 17180.00 16484.00 16797.00
16404.00 15622.00 16396.00 17225.00
16443.00 16752.00 17782.00 15720.00
16467.00 16969.00 17116.00 16977.00
16480.00 17234.00 17380.00 15516.00
16483.00 17647.00 17208.00 15785.00
16493.00 17681.00 16238.00 15560.00
16543.00 16224.00 16878.00 17101.00
16545.00 17639.00 16600.00 16046.00
16573.00 16844.00 17469.00 16249.00
16584.00 16151.00 17313.00 16494.00
16584.00 16836.00 16210.00 16841.00
16584.00 16912.00 17105.00 16456.00
16598.00 16596.00 17279.00 15327.00
16639.00 17746.00 16387.00 14766.00
16648.00 17358.00 17131.00 16081.00
16657.00 17451.00 16628.00 15486.00
16680.00 17400.00 16800.00 16645.00
16684.00 16520.00 17104.00 16968.00
16687.00 16527.00 16525.00 16982.00
16693.00 16372.00 16932.00 16497.00
16705.00 16389.00 17499.00 16145.00
16768.00 16008.00 16082.00 16988.00
16779.00 16452.00 16129.00 16508.00
16791.00 17516.00 17088.00 15475.00
16802.00 15690.00 16813.00 16601.00
16863.00 16831.00 17214.00 15697.00
16880.00 17492.00 16138.00 16017.00
16944.00 16058.00 15893.00 16568.00
16967.00 17285.00 16261.00 16411.00
16978.00 16814.00 16618.00 16484.00
16986.00 15865.00 16269.00 16634.00
16991.00 17166.00 17087.00 16408.00
16996.00 17038.00 17469.00 15212.00
17000.00 16620.00 16959.00 16302.00
17020.00 17240.00 16931.00 15788.00
17021.00 16651.00 16432.00 16079.00
17105.00 15999.00 16859.00 16383.00
17158.00 17180.00 16811.00 15174.00
17171.00 17494.00 16413.00 15762.00
17175.00 16774.00 17156.00 15381.00
17215.00 16973.00 16037.00 16069.00
17234.00 16142.00 16824.00 15986.00
17256.00 16606.00 16010.00 16405.00
17281.00 15959.00 15892.00 16369.00
17333.00 16827.00 15636.00 15819.00
17344.00 16259.00 17286.00 15438.00
17358.00 16598.00 16976.00 15826.00
17401.00 16928.00 16482.00 15737.00
17426.00 16628.00 15954.00 15839.00
17447.00 17107.00 16423.00 14704.00
17514.00 16302.00 16066.00 15555.00
17524.00 16986.00 16297.00 15295.00
17546.00 16269.00 16819.00 16261.00
17595.00 16094.00 16884.00 15646.00
17604.00 16222.00 16362.00 15918.00
17624.00 16677.00 15775.00 15229.00
17676.00 16523.00 16288.00 14978.00
17898.00 16225.00 16229.00 15409.00
15170.00 17442.00 16576.00 16554.00
15275.00 17653.00 16306.00 16229.00
15277.00 17174.00 16396.00 17046.00
15520.00 17411.00 16275.00 16883.00
15541.00 17359.00 17464.00 16043.00
15593.00 17616.00 16742.00 16444.00
15634.00 17291.00 17120.00 16548.00
15640.00 17008.00 17608.00 16127.00
15645.00 16933.00 16885.00 17036.00
15660.00 17677.00 16885.00 15819.00
15704.00 16745.00 17807.00 16559.00
15743.00 16630.00 17179.00 16579.00
15743.00 17740.00 15789.00 16226.00
15758.00 15711.00 16189.00 17326.00
15791.00 17640.00 16843.00 15244.00
15796.00 17462.00 16314.00 16599.00
15799.00 17268.00 16693.00 16745.00
15821.00 16315.00 17543.00 16518.00
15853.00 16838.00 17896.00 16050.00
15881.00 16979.00 16375.00 17236.00
15915.00 17326.00 17846.00 15972.00
15941.00 16816.00 17517.00 15740.00
15941.00 17790.00 16330.00 16061.00
15949.00 16629.00 16695.00 17042.00
15974.00 17594.00 16951.00 16142.00
15998.00 17582.00 17172.00 15645.00
16010.00 16159.00 16574.00 17281.00
16034.00 17162.00 17337.00 16168.00
16075.00 17435.00 16018.00 16766.00
16100.00 16983.00 16016.00 16888.00
16121.00 17451.00 16635.00 16008.00
16126.00 17668.00 16870.00 14822.00
16133.00 16754.00 16772.00 16682.00
16142.00 16473.00 17221.00 16885.00
16191.00 15833.00 17400.00 16533.00
16206.00 17027.00 17662.00 15376.00
16232.00 15921.00 16906.00 17122.00
16243.00 17458.00 16168.00 15773.00
16250.00 17019.00 16897.00 16162.00
16280.00 16610.00 16310.00 16870.00
16296.00 16869.00 17264.00 16511.00
16303.00 16306.00 17469.00 16496.00
16325.00 15790.00 15927.00 17275.00
16345.00 16766.00 17906.00 16218.00
16365.00 17421.00 16851.00 16393.00
16392.00 17522.00 16846.00 15206.00
16411.00 17642.00 16254.00 15110.00
16412.00 17488.00 17582.00 15694.00
16431.00 17378.00 17267.00 15412.00
16434.00 17210.00 16029.00 16363.00
16441.00 17449.00 17092.00 15776.00
16447.00 16303.00 17530.00 16041.00
16467.00 17377.00 16619.00 15682.00
16509.00 16358.00 15967.00 17082.00
16513.00 16287.00 16534.00 16955.00
16516.00 16983.00 16679.00 16461.00
16522.00 16586.00 16925.00 16800.00
16522.00 16817.00 16446.00 16087.00
16586.00 16924.00 17016.00 15628.00
16598.00 17051.00 17212.00 15167.00
16611.00 16058.00 17208.00 16880.00
16627.00 17102.00 16278.00 16837.00
16636.00 15954.00 16352.00 16621.00
16713.00 16588.00 17454.00 16460.00
16715.00 17023.00 16077.00 15795.00
16733.00 16266.00 16575.00 16454.00
16736.00 16710.00 17554.00 15058.00
16767.00 17530.00 16261.00 15710.00
16788.00 16947.00 15786.00 16554.00
16801.00 17002.00 16334.00 16174.00
16812.00 15973.00 16939.00 16401.00
16816.00 16839.00 17421.00 15504.00
16820.00 17022.00 15574.00 15774.00
16860.00 16143.00 15756.00 16628.00
16872.00 16133.00 17428.00 16345.00
16876.00 16424.00 16133.00 16577.00
16937.00 16748.00 17410.00 14544.00
16943.00 16560.00 17080.00 16277.00
17002.00 17332.00 16629.00 15500.00
17034.00 16794.00 17086.00 15786.00
17047.00 16617.00 17513.00 15898.00
17048.00 16819.00 16037.00 15955.00
17049.00 16854.00 16711.00 15624.00
17062.00 15844.00 16418.00 16715.00
17078.00 16685.00 16645.00 16219.00
17106.00 15923.00 17141.00 16140.00
17145.00 17258.00 16467.00 14974.00
17157.00 16012.00 17087.00 15719.00
17181.00 16580.00 17032.00 15490.00
17214.00 16264.00 16789.00 16459.00
17236.00 16855.00 16394.00 15850.00
17251.00 16939.00 16837.00 15270.00
17277.00 16028.00 16163.00 16530.00
17304.00 16750.00 17303.00 15233.00
17362.00 16556.00 16340.00 16362.00
17481.00 16135.00 16399.00 15943.00
17519.00 16590.00 16508.00 15394.00
17538.00 16286.00 16824.00 15694.00
17634.00 16281.00 15893.00 15888.00
17689.00 16801.00 16173.00 15782.00
15162.00 17517.00 16527.00 16519.00
15264.00 17160.00 17215.00 16393.00
15323.00 17140.00 17050.00 16891.00
15326.00 17842.00 16569.00 15641.00
15449.00 16434.00 16290.00 17241.00
15459.00 16782.00 16049.00 17451.00
15490.00 16650.00 16653.00 16818.00
15498.00 16759.00 17717.00 16334.00
15514.00 17036.00 16509.00 17115.00
15560.00 17423.00 16711.00 16760.00
15585.00 17733.00 16078.00 16342.00
15595.00 16911.00 17485.00 15917.00
15604.00 17286.00 17079.00 16051.00
15611.00 17826.00 16878.00 15821.00
15710.00 16381.00 17692.00 15952.00
15764.00 17201.00 15799.00 17134.00
15788.00 16037.00 16544.00 17099.00
15814.00 16604.00 17231.00 16900.00
15838.00 16603.00 17966.00 15456.00
15923.00 17023.00 17331.00 16395.00
15931.00 17168.00 17630.00 15666.00
15939.00 16305.00 16318.00 17299.00
15970.00 17163.00 16280.00 16788.00
16017.00 16802.00 17547.00 15400.00
16038.00 16821.00 16091.00 17187.00
16050.00 17148.00 16749.00 16778.00
16063.00 15570.00 16523.00 17069.00
16067.00 16847.00 15607.00 16960.00
16077.00 17632.00 16504.00 16472.00
16121.00 16355.00 17309.00 16469.00
16121.00 16949.00 17522.00 14987.00
16127.00 16732.00 17489.00 16220.00
16157.00 17370.00 17017.00 16265.00
16173.00 17734.00 16841.00 16092.00
16176.00 15481.00 16941.00 16869.00
16202.00 17566.00 16209.00 15558.00
16203.00 16376.00 15983.00 17387.00
16241.00 16043.00 16812.00 16970.00
16244.00 16418.00 17727.00 15922.00
16267.00 16676.00 16580.00 16974.00
16270.00 15955.00 16267.00 17401.00
16287.00 17264.00 15612.00 16491.00
16297.00 17312.00 17315.00 15724.00
16307.00 17542.00 16059.00 16077.00
16309.00 17303.00 17002.00 15284.00
16310.00 16083.00 17508.00 16201.00
16328.00 17527.00 15765.00 15504.00
16349.00 16271.00 16451.00 17116.00
16389.00 16975.00 17169.00 16250.00
16400.00 16545.00 17040.00 16462.00
16458.00 16734.00 17325.00 15347.00
16538.00 16291.00 17437.00 15668.00
16556.00 17335.00 16747.00 15781.00
16559.00 17409.00 16550.00 16433.00
16583.00 16692.00 17158.00 15837.00
16611.00 15763.00 16396.00 17217.00
16650.00 17098.00 16393.00 16907.00
16688.00 16487.00 15841.00 17161.00
16695.00 16473.00 16858.00 16024.00
16711.00 15893.00 17186.00 16374.00
16717.00 17030.00 17070.00 15575.00
16727.00 16543.00 16389.00 16972.00
16781.00 17348.00 15906.00 16282.00
16806.00 15629.00 17472.00 15872.00
16816.00 16704.00 16711.00 16649.00
16818.00 16093.00 16232.00 16895.00
16842.00 16760.00 17204.00 15164.00
16877.00 16344.00 15775.00 16469.00
16894.00 16823.00 15295.00 16459.00
16915.00 16205.00 16609.00 16769.00
16970.00 16148.00 17072.00 16749.00
16976.00 17192.00 16790.00 16335.00
17031.00 16626.00 16214.00 16460.00
17060.00 15856.00 16525.00 16967.00
17102.00 16465.00 16823.00 15632.00
17129.00 15650.00 16862.00 16625.00
17143.00 17051.00 16083.00 16329.00
17151.00 16762.00 16704.00 16290.00
17180.00 16439.00 17291.00 16234.00
17206.00 15665.00 16232.00 16637.00
17212.00 15929.00 16725.00 16286.00
17217.00 17061.00 15908.00 15902.00
17220.00 16706.00 16509.00 15881.00
17225.00 16962.00 16717.00 15406.00
17288.00 16306.00 16437.00 16100.00
17311.00 15377.00 16474.00 16264.00
17389.00 16768.00 15559.00 16111.00
17409.00 16923.00 16300.00 15659.00
17445.00 16156.00 16108.00 16621.00
17485.00 15865.00 16747.00 15920.00
17488.00 16540.00 15926.00 16375.00
17501.00 16318.00 17030.00 15816.00
17559.00 16003.00 16825.00 15373.00
17564.00 16094.00 16250.00 15624.00
17564.00 16592.00 16644.00 15407.00
17614.00 16095.00 16345.00 15060.00
17619.00 15548.00 16019.00 15833.00
17671.00 16255.00 15747.00 15773.00
17671.00 16698.00 16001.00 15724.00
17918.00 15861.00 16015.00 15339.00
15379.00 16626.00 16365.00 17083.00
15486.00 16111.00 16237.00 17894.00
15542.00 16424.00 16176.00 17705.00
15542.00 16946.00 16815.00 16970.00
15557.00 17231.00 16208.00 17308.00
15642.00 16312.00 16450.00 17278.00
15722.00 16559.00 17010.00 17183.00
15815.00 16889.00 15883.00 17317.00
15868.00 17563.00 16364.00 17046.00
15894.00 17640.00 16698.00 15530.00
15895.00 15960.00 16326.00 17560.00
15897.00 16517.00 16153.00 17487.00
15946.00 16484.00 15511.00 17206.00
15964.00 17261.00 16597.00 16817.00
15978.00 17304.00 15841.00 16816.00
16004.00 16745.00 17066.00 16814.00
16023.00 17359.00 16939.00 16265.00
16051.00 16570.00 17496.00 16382.00
16099.00 17433.00 16393.00 15694.00
16120.00 16397.00 16284.00 17195.00
16139.00 16643.00 17499.00 15975.00
16167.00 17201.00 17050.00 16737.00
16188.00 15596.00 17042.00 16748.00
16190.00 15557.00 15983.00 17500.00
16190.00 17578.00 16025.00 15896.00
16192.00 16872.00 16760.00 17070.00
16225.00 17283.00 16783.00 15992.00
16238.00 16187.00 16742.00 17192.00
16239.00 16910.00 16227.00 16975.00
16243.00 17424.00 16296.00 16808.00
16249.00 17552.00 16625.00 14934.00
16372.00 16294.00 15592.00 17076.00
16373.00 17052.00 17396.00 16529.00
16380.00 16644.00 17032.00 16416.00
16389.00 16477.00 16408.00 16944.00
16409.00 16911.00 16709.00 16722.00
16410.00 17300.00 16383.00 16265.00
16415.00 17240.00 16843.00 16345.00
16424.00 16231.00 16093.00 17371.00
16443.00 15764.00 16653.00 17140.00
16445.00 17062.00 16337.00 16685.00
16459.00 15754.00 16160.00 17242.00
16537.00 17364.00 16606.00 15633.00
16539.00 16311.00 16799.00 16847.00
16572.00 16455.00 17575.00 16554.00
16588.00 15965.00 16558.00 16842.00
16620.00 16622.00 17317.00 16007.00
16627.00 17051.00 17123.00 15329.00
16641.00 17052.00 17039.00 16153.00
16653.00 17260.00 17098.00 15774.00
16668.00 17621.00 15825.00 16188.00
16688.00 17463.00 16165.00 16079.00
16707.00 16569.00 16918.00 16637.00
16710.00 16526.00 17155.00 15307.00
16717.00 15663.00 17258.00 16392.00
16736.00 17198.00 16750.00 16584.00
16765.00 15871.00 16963.00 16959.00
16798.00 16245.00 16204.00 17213.00
16820.00 16768.00 16470.00 16849.00
16821.00 17196.00 16341.00 16370.00
16848.00 17071.00 16770.00 15924.00
16849.00 17046.00 15810.00 16342.00
16851.00 16692.00 16904.00 15897.00
16887.00 16842.00 16772.00 16291.00
16906.00 16212.00 17018.00 16154.00
16912.00 17237.00 15789.00 15932.00
16928.00 15454.00 16749.00 16567.00
16955.00 16168.00 15789.00 17016.00
16957.00 15443.00 16299.00 16663.00
16991.00 17341.00 16788.00 15575.00
17008.00 16408.00 16605.00 16199.00
17009.00 17106.00 16241.00 15981.00
17040.00 15904.00 16218.00 16853.00
17061.00 15716.00 17310.00 15725.00
17070.00 16976.00 17019.00 15638.00
17077.00 15750.00 16373.00 16514.00
17087.00 15577.00 15837.00 16719.00
17145.00 17055.00 16533.00 15686.00
17149.00 16572.00 16263.00 16381.00
17175.00 16889.00 16458.00 16295.00
17182.00 16426.00 17191.00 15506.00
17184.00 17123.00 15806.00 15683.00
17203.00 16204.00 16880.00 16428.00
17207.00 16165.00 17073.00 15822.00
17219.00 16720.00 17058.00 15258.00
17228.00 16908.00 15724.00 16353.00
17263.00 15800.00 16588.00 16253.00
17281.00 15867.00 16115.00 16371.00
17285.00 15961.00 17194.00 15189.00
17292.00 15418.00 16307.00 16445.00
17305.00 16398.00 15726.00 16664.00
17407.00 16864.00 16994.00 15833.00
17440.00 15842.00 16637.00 15666.00
17451.00 16179.00 16378.00 16348.00
17456.00 16836.00 16569.00 15289.00
17496.00 16363.00 16532.00 15342.00
17513.00 16191.00 16313.00 15813.00
17519.00 16577.00 16275.00 16292.00
17632.00 16708.00 16211.00 15833.00
17650.00 16009.00 16089.00 16113.00
15232.00 16183.00 15999.00 17242.00
15244.00 17292.00 17017.00 16340.00
15286.00 17852.00 15726.00 16058.00
15384.00 16931.00 16896.00 17035.00
15404.00 17507.00 16167.00 16494.00
15426.00 17085.00 17406.00 16221.00
15489.00 17860.00 16277.00 15947.00
15534.00 17067.00 17343.00 16789.00
15608.00 16495.00 15484.00 17371.00
15625.00 17623.00 15454.00 16466.00
15733.00 17605.00 16742.00 15680.00
15747.00 17264.00 15703.00 16883.00
15749.00 16384.00 17571.00 16191.00
15798.00 16222.00 15897.00 17097.00
15834.00 17137.00 16219.00 16766.00
15846.00 16643.00 16644.00 16991.00
15850.00 17064.00 17564.00 16035.00
15927.00 16786.00 17243.00 16942.00
15988.00 17206.00 16980.00 16744.00
15995.00 17349.00 15825.00 16477.00
16013.00 16896.00 17216.00 16375.00
16014.00 17431.00 17172.00 16060.00
16021.00 17565.00 16610.00 16400.00
16043.00 16620.00 17562.00 16615.00
16055.00 17894.00 16211.00 15899.00
16074.00 16820.00 17327.00 15983.00
16091.00 17720.00 16381.00 15207.00
16102.00 17334.00 17259.00 15645.00
16117.00 16613.00 16217.00 17012.00
16139.00 16057.00 16621.00 17001.00
16161.00 17069.00 17838.00 15790.00
16202.00 17560.00 15942.00 16122.00
16224.00 16014.00 16259.00 17185.00
16225.00 17028.00 16745.00 16370.00
16291.00 16534.00 17914.00 16134.00
16327.00 16984.00 16586.00 16895.00
16341.00 16311.00 15680.00 17381.00
16355.00 16999.00 15943.00 16842.00
16374.00 16193.00 17345.00 16339.00
16411.00 17714.00 15661.00 15926.00
16421.00 16052.00 17607.00 15734.00
16422.00 16214.00 16871.00 16804.00
16432.00 17403.00 16099.00 16471.00
16442.00 17414.00 16843.00 16069.00
16450.00 17680.00 16213.00 15768.00
16464.00 16827.00 17573.00 15298.00
16468.00 15804.00 15874.00 17303.00
16487.00 16771.00 17139.00 16784.00
16497.00 17059.00 17538.00 15593.00
16507.00 15789.00 17182.00 16287.00
16510.00 17346.00 16745.00 15589.00
16590.00 17003.00 17020.00 16185.00
16625.00 16202.00 16406.00 16790.00
16660.00 17303.00 17218.00 15219.00
16663.00 15688.00 16497.00 16942.00
16671.00 16362.00 17299.00 15940.00
16697.00 16583.00 17653.00 15702.00
16709.00 17406.00 15735.00 15764.00
16710.00 16715.00 17093.00 15550.00
16746.00 16277.00 15919.00 17075.00
16773.00 17250.00 16691.00 16696.00
16801.00 15867.00 17426.00 16139.00
16816.00 17245.00 16058.00 16076.00
16819.00 16778.00 16314.00 16269.00
16828.00 16860.00 15767.00 16960.00
16832.00 16041.00 17070.00 16072.00
16851.00 16693.00 16957.00 16436.00
16853.00 15968.00 16874.00 16545.00
16853.00 16805.00 17234.00 15112.00
16854.00 17344.00 15594.00 16120.00
16868.00 17082.00 16012.00 16530.00
16898.00 17484.00 16213.00 15599.00
16910.00 16684.00 16394.00 16736.00
16910.00 17223.00 16549.00 15869.00
16930.00 17077.00 17117.00 15397.00
16938.00 16654.00 17059.00 15939.00
16964.00 15746.00 16799.00 16002.00
16994.00 16902.00 15496.00 16655.00
17000.00 15918.00 16420.00 16591.00
17030.00 15309.00 16857.00 16159.00
17041.00 16981.00 15529.00 16193.00
17047.00 16520.00 15876.00 16312.00
17070.00 15601.00 17110.00 15842.00
17104.00 16530.00 16681.00 16136.00
17144.00 17233.00 16452.00 15479.00
17206.00 16936.00 15918.00 16021.00
17227.00 16033.00 16672.00 16062.00
17283.00 16991.00 16858.00 15348.00
17287.00 16789.00 16607.00 15605.00
17299.00 16206.00 16844.00 15607.00
17307.00 16256.00 16261.00 16528.00
17364.00 17001.00 16087.00 15521.00
17368.00 15734.00 16293.00 16250.00
17377.00 16659.00 16961.00 15539.00
17418.00 16571.00 16637.00 15072.00
17431.00 16731.00 16270.00 16164.00
17469.00 16174.00 16356.00 15584.00
17531.00 15518.00 16435.00 15803.00
17536.00 16410.00 16126.00 15350.00
17610.00 16007.00 16902.00 15779.00
15128.00 17164.00 16617.00 16980.00
15173.00 17450.00 16535.00 16690.00
15177.00 16814.00 16904.00 16922.00
15313.00 15942.00 16630.00 17269.00
15334.00 17170.00 16288.00 16634.00
15396.00 17625.00 16777.00 16258.00
15433.00 16768.00 17532.00 16674.00
15447.00 16727.00 15986.00 16975.00
15522.00 16849.00 17159.00 16508.00
15539.00 16522.00 17007.00 16910.00
15548.00 16129.00 16081.00 17417.00
15569.00 16857.00 16550.00 16929.00
15614.00 17414.00 16383.00 16564.00
15661.00 17349.00 17027.00 16579.00
15728.00 16664.00 16370.00 17256.00
15835.00 17039.00 17136.00 16871.00
15838.00 17728.00 16683.00 16455.00
15838.00 17761.00 16639.00 16053.00
15944.00 16918.00 16079.00 16967.00
15946.00 17184.00 16561.00 16423.00
15949.00 17308.00 17123.00 16062.00
15962.00 15774.00 16841.00 17022.00
16017.00 16925.00 16816.00 16657.00
16025.00 16368.00 16986.00 16850.00
16049.00 16994.00 17527.00 16282.00
16068.00 17467.00 17511.00 15780.00
16105.00 16981.00 17313.00 15902.00
16111.00 16248.00 16421.00 17228.00
16124.00 16236.00 17717.00 16426.00
16126.00 17545.00 17006.00 16359.00
16130.00 17880.00 16408.00 15885.00
16205.00 16544.00 17586.00 15987.00
16259.00 17693.00 16916.00 15518.00
16293.00 16215.00 17341.00 16943.00
16308.00 17678.00 17018.00 16016.00
16320.00 16563.00 15834.00 17267.00
16328.00 16635.00 16358.00 17025.00
16333.00 17086.00 16410.00 16798.00
16335.00 15989.00 17097.00 16653.00
16370.00 17178.00 16772.00 16413.00
16391.00 16435.00 17346.00 16385.00
16406.00 17456.00 16317.00 16496.00
16421.00 17823.00 16159.00 16220.00
16471.00 17933.00 16233.00 15629.00
16478.00 16665.00 16931.00 16634.00
16479.00 16960.00 17092.00 16121.00
16487.00 16909.00 17553.00 16301.00
16505.00 17387.00 17373.00 15454.00
16515.00 16809.00 16631.00 16312.00
16540.00 16992.00 15976.00 16838.00
16573.00 16459.00 16892.00 16166.00
16639.00 16319.00 17482.00 15942.00
16644.00 16329.00 16641.00 17025.00
16660.00 17812.00 16837.00 15559.00
16688.00 16795.00 17139.00 15764.00
16691.00 16808.00 17735.00 15757.00
16702.00 17699.00 16439.00 15831.00
16710.00 15871.00 16874.00 16512.00
16747.00 17334.00 16187.00 16372.00
16756.00 17610.00 17164.00 15192.00
16764.00 16585.00 16360.00 16795.00
16771.00 17135.00 16835.00 15911.00
16792.00 17548.00 17133.00 15860.00
16802.00 16801.00 15652.00 16484.00
16831.00 17662.00 16120.00 15363.00
16842.00 16279.00 17678.00 16389.00
16889.00 16679.00 15948.00 17215.00
16930.00 16711.00 17261.00 16090.00
16934.00 17333.00 17504.00 15391.00
16967.00 16805.00 16476.00 16386.00
16976.00 16182.00 16289.00 16941.00
16992.00 16637.00 17371.00 15312.00
16999.00 17170.00 16481.00 16125.00
17009.00 15993.00 16457.00 16551.00
17011.00 16843.00 17332.00 15650.00
17018.00 17020.00 16834.00 16245.00
17025.00 16323.00 17140.00 16177.00
17029.00 17249.00 16700.00 15017.00
17064.00 16335.00 16346.00 16290.00
17079.00 16613.00 15567.00 16657.00
17101.00 16552.00 16121.00 16620.00
17109.00 16823.00 17022.00 15239.00
17116.00 16255.00 17356.00 15723.00
17137.00 17149.00 16958.00 15726.00
17157.00 16646.00 16727.00 16116.00
17159.00 17020.00 15947.00 15964.00
17206.00 16184.00 16795.00 16409.00
17246.00 16317.00 15991.00 15905.00
17314.00 15885.00 16992.00 16258.00
17323.00 16034.00 16864.00 15834.00
17323.00 16472.00 15623.00 16211.00
17372.00 17267.00 16566.00 15549.00
17375.00 16442.00 17016.00 15091.00
17434.00 16922.00 16410.00 15721.00
17435.00 16812.00 16669.00 15227.00
17457.00 16317.00 16510.00 15423.00
17521.00 16177.00 16254.00 16167.00
17542.00 16717.00 16094.00 15571.00
17544.00 17100.00 15860.00 15643.00
17684.00 17200.00 16347.00 15428.00
15021.00 17012.00 16741.00 17192.00
15126.00 16057.00 16603.00 17414.00
15280.00 16670.00 16432.00 17503.00
15313.00 16900.00 17080.00 17142.00
15355.00 16971.00 16078.00 17003.00
15478.00 17012.00 17059.00 16593.00
15676.00 16714.00 17123.00 16873.00
15690.00 17239.00 15923.00 16816.00
15740.00 16807.00 16693.00 16776.00
15745.00 17112.00 17415.00 16348.00
15798.00 16469.00 15940.00 17315.00
15867.00 17213.00 17512.00 15894.00
15895.00 16731.00 17023.00 17308.00
15909.00 17641.00 16699.00 16593.00
15919.00 17582.00 16329.00 16195.00
15971.00 16095.00 17196.00 16759.00
15980.00 16241.00 16437.00 17477.00
16062.00 17110.00 16858.00 16770.00
16099.00 17265.00 16182.00 16799.00
16115.00 16778.00 17203.00 16458.00
16180.00 17195.00 17553.00 15548.00
16187.00 17514.00 17018.00 16507.00
16189.00 16797.00 17748.00 16023.00
16193.00 17604.00 16799.00 16106.00
16202.00 16742.00 16676.00 16604.00
16253.00 16725.00 16399.00 17146.00
16267.00 15855.00 16690.00 17053.00
16273.00 17273.00 16684.00 16479.00
16315.00 16776.00 15584.00 16730.00
16333.00 17317.00 16998.00 15851.00
16335.00 17615.00 16381.00 15509.00
16336.00 17090.00 17486.00 16315.00
16398.00 17175.00 17297.00 15207.00
16422.00 17408.00 16103.00 16428.00
16441.00 16028.00 17457.00 16267.00
16448.00 16201.00 15645.00 17191.00
16482.00 16466.00 16811.00 16767.00
16499.00 17180.00 16703.00 16117.00
16527.00 16084.00 17005.00 16633.00
16533.00 16248.00 17122.00 16225.00
16555.00 17233.00 15837.00 16606.00
16576.00 17100.00 17419.00 15734.00
16588.00 17373.00 16688.00 15646.00
16592.00 16581.00 17064.00 16475.00
16609.00 17289.00 16946.00 15493.00
16610.00 16363.00 16487.00 17050.00
16630.00 16965.00 17008.00 16400.00
16723.00 16485.00 15218.00 16856.00
16725.00 17352.00 16432.00 16505.00
16775.00 17466.00 16096.00 15234.00
16787.00 16716.00 17375.00 16086.00
16820.00 15942.00 16299.00 17069.00
16821.00 16828.00 16204.00 16703.00
16827.00 17150.00 16988.00 14728.00
16882.00 16319.00 16862.00 16924.00
16886.00 17304.00 16591.00 15276.00
16886.00 17419.00 15637.00 15640.00
16917.00 16505.00 17019.00 15601.00
16940.00 15856.00 16941.00 16862.00
16949.00 16695.00 16841.00 16011.00
16965.00 15848.00 15678.00 16786.00
16968.00 17360.00 16527.00 14789.00
16993.00 16966.00 15723.00 16661.00
17004.00 16348.00 16132.00 16558.00
17041.00 16836.00 16361.00 15737.00
17044.00 16949.00 17230.00 15436.00
17046.00 16370.00 16812.00 16509.00
17105.00 17170.00 16117.00 16121.00
17109.00 16703.00 16529.00 16300.00
17114.00 15884.00 16549.00 16373.00
17125.00 15658.00 16427.00 16755.00
17142.00 16498.00 15580.00 16814.00
17178.00 16796.00 16945.00 15020.00
17183.00 17151.00 16080.00 15444.00
17187.00 16714.00 16718.00 15532.00
17189.00 17077.00 16551.00 15700.00
17230.00 16653.00 15347.00 16477.00
17237.00 17074.00 15598.00 15969.00
17303.00 15522.00 16430.00 16087.00
17327.00 15972.00 16752.00 15643.00
17341.00 16890.00 16081.00 15889.00
17363.00 16187.00 16030.00 16474.00
17370.00 16530.00 16168.00 16167.00
17398.00 16120.00 16261.00 15967.00
17401.00 17228.00 16725.00 15031.00
17405.00 15576.00 15829.00 16438.00
17493.00 16722.00 15696.00 16262.00
17494.00 16916.00 16580.00 15264.00
17559.00 16112.00 15311.00 16358.00
17610.00 16600.00 16632.00 15877.00
17684.00 16116.00 15688.00 16042.00
17710.00 16844.00 16007.00 15141.00
17721.00 16994.00 15494.00 15974.00
17729.00 17033.00 15983.00 15691.00
17743.00 16838.00 15419.00 15402.00
17746.00 16628.00 15797.00 14892.00
17778.00 15973.00 16278.00 15616.00
17814.00 16645.00 16139.00 14788.00
17851.00 16500.00 16595.00 15280.00
18012.00 16237.00 15628.00 15411.00
15167.00 16779.00 17614.00 16225.00
15498.00 16835.00 15997.00 17407.00
15557.00 16071.00 18041.00 15663.00
15591.00 16587.00 17811.00 15757.00
15607.00 16152.00 17724.00 16100.00
15612.00 16951.00 16472.00 17058.00
15646.00 16087.00 16556.00 17269.00
15689.00 16498.00 17626.00 16595.00
15777.00 16361.00 17312.00 16822.00
15871.00 16325.00 15714.00 17509.00
15900.00 16738.00 17103.00 16940.00
15906.00 15927.00 15926.00 17535.00
15919.00 16129.00 17847.00 15556.00
15932.00 17338.00 16668.00 16632.00
15943.00 17624.00 16363.00 15845.00
15966.00 16561.00 16710.00 17114.00
15969.00 15757.00 16915.00 17069.00
16016.00 17230.00 16992.00 16874.00
16044.00 17271.00 16740.00 16016.00
16131.00 16520.00 17762.00 15444.00
16143.00 17055.00 16399.00 17004.00
16188.00 15809.00 17903.00 15490.00
16212.00 17068.00 17651.00 16044.00
16259.00 17520.00 16739.00 16317.00
16285.00 16374.00 17636.00 16094.00
16291.00 16400.00 17274.00 16718.00
16321.00 16479.00 16837.00 16880.00
16324.00 17134.00 16364.00 16646.00
16324.00 17275.00 16480.00 15928.00
16328.00 17189.00 17336.00 15127.00
16349.00 16591.00 15891.00 17141.00
16354.00 16448.00 16290.00 17377.00
16368.00 16807.00 17126.00 16812.00
16393.00 16418.00 15522.00 17488.00
16434.00 17670.00 16205.00 15710.00
16438.00 16655.00 17514.00 16516.00
16450.00 17382.00 16107.00 16269.00
16527.00 15969.00 17041.00 16849.00
16527.00 16685.00 17499.00 15741.00
16609.00 17156.00 17055.00 16058.00
16612.00 16845.00 16885.00 16316.00
16650.00 16957.00 16924.00 15564.00
16652.00 16208.00 17763.00 15709.00
16665.00 17274.00 16471.00 16015.00
16674.00 15801.00 17096.00 16355.00
16678.00 16374.00 16834.00 16282.00
16706.00 17467.00 15538.00 16189.00
16710.00 16862.00 16405.00 16889.00
16721.00 17515.00 16685.00 15716.00
16771.00 16401.00 17298.00 16209.00
16816.00 17141.00 15988.00 17026.00
16827.00 16650.00 16586.00 16488.00
16828.00 17164.00 16198.00 16190.00
16842.00 16794.00 17381.00 16102.00
16871.00 16238.00 17267.00 15657.00
16872.00 16529.00 16755.00 16788.00
16891.00 16398.00 16029.00 16965.00
16895.00 17379.00 15402.00 15706.00
16928.00 17309.00 15969.00 15860.00
16933.00 16792.00 17353.00 15528.00
16943.00 16756.00 16828.00 15516.00
16953.00 17315.00 16417.00 15541.00
16962.00 17514.00 16050.00 15208.00
16991.00 17274.00 16168.00 16640.00
17002.00 15721.00 16526.00 16697.00
17007.00 15745.00 16118.00 16816.00
17018.00 16474.00 15476.00 16811.00
17065.00 16025.00 16007.00 17040.00
17067.00 16974.00 17141.00 14969.00
17073.00 16165.00 16397.00 16654.00
17081.00 15744.00 16859.00 16038.00
17191.00 17030.00 16369.00 14929.00
17196.00 16995.00 16678.00 15727.00
17197.00 16646.00 17201.00 15910.00
17198.00 17266.00 15634.00 15416.00
17241.00 17124.00 16326.00 16195.00
17284.00 16722.00 16500.00 16054.00
17286.00 16158.00 15700.00 16535.00
17289.00 16277.00 16751.00 16241.00
17289.00 16442.00 16203.00 15541.00
17350.00 16326.00 16055.00 16191.00
17392.00 16730.00 15826.00 16247.00
17403.00 16764.00 16203.00 15061.00
17408.00 16201.00 16292.00 15876.00
17432.00 16705.00 16966.00 15440.00
17449.00 17140.00 16175.00 15678.00
17456.00 16720.00 16412.00 15446.00
17460.00 16445.00 16591.00 14821.00
17482.00 16097.00 15533.00 15873.00
17511.00 16456.00 16184.00 15189.00
17528.00 16536.00 15947.00 15749.00
17534.00 16013.00 16267.00 15602.00
17570.00 16001.00 16926.00 15768.00
17617.00 16470.00 15554.00 15219.00
17618.00 16236.00 15248.00 15929.00
17733.00 15765.00 16460.00 15271.00
17754.00 16649.00 16210.00 14919.00
17784.00 15846.00 15783.00 15537.00
17813.00 16314.00 16337.00 15372.00
17820.00 16150.00 16464.00 14931.00
15030.00 16986.00 16163.00 17145.00
15140.00 17243.00 16097.00 16664.00
15246.00 16647.00 16196.00 17420.00
15333.00 16206.00 16596.00 17388.00
15564.00 17398.00 16090.00 16387.00
15580.00 16846.00 16820.00 16486.00
15594.00 17276.00 16658.00 16352.00
15619.00 17125.00 16085.00 17024.00
15669.00 17177.00 15523.00 17189.00
15675.00 17082.00 17089.00 16232.00
15732.00 16303.00 16875.00 17095.00
15779.00 16441.00 16125.00 17381.00
15892.00 16797.00 17558.00 16253.00
15954.00 16985.00 17088.00 15898.00
15971.00 16856.00 16682.00 17053.00
16029.00 16310.00 17753.00 16828.00
16052.00 17611.00 16258.00 16096.00
16069.00 17440.00 17008.00 15906.00
16086.00 16892.00 16199.00 17378.00
16103.00 17512.00 15978.00 16671.00
16107.00 17207.00 16549.00 15890.00
16191.00 16315.00 17488.00 16211.00
16194.00 16619.00 17094.00 16898.00
16213.00 15982.00 16836.00 16986.00
16225.00 17546.00 15702.00 16012.00
16270.00 17234.00 17393.00 15309.00
16306.00 17138.00 16502.00 16634.00
16316.00 17018.00 16934.00 16232.00
16344.00 16990.00 15869.00 17097.00
16351.00 16137.00 16224.00 16967.00
16397.00 16547.00 16694.00 16791.00
16401.00 16749.00 17656.00 16036.00
16408.00 16783.00 17586.00 15255.00
16417.00 17301.00 16957.00 15114.00
16458.00 17164.00 16356.00 16140.00
16510.00 17671.00 16877.00 15730.00
16530.00 16557.00 16162.00 17268.00
16561.00 16585.00 17478.00 16638.00
16607.00 16465.00 17508.00 15571.00
16613.00 16368.00 15772.00 17187.00
16653.00 17471.00 16031.00 15967.00
16656.00 16614.00 17032.00 16572.00
16666.00 15914.00 15566.00 17211.00
16686.00 15996.00 17408.00 16830.00
16711.00 16118.00 17178.00 16308.00
16716.00 16491.00 16075.00 16730.00
16723.00 16347.00 17552.00 16031.00
16730.00 17511.00 16226.00 15392.00
16733.00 16781.00 16511.00 16729.00
16748.00 17169.00 17116.00 15697.00
16750.00 16128.00 16368.00 17112.00
16750.00 16900.00 16216.00 16435.00
16773.00 17487.00 15621.00 16053.00
16783.00 17127.00 17256.00 14518.00
16803.00 17298.00 16681.00 15866.00
16804.00 17501.00 16666.00 15312.00
16835.00 16398.00 16653.00 16425.00
16841.00 16599.00 15363.00 16803.00
16884.00 16991.00 16723.00 16304.00
16902.00 16743.00 17541.00 15133.00
16912.00 16822.00 17412.00 15769.00
16948.00 16800.00 15846.00 16593.00
16955.00 17064.00 16645.00 14838.00
16974.00 16141.00 16701.00 16848.00
16991.00 17272.00 15721.00 15386.00
17022.00 15753.00 17185.00 16148.00
17063.00 16123.00 15996.00 16455.00
17079.00 16006.00 15997.00 17077.00
17110.00 17190.00 16164.00 15009.00
17121.00 16325.00 17086.00 16239.00
17157.00 17123.00 16313.00 15494.00
17183.00 16593.00 16708.00 15884.00
17187.00 15712.00 16560.00 16635.00
17193.00 16097.00 16609.00 16384.00
17201.00 16380.00 17107.00 15694.00
17255.00 17212.00 15427.00 16194.00
17256.00 16975.00 16823.00 15533.00
17257.00 16942.00 16469.00 16104.00
17270.00 17050.00 17273.00 14816.00
17299.00 15931.00 17194.00 15844.00
17313.00 15729.00 15976.00 16343.00
17325.00 16334.00 17518.00 15699.00
17333.00 16157.00 17304.00 15383.00
17334.00 16041.00 15496.00 16397.00
17377.00 16836.00 15698.00 16358.00
17390.00 16264.00 16415.00 15929.00
17503.00 15693.00 17024.00 15318.00
17550.00 17123.00 16074.00 16157.00
17562.00 15950.00 16815.00 15853.00
17595.00 16671.00 16544.00 15596.00
17605.00 16992.00 15018.00 15897.00
17647.00 15848.00 16504.00 16144.00
17704.00 16709.00 15614.00 15841.00
17745.00 16511.00 17024.00 14848.00
17761.00 16226.00 16961.00 15592.00
17777.00 16035.00 15592.00 15959.00
17826.00 16078.00 16206.00 15565.00
17845.00 16471.00 16727.00 15304.00
17851.00 16131.00 15309.00 15580.00
17979.00 16183.00 16696.00 14956.00
15194.00 16959.00 15650.00 17202.00
15411.00 17015.00 16982.00 16694.00
15550.00 16840.00 17324.00 16411.00
15554.00 17298.00 17099.00 16253.00
15585.00 16883.00 17347.00 15893.00
15592.00 16185.00 16469.00 17404.00
15616.00 16429.00 17477.00 16316.00
15616.00 17028.00 16846.00 16349.00
15630.00 17454.00 16544.00 16378.00
15703.00 16804.00 16757.00 17078.00
15750.00 16097.00 17379.00 16702.00
15783.00 16786.00 17916.00 16077.00
15817.00 17487.00 16587.00 15780.00
15820.00 16141.00 17117.00 17213.00
15871.00 17166.00 15861.00 16654.00
15905.00 16060.00 17913.00 15874.00
15908.00 16949.00 17196.00 17037.00
15933.00 16813.00 16245.00 17237.00
15934.00 16400.00 17035.00 16698.00
15954.00 17678.00 16056.00 15620.00
15986.00 17635.00 16126.00 16408.00
15989.00 17273.00 17085.00 15915.00
15991.00 16670.00 17352.00 16396.00
15999.00 15640.00 15848.00 17348.00
16052.00 17032.00 16495.00 16769.00
16054.00 16591.00 15600.00 17234.00
16073.00 17485.00 17293.00 15531.00
16074.00 16367.00 17517.00 15869.00
16080.00 16169.00 17692.00 15321.00
16088.00 16034.00 15797.00 17526.00
16118.00 15912.00 17545.00 16424.00
16158.00 17118.00 17259.00 16268.00
16175.00 15472.00 17712.00 15858.00
16198.00 17337.00 16625.00 16431.00
16227.00 16535.00 16639.00 17227.00
16293.00 16669.00 17441.00 15515.00
16294.00 16806.00 16588.00 16207.00
16307.00 16023.00 16153.00 17250.00
16312.00 15873.00 16645.00 16894.00
16318.00 16931.00 16908.00 15926.00
16329.00 16468.00 16125.00 17295.00
16373.00 16237.00 17291.00 16351.00
16428.00 16408.00 16931.00 16619.00
16431.00 16977.00 17297.00 15027.00
16433.00 17519.00 16398.00 15932.00
16443.00 16776.00 16410.00 16577.00
16450.00 16590.00 17585.00 14720.00
16454.00 15877.00 15746.00 17276.00
16486.00 17668.00 15740.00 15395.00
16519.00 16302.00 15532.00 17411.00
16526.00 16756.00 16868.00 16279.00
16539.00 16681.00 16854.00 16826.00
16558.00 17430.00 16186.00 15304.00
16569.00 17384.00 17123.00 15406.00
16644.00 16408.00 17429.00 15695.00
16649.00 15974.00 16926.00 16589.00
16650.00 16417.00 16601.00 16541.00
16664.00 16822.00 15959.00 16525.00
16665.00 17246.00 16724.00 15881.00
16669.00 16355.00 17572.00 16264.00
16704.00 17305.00 16506.00 16302.00
16771.00 16421.00 16092.00 17112.00
16781.00 16338.00 17459.00 15200.00
16806.00 15606.00 16591.00 16846.00
16813.00 16856.00 17267.00 16029.00
16815.00 17208.00 16607.00 15366.00
16834.00 15915.00 15943.00 17133.00
16841.00 16614.00 15292.00 16630.00
16915.00 17277.00 15632.00 15801.00
16934.00 16929.00 16973.00 15143.00
16941.00 17161.00 15890.00 16242.00
16945.00 16894.00 16742.00 16040.00
16948.00 16254.00 16296.00 16698.00
16955.00 15699.00 17018.00 16122.00
16965.00 16381.00 17351.00 14816.00
16987.00 17046.00 16360.00 16044.00
16996.00 17142.00 16113.00 15412.00
17088.00 16492.00 16887.00 16440.00
17122.00 15991.00 15763.00 16812.00
17130.00 16148.00 17009.00 15822.00
17152.00 16600.00 15762.00 16967.00
17157.00 15947.00 16562.00 16739.00
17161.00 17074.00 16899.00 15742.00
17187.00 16127.00 16669.00 16245.00
17197.00 16728.00 16838.00 15413.00
17202.00 16632.00 17061.00 15700.00
17407.00 16621.00 17209.00 15153.00
17411.00 15669.00 16699.00 15995.00
17422.00 16407.00 16835.00 15370.00
17434.00 17146.00 15688.00 15116.00
17459.00 16926.00 15563.00 15948.00
17462.00 15985.00 17047.00 15481.00
17497.00 15979.00 16152.00 16226.00
17507.00 16504.00 15739.00 16327.00
17549.00 16552.00 16541.00 16074.00
17565.00 16922.00 16568.00 15919.00
17599.00 16325.00 16201.00 15636.00
17660.00 16204.00 16672.00 15696.00
17772.00 16393.00 15870.00 15822.00
17813.00 16067.00 16433.00 16050.00
15270.00 16348.00 16697.00 17143.00
15329.00 17662.00 16269.00 16343.00
15458.00 16523.00 17788.00 16002.00
15463.00 16819.00 17688.00 15650.00
15522.00 17626.00 16755.00 15783.00
15525.00 17311.00 16758.00 16748.00
15553.00 17769.00 16116.00 15810.00
15668.00 16532.00 16233.00 17410.00
15747.00 17463.00 16377.00 16127.00
15775.00 16088.00 16937.00 17059.00
15845.00 17440.00 17191.00 14907.00
15848.00 15848.00 17423.00 16633.00
15868.00 17097.00 17204.00 16701.00
15882.00 18035.00 16359.00 15450.00
15896.00 16443.00 16708.00 16982.00
15906.00 16539.00 17156.00 16715.00
15923.00 17260.00 16185.00 16986.00
15945.00 16269.00 18130.00 15341.00
15957.00 17226.00 17309.00 15381.00
15960.00 16920.00 17808.00 15326.00
15971.00 16414.00 17719.00 16182.00
16002.00 16873.00 16669.00 17216.00
16105.00 17723.00 16053.00 15910.00
16120.00 16090.00 16518.00 17079.00
16124.00 16530.00 17713.00 15656.00
16152.00 16886.00 16790.00 16634.00
16207.00 17500.00 17025.00 15874.00
16208.00 17446.00 16378.00 16421.00
16212.00 15722.00 17237.00 16891.00
16226.00 17047.00 17495.00 15867.00
16249.00 17882.00 16643.00 15629.00
16266.00 16531.00 15935.00 17150.00
16305.00 16950.00 17708.00 14949.00
16324.00 16256.00 17840.00 14751.00
16344.00 16401.00 16496.00 17423.00
16348.00 17660.00 16518.00 15120.00
16353.00 17326.00 16850.00 16522.00
16361.00 17376.00 15707.00 16463.00
16367.00 16887.00 16356.00 16803.00
16370.00 15992.00 17592.00 16200.00
16380.00 15327.00 16808.00 17024.00
16401.00 16243.00 17385.00 16840.00
16411.00 16633.00 17554.00 16373.00
16466.00 17228.00 16558.00 15528.00
16482.00 16066.00 18034.00 15730.00
16517.00 16967.00 17700.00 15602.00
16525.00 16690.00 17041.00 16495.00
16536.00 17318.00 17258.00 15425.00
16557.00 17096.00 17044.00 16052.00
16563.00 16431.00 17560.00 15530.00
16569.00 16117.00 15981.00 17074.00
16572.00 16667.00 17022.00 16967.00
16581.00 17310.00 16049.00 15881.00
16602.00 17056.00 17377.00 14663.00
16629.00 16292.00 16511.00 16885.00
16644.00 15640.00 16238.00 16886.00
16653.00 17656.00 16131.00 15235.00
16717.00 17168.00 16439.00 16363.00
16723.00 17623.00 16597.00 14842.00
16839.00 16979.00 17408.00 16393.00
16841.00 16226.00 17462.00 15155.00
16862.00 15941.00 16853.00 16522.00
16864.00 15545.00 16691.00 16883.00
16887.00 16077.00 16094.00 16669.00
16902.00 16674.00 16051.00 17066.00
16904.00 16824.00 16353.00 16586.00
16929.00 16592.00 15411.00 16698.00
16944.00 15619.00 15607.00 16839.00
16949.00 16584.00 16942.00 16509.00
16955.00 17056.00 16403.00 15932.00
16978.00 17368.00 16011.00 15481.00
17007.00 17311.00 16044.00 15044.00
17027.00 16346.00 17396.00 15974.00
17030.00 16831.00 17362.00 15531.00
17037.00 16751.00 17236.00 14989.00
17073.00 15969.00 17583.00 15429.00
17076.00 16771.00 17177.00 16099.00
17097.00 17375.00 16614.00 14557.00
17114.00 17144.00 16921.00 15849.00
17127.00 16443.00 16278.00 16566.00
17133.00 16139.00 17118.00 15566.00
17172.00 17233.00 17102.00 15246.00
17191.00 16991.00 16647.00 16475.00
17210.00 16797.00 16134.00 16211.00
17246.00 17276.00 16497.00 14964.00
17254.00 17097.00 16319.00 15495.00
17262.00 16707.00 16486.00 15194.00
17279.00 15915.00 16447.00 16650.00
17297.00 16575.00 16940.00 14480.00
17298.00 16685.00 16873.00 15693.00
17338.00 16599.00 16719.00 16185.00
17348.00 16371.00 16401.00 15637.00
17385.00 16264.00 17114.00 15149.00
17421.00 15819.00 16207.00 16137.00
17427.00 16101.00 15217.00 16587.00
17461.00 16959.00 15846.00 15853.00
17477.00 16264.00 15895.00 16353.00
17530.00 16973.00 16931.00 14858.00
17533.00 16628.00 16164.00 15942.00
17782.00 16169.00 16082.00 15515.00
15217.00 16569.00 16848.00 17162.00
15266.00 16771.00 16268.00 17108.00
15555.00 17022.00 16976.00 17032.00
15580.00 16547.00 16294.00 17476.00
15646.00 15953.00 16945.00 17159.00
15678.00 16442.00 16953.00 17104.00
15690.00 17337.00 16629.00 16706.00
15716.00 16977.00 17617.00 16065.00
15830.00 16115.00 16447.00 17636.00
15837.00 16553.00 17482.00 16932.00
15883.00 17276.00 17051.00 16378.00
15965.00 16567.00 16025.00 17187.00
16006.00 17020.00 17156.00 16858.00
16033.00 16124.00 16156.00 17426.00
16048.00 16356.00 17279.00 16743.00
16076.00 17449.00 17293.00 16140.00
16079.00 16431.00 16401.00 17382.00
16080.00 17151.00 16028.00 16835.00
16085.00 16456.00 17577.00 16480.00
16143.00 15706.00 16113.00 17431.00
16163.00 15973.00 17331.00 17045.00
16186.00 17590.00 16848.00 16360.00
16190.00 16276.00 16937.00 16853.00
16231.00 17369.00 16362.00 15899.00
16243.00 17366.00 16712.00 16642.00
16252.00 17027.00 17481.00 15723.00
16254.00 16387.00 17691.00 16023.00
16314.00 15797.00 16744.00 17373.00
16335.00 16742.00 17483.00 16187.00
16353.00 17470.00 16083.00 15549.00
16367.00 16025.00 17426.00 16545.00
16405.00 17188.00 17167.00 15944.00
16407.00 16625.00 17137.00 16566.00
16425.00 17104.00 16986.00 16634.00
16463.00 16447.00 16851.00 17222.00
16464.00 17428.00 16078.00 16405.00
16478.00 17018.00 16519.00 16617.00
16487.00 16667.00 16150.00 17108.00
16490.00 15470.00 16157.00 17139.00
16543.00 17287.00 16784.00 16075.00
16558.00 16150.00 15975.00 17215.00
16606.00 15911.00 17017.00 16895.00
16606.00 16559.00 17929.00 16017.00
16626.00 16037.00 16535.00 16849.00
16631.00 16989.00 17468.00 15908.00
16655.00 16443.00 15614.00 17024.00
16667.00 17357.00 15664.00 15782.00
16673.00 17138.00 17383.00 16536.00
16680.00 17617.00 15503.00 16187.00
16687.00 16455.00 17483.00 16202.00
16731.00 16830.00 17165.00 16322.00
16760.00 16661.00 16800.00 16672.00
16763.00 15574.00 16646.00 17103.00
16776.00 16771.00 16397.00 16826.00
16779.00 15952.00 16941.00 16390.00
16794.00 16307.00 17389.00 15726.00
16796.00 16174.00 17622.00 15355.00
16803.00 16938.00 15520.00 16480.00
16832.00 17215.00 16544.00 16286.00
16837.00 16269.00 16881.00 16457.00
16850.00 15982.00 16358.00 17032.00
16900.00 16606.00 15774.00 16541.00
16912.00 16637.00 17595.00 15599.00
16951.00 16580.00 16031.00 16907.00
16955.00 16247.00 15558.00 16583.00
16962.00 16489.00 16559.00 16420.00
16972.00 16888.00 16151.00 16159.00
16978.00 16018.00 17367.00 16048.00
16995.00 16049.00 15824.00 16864.00
17009.00 15249.00 16692.00 16574.00
17035.00 15059.00 16124.00 16577.00
17055.00 15671.00 15486.00 16671.00
17063.00 17334.00 16439.00 15776.00
17066.00 17259.00 15782.00 15803.00
17088.00 17187.00 16220.00 15472.00
17088.00 17215.00 16997.00 15251.00
17094.00 17132.00 17154.00 15988.00
17113.00 16506.00 17326.00 15177.00
17123.00 15512.00 17448.00 15464.00
17139.00 16705.00 16517.00 15816.00
17177.00 16153.00 16463.00 16277.00
17213.00 15772.00 16795.00 15985.00
17235.00 15842.00 16710.00 16464.00
17244.00 16156.00 16179.00 16556.00
17251.00 16312.00 15705.00 16302.00
17282.00 16350.00 16221.00 16132.00
17291.00 16353.00 17078.00 15540.00
17354.00 16653.00 16791.00 15816.00
17443.00 16240.00 16790.00 15170.00
17455.00 16653.00 16050.00 16151.00
17469.00 17069.00 16534.00 15770.00
17517.00 15816.00 16542.00 16070.00
17575.00 16807.00 16198.00 15779.00
17608.00 16281.00 16480.00 16092.00
17621.00 15647.00 15948.00 15855.00
17668.00 16282.00 16637.00 15587.00
17668.00 16921.00 16121.00 15345.00
17730.00 16287.00 16206.00 15412.00
17753.00 15879.00 16729.00 14923.00
17780.00 16352.00 16372.00 14854.00
15001.00 17020.00 16850.00 17001.00
15284.00 16754.00 15730.00 17341.00
15323.00 17258.00 16586.00 16755.00
15399.00 16845.00 17383.00 16992.00
15478.00 16572.00 16282.00 17390.00
15563.00 16715.00 17564.00 16444.00
15616.00 16714.00 17038.00 17209.00
15669.00 17238.00 16222.00 17005.00
15748.00 16867.00 16586.00 17052.00
15755.00 16812.00 17219.00 16727.00
15764.00 17308.00 17278.00 16626.00
15767.00 16943.00 15746.00 16970.00
15795.00 17661.00 16225.00 16178.00
15822.00 15660.00 17116.00 17178.00
15842.00 16420.00 17525.00 16682.00
15879.00 16354.00 16147.00 17521.00
15900.00 17402.00 16818.00 16733.00
15912.00 17018.00 17336.00 16171.00
15913.00 16317.00 17333.00 17074.00
15920.00 16849.00 16818.00 16589.00
15949.00 17239.00 16019.00 16551.00
15958.00 16803.00 17947.00 15748.00
16030.00 16636.00 16405.00 17304.00
16065.00 17481.00 16487.00 16466.00
16069.00 16440.00 17782.00 16164.00
16078.00 16281.00 16713.00 17576.00
16106.00 17542.00 15727.00 16358.00
16110.00 17265.00 16752.00 15970.00
16115.00 16741.00 17290.00 16361.00
16138.00 16028.00 16893.00 17188.00
16161.00 16304.00 15827.00 17419.00
16201.00 16723.00 17000.00 16834.00
16209.00 16818.00 16259.00 16915.00
16245.00 16119.00 17313.00 16882.00
16273.00 15942.00 16340.00 17315.00
16285.00 17272.00 16242.00 16307.00
16314.00 15833.00 15994.00 17217.00
16338.00 17434.00 16026.00 15957.00
16347.00 16901.00 16609.00 16612.00
16350.00 16836.00 17620.00 15876.00
16351.00 17008.00 17245.00 15686.00
16393.00 16536.00 16626.00 17047.00
16393.00 16625.00 16277.00 17127.00
16416.00 16498.00 18133.00 16078.00
16420.00 16433.00 17516.00 16448.00
16439.00 16725.00 17932.00 15496.00
16441.00 16717.00 17415.00 16741.00
16448.00 16772.00 15913.00 16799.00
16457.00 16546.00 15823.00 17113.00
16472.00 17191.00 17199.00 16290.00
16482.00 16732.00 17755.00 16211.00
16493.00 17251.00 16830.00 15595.00
16520.00 17119.00 16379.00 16142.00
16538.00 16809.00 17480.00 15540.00
16546.00 16061.00 15905.00 17417.00
16561.00 16711.00 15254.00 16967.00
16578.00 16775.00 16677.00 16277.00
16598.00 16150.00 16801.00 16897.00
16603.00 15886.00 17281.00 16293.00
16603.00 16664.00 16538.00 16755.00
16628.00 17002.00 15345.00 16462.00
16653.00 16949.00 16126.00 16633.00
16662.00 16334.00 15885.00 16869.00
16663.00 16534.00 17008.00 16014.00
16677.00 16106.00 16427.00 17198.00
16705.00 16355.00 17383.00 15275.00
16739.00 16416.00 16996.00 16469.00
16743.00 16268.00 16278.00 16532.00
16748.00 17163.00 17200.00 15640.00
16764.00 17413.00 16629.00 16112.00
16887.00 16761.00 16475.00 16040.00
16922.00 16301.00 15486.00 16916.00
16992.00 16195.00 17387.00 15851.00
17001.00 16204.00 16615.00 16752.00
17031.00 16822.00 17114.00 15578.00
17057.00 16472.00 15837.00 16858.00
17090.00 15986.00 16588.00 16456.00
17092.00 16332.00 17269.00 16351.00
17092.00 17260.00 16119.00 16057.00
17097.00 16629.00 16456.00 16394.00
17160.00 16666.00 15877.00 16433.00
17163.00 16862.00 15495.00 16551.00
17181.00 16781.00 16182.00 16070.00
17191.00 16336.00 15341.00 16432.00
17194.00 16300.00 17057.00 15281.00
17210.00 15687.00 17218.00 15976.00
17218.00 16442.00 16465.00 16048.00
17248.00 16292.00 16216.00 16534.00
17296.00 17110.00 17002.00 16025.00
17338.00 15618.00 16791.00 16309.00
17375.00 16090.00 16979.00 16028.00
17386.00 15730.00 16076.00 16569.00
17470.00 16602.00 15784.00 15774.00
17517.00 16050.00 16371.00 16239.00
17530.00 15659.00 16703.00 15106.00
17574.00 16564.00 16169.00 16231.00
17582.00 15896.00 16647.00 15894.00
17682.00 16335.00 16202.00 15765.00
17782.00 15653.00 16339.00 15543.00
17861.00 16119.00 15776.00 15763.00
15042.00 16478.00 17701.00 16515.00
15310.00 17041.00 17280.00 16432.00
15367.00 16071.00 16339.00 17201.00
15382.00 16732.00 17607.00 16042.00
15540.00 16533.00 17547.00 16673.00
15580.00 16589.00 18112.00 16240.00
15637.00 16126.00 15940.00 17323.00
15682.00 16752.00 16267.00 17062.00
15685.00 16558.00 16767.00 17191.00
15689.00 17666.00 16960.00 15797.00
15695.00 15614.00 17182.00 16969.00
15700.00 17330.00 17439.00 16035.00
15724.00 16916.00 17137.00 16664.00
15740.00 17526.00 16717.00 16256.00
15787.00 16941.00 18073.00 15845.00
15818.00 17129.00 16574.00 16753.00
15819.00 16145.00 17753.00 16597.00
15822.00 16282.00 17232.00 16911.00
15881.00 16985.00 17565.00 16352.00
15989.00 17209.00 17410.00 15690.00
15991.00 17501.00 16196.00 16523.00
16024.00 16782.00 17621.00 15471.00
16039.00 16472.00 17793.00 16328.00
16054.00 17374.00 16956.00 16110.00
16061.00 16454.00 17797.00 15783.00
16077.00 16645.00 17004.00 16871.00
16087.00 17247.00 16200.00 17013.00
16120.00 16519.00 15942.00 17239.00
16130.00 16869.00 17151.00 16008.00
16141.00 16853.00 15540.00 17154.00
16164.00 15554.00 17355.00 16622.00
16168.00 17563.00 17063.00 15665.00
16176.00 16009.00 17445.00 16432.00
16181.00 16612.00 16552.00 16799.00
16231.00 17424.00 16583.00 16372.00
16241.00 16001.00 17218.00 16907.00
16244.00 16758.00 17270.00 16580.00
16248.00 17598.00 16322.00 15799.00
16276.00 16442.00 17369.00 16124.00
16277.00 16159.00 16630.00 17190.00
16326.00 17693.00 16950.00 15184.00
16333.00 16215.00 15570.00 17259.00
16418.00 15855.00 16008.00 17163.00
16442.00 17189.00 17539.00 15121.00
16456.00 17210.00 16130.00 16524.00
16490.00 16781.00 17280.00 15754.00
16502.00 16892.00 16057.00 17089.00
16503.00 16584.00 16457.00 17162.00
16526.00 17191.00 17070.00 16464.00
16530.00 16299.00 17855.00 15814.00
16531.00 17102.00 16534.00 17053.00
16532.00 16131.00 16981.00 16569.00
16543.00 17440.00 17095.00 15943.00
16607.00 17612.00 16575.00 15603.00
16615.00 17315.00 16539.00 16193.00
16628.00 16602.00 17606.00 15386.00
16644.00 15884.00 16865.00 17027.00
16666.00 16623.00 17010.00 16280.00
16687.00 16475.00 15920.00 16848.00
16747.00 15538.00 17058.00 16535.00
16785.00 17394.00 16978.00 15248.00
16810.00 16085.00 17390.00 16117.00
16824.00 15962.00 15788.00 16901.00
16830.00 16927.00 17354.00 15330.00
16846.00 16462.00 16799.00 16863.00
16852.00 17044.00 16684.00 16587.00
16863.00 17236.00 16300.00 15852.00
16869.00 16924.00 16092.00 16420.00
16895.00 16976.00 17003.00 15902.00
16933.00 16706.00 17534.00 16018.00
16975.00 15929.00 16697.00 16491.00
16989.00 16113.00 17334.00 15470.00
17014.00 16599.00 16993.00 15540.00
17041.00 15764.00 16401.00 16743.00
17051.00 17236.00 16697.00 15736.00
17056.00 16886.00 16656.00 15366.00
17071.00 15616.00 16837.00 16103.00
17080.00 16822.00 17148.00 14997.00
17086.00 16594.00 16627.00 16328.00
17094.00 16769.00 15681.00 16433.00
17125.00 16489.00 16168.00 16640.00
17175.00 16128.00 16494.00 16107.00
17226.00 17149.00 16043.00 16034.00
17248.00 17256.00 16400.00 15493.00
17300.00 17152.00 17042.00 15254.00
17303.00 15688.00 16323.00 16272.00
17303.00 16538.00 16914.00 16031.00
17340.00 17015.00 16858.00 14828.00
17417.00 16698.00 16149.00 16162.00
17453.00 16605.00 17074.00 15232.00
17494.00 17220.00 16538.00 15946.00
17556.00 15778.00 16304.00 15827.00
17562.00 16240.00 15864.00 16152.00
17586.00 16539.00 16572.00 15065.00
17617.00 17201.00 16433.00 15099.00
17628.00 16044.00 16697.00 15525.00
17634.00 16413.00 16218.00 15589.00
17777.00 16723.00 16497.00 15412.00
17781.00 16006.00 15930.00 15562.00
18040.00 16375.00 16285.00 15323.00
15111.00 16943.00 16147.00 17182.00
15112.00 17093.00 16802.00 16798.00
15156.00 17321.00 16007.00 16834.00
15327.00 17312.00 16490.00 16696.00
15413.00 16637.00 17339.00 16747.00
15569.00 16256.00 17161.00 16956.00
15612.00 17269.00 17035.00 16599.00
15647.00 16845.00 17275.00 16285.00
15656.00 16882.00 16141.00 16852.00
15679.00 16255.00 16767.00 17141.00
15688.00 17212.00 17472.00 15870.00
15690.00 16274.00 17629.00 16671.00
15762.00 16641.00 16225.00 17285.00
15788.00 17345.00 16059.00 16724.00
15859.00 16459.00 17551.00 16330.00
15919.00 15714.00 17549.00 16710.00
15923.00 16630.00 17119.00 16911.00
15937.00 15901.00 16787.00 17345.00
15940.00 16620.00 15805.00 17428.00
15952.00 15784.00 15877.00 17710.00
15975.00 17594.00 16051.00 16171.00
15997.00 16078.00 17089.00 16716.00
16039.00 16088.00 17870.00 16050.00
16048.00 17234.00 16598.00 16601.00
16049.00 17317.00 16778.00 16020.00
16067.00 16156.00 15752.00 17493.00
16079.00 16507.00 18030.00 15700.00
16084.00 16772.00 16984.00 16564.00
16106.00 16731.00 17694.00 16155.00
16126.00 17093.00 16203.00 16769.00
16146.00 15826.00 16299.00 17333.00
16161.00 16817.00 16839.00 17021.00
16199.00 16614.00 16323.00 16633.00
16222.00 16894.00 16561.00 16423.00
16272.00 16762.00 15711.00 16792.00
16279.00 16729.00 17154.00 16175.00
16286.00 16270.00 17623.00 16454.00
16372.00 16709.00 16262.00 17093.00
16391.00 15912.00 16906.00 17244.00
16394.00 17220.00 17352.00 15887.00
16413.00 16532.00 15781.00 17188.00
16444.00 16999.00 16190.00 16293.00
16494.00 16474.00 17822.00 15925.00
16499.00 17442.00 16596.00 15620.00
16515.00 17269.00 16107.00 16656.00
16516.00 16586.00 17035.00 16921.00
16551.00 16687.00 17633.00 15447.00
16561.00 15954.00 17706.00 16033.00
16577.00 16184.00 16123.00 16905.00
16582.00 16598.00 17430.00 16578.00
16602.00 15961.00 17039.00 16836.00
16611.00 16769.00 16070.00 16720.00
16619.00 15637.00 17570.00 16397.00
16625.00 16720.00 17492.00 16132.00
16657.00 16573.00 16818.00 16586.00
16677.00 16840.00 15690.00 16898.00
16713.00 16496.00 17525.00 15022.00
16721.00 17402.00 16458.00 16280.00
16734.00 15958.00 15791.00 17159.00
16738.00 17077.00 15827.00 16491.00
16756.00 16598.00 17334.00 15868.00
16765.00 17385.00 17165.00 15675.00
16789.00 17064.00 17150.00 14824.00
16815.00 16219.00 17882.00 15573.00
16826.00 15767.00 16403.00 16898.00
16827.00 17088.00 16391.00 15836.00
16874.00 16100.00 17505.00 15764.00
16897.00 16996.00 16556.00 16474.00
16903.00 17400.00 16098.00 15705.00
16918.00 16210.00 15685.00 16751.00
16953.00 17286.00 16780.00 15257.00
16965.00 16342.00 16321.00 16566.00
16966.00 16528.00 17238.00 15349.00
16979.00 16211.00 17275.00 16402.00
16988.00 15849.00 16841.00 16509.00
17054.00 16847.00 16122.00 16458.00
17095.00 16392.00 17175.00 15892.00
17122.00 16786.00 17133.00 15650.00
17137.00 16352.00 15691.00 16240.00
17201.00 16914.00 16700.00 15412.00
17210.00 17057.00 16635.00 15998.00
17236.00 17536.00 16087.00 15282.00
17287.00 16810.00 17109.00 16232.00
17341.00 15951.00 17063.00 15371.00
17365.00 15945.00 16519.00 15800.00
17373.00 16471.00 15303.00 15919.00
17377.00 16785.00 17211.00 15154.00
17395.00 16325.00 16378.00 16266.00
17418.00 15869.00 15806.00 16240.00
17438.00 17252.00 16292.00 15828.00
17466.00 17038.00 16508.00 15015.00
17478.00 16395.00 16686.00 15422.00
17539.00 16525.00 16800.00 15011.00
17542.00 16719.00 16386.00 15905.00
17589.00 16782.00 15850.00 15756.00
17618.00 15912.00 16545.00 16127.00
17649.00 16686.00 16094.00 15366.00
17714.00 15905.00 16546.00 15607.00
17738.00 17150.00 16146.00 15257.00
17878.00 15960.00 16077.00 15608.00
15211.00 16600.00 16624.00 16906.00
15448.00 17197.00 16845.00 16807.00
15476.00 17340.00 17190.00 15997.00
15600.00 17708.00 16697.00 15713.00
15808.00 17092.00 16069.00 16812.00
15811.00 16598.00 16936.00 16846.00
15872.00 16681.00 16209.00 17209.00
15882.00 17480.00 16744.00 16440.00
15916.00 17249.00 17500.00 15576.00
15926.00 16647.00 17818.00 16087.00
15944.00 15992.00 16799.00 17299.00
16018.00 17560.00 17370.00 15958.00
16025.00 16906.00 17142.00 16507.00
16066.00 16198.00 17924.00 15818.00
16099.00 17420.00 16780.00 15818.00
16175.00 16118.00 15972.00 17375.00
16198.00 17317.00 16422.00 16648.00
16222.00 17475.00 16171.00 15974.00
16237.00 16856.00 16547.00 17169.00
16250.00 15970.00 17180.00 16527.00
16252.00 17402.00 16908.00 15285.00
16289.00 16308.00 17696.00 16300.00
16309.00 17373.00 17451.00 14943.00
16314.00 17217.00 16942.00 16211.00
16317.00 17842.00 16647.00 15579.00
16325.00 16261.00 16952.00 16987.00
16344.00 16800.00 17524.00 15810.00
16384.00 17275.00 17305.00 15373.00
16386.00 16719.00 17385.00 16291.00
16420.00 17449.00 15499.00 16509.00
16422.00 16886.00 16892.00 16852.00
16431.00 17329.00 15944.00 16783.00
16444.00 16915.00 17747.00 15207.00
16450.00 17271.00 17438.00 16024.00
16478.00 16849.00 15989.00 17218.00
16503.00 16476.00 16393.00 16758.00
16515.00 16080.00 16533.00 16978.00
16544.00 17227.00 16471.00 16420.00
16565.00 17039.00 15442.00 16613.00
16580.00 16039.00 17831.00 15928.00
16604.00 15647.00 16907.00 16747.00
16637.00 17261.00 16903.00 15117.00
16653.00 17639.00 16553.00 15162.00
16676.00 16820.00 17051.00 16287.00
16682.00 17083.00 16999.00 15518.00
16701.00 17426.00 16735.00 16120.00
16703.00 16813.00 16792.00 15953.00
16706.00 16318.00 17020.00 16552.00
16711.00 16971.00 17564.00 15715.00
16730.00 16652.00 16554.00 16348.00
16736.00 16377.00 17793.00 15531.00
16771.00 15985.00 15899.00 17072.00
16830.00 16598.00 17389.00 16397.00
16835.00 15829.00 16984.00 16406.00
16839.00 17413.00 15761.00 15387.00
16845.00 16776.00 15715.00 16775.00
16845.00 17421.00 15698.00 16287.00
16865.00 16294.00 16316.00 17017.00
16874.00 16465.00 17303.00 15604.00
16884.00 17168.00 16604.00 15822.00
16887.00 16772.00 16368.00 15568.00
16918.00 16415.00 16192.00 16418.00
16927.00 17097.00 16124.00 16441.00
16937.00 15506.00 16166.00 16818.00
16985.00 17205.00 16123.00 15871.00
16993.00 16693.00 15693.00 16342.00
16998.00 16223.00 17494.00 16169.00
17007.00 16788.00 16877.00 15375.00
17008.00 17403.00 15364.00 15652.00
17025.00 16714.00 17657.00 15326.00
17040.00 17200.00 16530.00 15396.00
17094.00 16260.00 16837.00 16751.00
17099.00 16566.00 17219.00 15189.00
17102.00 17148.00 16485.00 14942.00
17104.00 16287.00 17067.00 16115.00
17176.00 17260.00 15142.00 16058.00
17181.00 16018.00 15439.00 16782.00
17191.00 16071.00 16263.00 16727.00
17199.00 16071.00 17577.00 15721.00
17317.00 17033.00 16089.00 15352.00
17339.00 16126.00 15847.00 16199.00
17347.00 16904.00 16353.00 16145.00
17371.00 15654.00 17037.00 16051.00
17400.00 16062.00 16736.00 16446.00
17443.00 15588.00 16192.00 16496.00
17477.00 16581.00 16836.00 15595.00
17477.00 16857.00 15872.00 16039.00
17488.00 16220.00 17172.00 15644.00
17535.00 16338.00 16832.00 16079.00
17559.00 16597.00 16371.00 15893.00
17566.00 16214.00 16866.00 15256.00
17574.00 16455.00 15947.00 16136.00
17600.00 16632.00 16210.00 15425.00
17641.00 16144.00 17466.00 15267.00
17644.00 15641.00 16598.00 15552.00
17665.00 16328.00 15814.00 15748.00
17694.00 16099.00 15389.00 16153.00
17708.00 15893.00 16928.00 15519.00
17777.00 15692.00 15914.00 16074.00
17807.00 16009.00 16291.00 15669.00
15077.00 16439.00 16170.00 17501.00
15195.00 16940.00 16465.00 17036.00
15251.00 17010.00 17421.00 16351.00
15291.00 17282.00 17307.00 15752.00
15363.00 16791.00 16966.00 16877.00
15379.00 16316.00 17482.00 16659.00
15404.00 17305.00 16837.00 16743.00
15435.00 17371.00 16766.00 15962.00
15553.00 17383.00 16467.00 16558.00
15630.00 15826.00 16420.00 17552.00
15672.00 17317.00 16942.00 16287.00
15724.00 16526.00 16403.00 17304.00
15742.00 16895.00 17469.00 16130.00
15823.00 16634.00 16017.00 17448.00
15890.00 17139.00 16276.00 17071.00
15930.00 16283.00 17356.00 16319.00
15951.00 17494.00 16286.00 16348.00
16014.00 17757.00 16292.00 15476.00
16039.00 17141.00 17394.00 15765.00
16058.00 16238.00 17341.00 17067.00
16059.00 16471.00 16796.00 17309.00
16062.00 15892.00 16576.00 17288.00
16112.00 17377.00 16937.00 15914.00
16128.00 17202.00 16068.00 16448.00
16155.00 16439.00 15624.00 17344.00
16168.00 16910.00 16675.00 17117.00
16181.00 17432.00 16321.00 15928.00
16207.00 17588.00 17068.00 15441.00
16209.00 17232.00 16450.00 16341.00
16249.00 16426.00 17783.00 16140.00
16274.00 16986.00 16908.00 16129.00
16285.00 16613.00 17338.00 16128.00
16309.00 17135.00 17360.00 15264.00
16337.00 17459.00 17060.00 14919.00
16359.00 16982.00 17249.00 16500.00
16395.00 16688.00 16347.00 16482.00
16417.00 17644.00 17036.00 15854.00
16420.00 17285.00 17065.00 15674.00
16484.00 16571.00 17117.00 16932.00
16500.00 17019.00 16207.00 16917.00
16503.00 16190.00 16126.00 17189.00
16525.00 17455.00 16530.00 14988.00
16557.00 17754.00 16498.00 15665.00
16589.00 16934.00 16528.00 16236.00
16600.00 16750.00 15719.00 17138.00
16609.00 15885.00 16633.00 17170.00
16620.00 17122.00 17398.00 15627.00
16626.00 16231.00 17387.00 16741.00
16637.00 17038.00 17408.00 14727.00
16640.00 17422.00 16045.00 16062.00
16709.00 16342.00 16528.00 16368.00
16723.00 15699.00 16255.00 16962.00
16744.00 16676.00 17588.00 16042.00
16757.00 16058.00 17147.00 16175.00
16771.00 16525.00 16490.00 16850.00
16780.00 16824.00 17755.00 15521.00
16822.00 16255.00 16869.00 16719.00
16832.00 16790.00 16983.00 16211.00
16866.00 15829.00 17092.00 16618.00
16886.00 17411.00 16750.00 15965.00
16894.00 15972.00 16058.00 16714.00
16930.00 17181.00 17050.00 14934.00
16935.00 16134.00 15685.00 17007.00
16954.00 15661.00 16663.00 16462.00
16971.00 15320.00 16408.00 16808.00
16978.00 17544.00 16409.00 15197.00
16982.00 16890.00 17140.00 15614.00
17005.00 16743.00 16464.00 16475.00
17022.00 16723.00 16610.00 15857.00
17044.00 16564.00 16331.00 16101.00
17044.00 16752.00 17288.00 15097.00
17130.00 16104.00 16399.00 16494.00
17130.00 16726.00 16039.00 16593.00
17200.00 16456.00 17209.00 15694.00
17216.00 16020.00 16850.00 16195.00
17218.00 16340.00 16100.00 16632.00
17237.00 16735.00 16248.00 15666.00
17245.00 15320.00 16583.00 15970.00
17245.00 15829.00 16130.00 16819.00
17246.00 16141.00 17050.00 15306.00
17264.00 17399.00 16509.00 15607.00
17269.00 16161.00 16498.00 15936.00
17280.00 17060.00 16000.00 15968.00
17333.00 15808.00 16208.00 16222.00
17342.00 15792.00 16697.00 15587.00
17390.00 17079.00 16797.00 15247.00
17393.00 16213.00 17020.00 14817.00
17397.00 17159.00 16406.00 14837.00
17398.00 15992.00 15658.00 16774.00
17508.00 16410.00 16471.00 15534.00
17523.00 16249.00 16129.00 16151.00
17543.00 16850.00 15799.00 15277.00
17594.00 15558.00 15465.00 16326.00
17699.00 16451.00 16122.00 15755.00
17715.00 15727.00 16035.00 16058.00
17739.00 15483.00 16437.00 15470.00
17748.00 16357.00 16432.00 15109.00
17824.00 15765.00 15465.00 15793.00
17844.00 15796.00 15842.00 15218.00
17938.00 16458.00 15846.00 15127.00
15157.00 16961.00 16853.00 16466.00
15357.00 16497.00 16941.00 16695.00
15369.00 15935.00 16979.00 16866.00
15440.00 17600.00 16496.00 16183.00
15468.00 17189.00 16884.00 16033.00
15469.00 17106.00 16839.00 17042.00
15593.00 17108.00 16593.00 16671.00
15614.00 16861.00 16385.00 17336.00
15678.00 16725.00 17245.00 16371.00
15727.00 16315.00 17595.00 16107.00
15764.00 16267.00 16669.00 17142.00
15782.00 16677.00 16858.00 16699.00
15812.00 17469.00 16084.00 16232.00
15819.00 17214.00 17412.00 15728.00
15847.00 16813.00 15699.00 16996.00
15885.00 16972.00 16714.00 16282.00
15925.00 16668.00 17233.00 16133.00
15941.00 17446.00 16750.00 16195.00
15948.00 15814.00 17233.00 16543.00
16015.00 17274.00 16234.00 16959.00
16025.00 16308.00 17161.00 16738.00
16029.00 16407.00 17489.00 15881.00
16088.00 17458.00 17033.00 15893.00
16095.00 16939.00 16611.00 16959.00
16099.00 15511.00 16227.00 17237.00
16132.00 16150.00 17552.00 16509.00
16135.00 17519.00 16343.00 16222.00
16137.00 16457.00 16732.00 16955.00
16151.00 17102.00 17202.00 16208.00
16164.00 16941.00 17017.00 16640.00
16168.00 16255.00 16077.00 17399.00
16168.00 16646.00 16298.00 17207.00
16205.00 17309.00 16634.00 16574.00
16215.00 17241.00 16821.00 15589.00
16234.00 15901.00 16358.00 17104.00
16254.00 17672.00 15958.00 15809.00
16258.00 17139.00 17341.00 15626.00
16333.00 15795.00 16889.00 17072.00
16344.00 16660.00 17690.00 15713.00
16351.00 16096.00 17561.00 16085.00
16354.00 16401.00 16217.00 16961.00
16393.00 17569.00 16408.00 15235.00
16400.00 17199.00 17018.00 15151.00
16457.00 16177.00 16810.00 16781.00
16492.00 15910.00 17070.00 16641.00
16497.00 16514.00 16542.00 16732.00
16498.00 16409.00 17324.00 16542.00
16501.00 16425.00 17186.00 16031.00
16544.00 17328.00 16170.00 16474.00
16545.00 16734.00 17321.00 15091.00
16578.00 16964.00 17144.00 16287.00
16600.00 16040.00 17552.00 15773.00
16614.00 16577.00 16798.00 16353.00
16633.00 17054.00 16515.00 16179.00
16644.00 17094.00 15388.00 16345.00
16645.00 16538.00 17235.00 15680.00
16675.00 16365.00 16339.00 17136.00
16711.00 15956.00 17373.00 16217.00
16715.00 17576.00 16036.00 15696.00
16763.00 17426.00 16660.00 15845.00
16773.00 16346.00 16844.00 15724.00
16806.00 16126.00 16685.00 16375.00
16827.00 17386.00 15495.00 15502.00
16837.00 16232.00 15905.00 17104.00
16853.00 17229.00 16322.00 15564.00
16912.00 15926.00 16617.00 16875.00
16957.00 17246.00 15561.00 16198.00
16972.00 16333.00 17407.00 15284.00
17003.00 16218.00 17299.00 16005.00
17014.00 16686.00 16927.00 15444.00
17022.00 17061.00 16858.00 15225.00
17029.00 15861.00 16974.00 16367.00
17097.00 16450.00 16691.00 16213.00
17112.00 17417.00 15990.00 15302.00
17122.00 17200.00 16283.00 15996.00
17126.00 16991.00 16525.00 16670.00
17136.00 16355.00 17108.00 15083.00
17179.00 17119.00 16782.00 16060.00
17199.00 16765.00 15926.00 15877.00
17204.00 17107.00 15267.00 15832.00
17221.00 16534.00 16719.00 15810.00
17231.00 16237.00 16272.00 16736.00
17281.00 17090.00 15689.00 15490.00
17344.00 15888.00 17003.00 15672.00
17344.00 16293.00 16925.00 15461.00
17354.00 15634.00 16629.00 16289.00
17378.00 17021.00 16632.00 15590.00
17432.00 16615.00 15191.00 15858.00
17464.00 16841.00 15968.00 15214.00
17468.00 16549.00 16586.00 14920.00
17524.00 16460.00 16368.00 15668.00
17562.00 16564.00 16355.00 16370.00
17566.00 16733.00 16120.00 14895.00
17650.00 16308.00 16786.00 16038.00
17657.00 16076.00 15793.00 15730.00
17658.00 16031.00 16781.00 15347.00
17671.00 16427.00 15860.00 15427.00
17683.00 16061.00 16127.00 16215.00
17711.00 15801.00 16146.00 15507.00
17966.00 16489.00 16212.00 15356.00
15280.00 17270.00 16330.00 16612.00
15400.00 16505.00 17126.00 16890.00
15509.00 16761.00 16657.00 17247.00
15611.00 16658.00 17584.00 16571.00
15663.00 17331.00 16519.00 16253.00
15714.00 16207.00 17662.00 16025.00
15743.00 16761.00 17754.00 15766.00
15778.00 16406.00 16625.00 17190.00
15791.00 16729.00 16170.00 17128.00
15813.00 17201.00 15924.00 17148.00
15834.00 16971.00 16783.00 16862.00
15850.00 17623.00 16597.00 15761.00
15862.00 16392.00 17638.00 15709.00
15876.00 17629.00 16234.00 15982.00
15892.00 16072.00 16138.00 17290.00
15915.00 16750.00 17150.00 16540.00
15923.00 17378.00 16999.00 16247.00
15947.00 17278.00 17056.00 15596.00
15964.00 17150.00 16970.00 16543.00
15986.00 17174.00 17446.00 16036.00
15994.00 17025.00 17449.00 15491.00
16022.00 17225.00 16611.00 16480.00
16045.00 16553.00 15709.00 17223.00
16059.00 17291.00 15622.00 16731.00
16088.00 16948.00 16028.00 16893.00
16092.00 17346.00 16118.00 16538.00
16122.00 16384.00 17178.00 17176.00
16141.00 16386.00 16792.00 16745.00
16143.00 16996.00 17520.00 16490.00
16171.00 16542.00 17636.00 15950.00
16184.00 16914.00 16750.00 17087.00
16192.00 17200.00 16598.00 16878.00
16209.00 17263.00 16960.00 15978.00
16230.00 16783.00 17822.00 15615.00
16236.00 17475.00 16531.00 16198.00
16255.00 16900.00 17107.00 15990.00
16286.00 15906.00 16357.00 17401.00
16291.00 16677.00 17324.00 16256.00
16302.00 17664.00 16267.00 15822.00
16320.00 17480.00 16653.00 15828.00
16340.00 17281.00 17359.00 15110.00
16401.00 16212.00 16469.00 16979.00
16419.00 16858.00 17111.00 16725.00
16419.00 16922.00 16809.00 16372.00
16452.00 16693.00 16449.00 17029.00
16456.00 17349.00 16973.00 15683.00
16462.00 16560.00 17304.00 15945.00
16462.00 17359.00 15832.00 16652.00
16471.00 15794.00 16626.00 17012.00
16473.00 17162.00 17405.00 15746.00
16513.00 16943.00 15363.00 16892.00
16542.00 16366.00 17643.00 16451.00
16556.00 16383.00 17403.00 16846.00
16560.00 16400.00 16037.00 16894.00
16585.00 15884.00 17106.00 16746.00
16633.00 16420.00 17548.00 15384.00
16654.00 16830.00 16925.00 16633.00
16657.00 17456.00 16446.00 15666.00
16670.00 17235.00 16148.00 16424.00
16686.00 16729.00 15876.00 16853.00
16687.00 17053.00 17059.00 16122.00
16723.00 16410.00 16403.00 16736.00
16743.00 16456.00 16851.00 16578.00
16755.00 16032.00 16089.00 16926.00
16785.00 17188.00 16318.00 16197.00
16786.00 16945.00 17387.00 15328.00
16788.00 17459.00 15834.00 16281.00
16801.00 16555.00 17455.00 16265.00
16834.00 17398.00 16649.00 16116.00
16860.00 17037.00 16334.00 16704.00
16913.00 17191.00 16758.00 15603.00
16927.00 16919.00 15976.00 16080.00
16941.00 16915.00 15906.00 16820.00
16972.00 16757.00 17090.00 16440.00
16989.00 16601.00 15328.00 16750.00
16994.00 16849.00 17017.00 15529.00
16998.00 17337.00 16136.00 15937.00
17006.00 16101.00 17141.00 16052.00
17022.00 16368.00 17199.00 15643.00
17033.00 17172.00 16411.00 15479.00
17051.00 16222.00 16462.00 16475.00
17057.00 16680.00 16484.00 15913.00
17092.00 16564.00 16293.00 16306.00
17122.00 16559.00 16218.00 16776.00
17162.00 15885.00 16056.00 16735.00
17199.00 16917.00 16029.00 15659.00
17215.00 16257.00 16155.00 16098.00
17285.00 15858.00 16449.00 16046.00
17326.00 16529.00 15591.00 16457.00
17336.00 16312.00 16679.00 15911.00
17402.00 16295.00 16080.00 16560.00
17411.00 16841.00 16512.00 15674.00
17457.00 16793.00 16249.00 16030.00
17507.00 16305.00 16387.00 15540.00
17529.00 16689.00 15988.00 16149.00
17602.00 16351.00 16124.00 16178.00
17607.00 16365.00 15447.00 16049.00
17618.00 16641.00 16445.00 15136.00
17682.00 16321.00 15978.00 15298.00
17724.00 16685.00 15888.00 15833.00
15406.00 16575.00 17333.00 16745.00
15468.00 16778.00 17618.00 15832.00
15493.00 17194.00 17321.00 16470.00
15501.00 16368.00 16557.00 17291.00
15505.00 16812.00 16984.00 17046.00
15569.00 15880.00 16557.00 17143.00
15623.00 16659.00 15850.00 17295.00
15714.00 16858.00 17405.00 16676.00
15729.00 17383.00 17232.00 15907.00
15770.00 17309.00 16391.00 16716.00
15771.00 17455.00 16804.00 16322.00
15807.00 16446.00 17553.00 16203.00
15836.00 17159.00 16742.00 17068.00
15890.00 16780.00 16308.00 17264.00
15905.00 16356.00 16372.00 17301.00
15953.00 17522.00 16036.00 16349.00
15980.00 16539.00 15789.00 17188.00
15993.00 16002.00 16521.00 17053.00
16039.00 17195.00 14924.00 16794.00
16070.00 17364.00 17282.00 16613.00
16153.00 16614.00 17812.00 15982.00
16214.00 16983.00 16887.00 17033.00
16262.00 16891.00 16975.00 16354.00
16320.00 17440.00 15572.00 15885.00
16342.00 17428.00 16761.00 15862.00
16369.00 16951.00 16435.00 16716.00
16371.00 16303.00 17311.00 16488.00
16375.00 16566.00 15938.00 16980.00
16376.00 16380.00 16309.00 17140.00
16379.00 17215.00 17473.00 16107.00
16411.00 16769.00 17206.00 16760.00
16413.00 17416.00 15746.00 16713.00
16432.00 16715.00 17525.00 15664.00
16478.00 17195.00 16025.00 16381.00
16523.00 16628.00 17534.00 16190.00
16554.00 17185.00 16836.00 16508.00
16607.00 17124.00 16883.00 16089.00
16609.00 16208.00 17124.00 16800.00
16619.00 16502.00 15772.00 17082.00
16623.00 17202.00 16557.00 15515.00
16661.00 16225.00 17717.00 15689.00
16668.00 16453.00 17051.00 16138.00
16689.00 17002.00 15745.00 16807.00
16711.00 16625.00 16168.00 16824.00
16771.00 17206.00 16495.00 16232.00
16772.00 16433.00 16490.00 17018.00
16772.00 16994.00 17338.00 15811.00
16773.00 16578.00 17328.00 15267.00
16830.00 16816.00 16815.00 16261.00
16837.00 17314.00 15992.00 15957.00
16842.00 16474.00 17371.00 15585.00
16849.00 17510.00 16388.00 15484.00
16853.00 16933.00 15796.00 16450.00
16883.00 15956.00 16413.00 16831.00
16889.00 16482.00 16936.00 15751.00
16903.00 17260.00 15926.00 15394.00
16905.00 16802.00 17145.00 15419.00
16920.00 16568.00 15273.00 16636.00
16933.00 16151.00 17200.00 15713.00
16975.00 17022.00 16749.00 15582.00
16979.00 16523.00 16722.00 16607.00
17040.00 16857.00 17147.00 15084.00
17065.00 17018.00 16434.00 16027.00
17084.00 16273.00 16112.00 16652.00
17145.00 16488.00 15686.00 16848.00
17155.00 16731.00 16152.00 16390.00
17186.00 16671.00 17258.00 15684.00
17188.00 16232.00 16900.00 15326.00
17212.00 17013.00 15686.00 15844.00
17213.00 17035.00 16349.00 14965.00
17215.00 16952.00 16753.00 16341.00
17235.00 16217.00 16679.00 15897.00
17244.00 16121.00 16973.00 16378.00
17252.00 16353.00 17280.00 14976.00
17288.00 17217.00 16057.00 15256.00
17291.00 16637.00 15483.00 16214.00
17296.00 17213.00 16330.00 15622.00
17315.00 16020.00 15763.00 16883.00
17356.00 15741.00 16152.00 16531.00
17371.00 16873.00 16801.00 15843.00
17408.00 15903.00 16968.00 14957.00
17416.00 16595.00 16494.00 15652.00
17433.00 16760.00 16851.00 15154.00
17505.00 16863.00 16324.00 15910.00
17507.00 15901.00 16679.00 16225.00
17518.00 16408.00 16772.00 14761.00
17524.00 16585.00 16487.00 16449.00
17564.00 16699.00 15587.00 15210.00
17602.00 16506.00 15865.00 15905.00
17608.00 16666.00 15287.00 15731.00
17631.00 16482.00 16506.00 15253.00
17707.00 15811.00 17069.00 15681.00
17724.00 16197.00 15301.00 15996.00
17767.00 16495.00 16282.00 14870.00
17781.00 15836.00 16892.00 14810.00
17786.00 16085.00 16597.00 15785.00
17831.00 16058.00 16044.00 15516.00
17933.00 16316.00 14876.00 15671.00
18010.00 16320.00 15575.00 15605.00
18015.00 16065.00 16429.00 15270.00
