16113.00 16739.00 17675.00 17134.00
16218.00 16610.00 17789.00 17052.00
16243.00 17636.00 17431.00 16372.00
16244.00 16817.00 16933.00 17571.00
16277.00 16766.00 17915.00 16747.00
16282.00 17655.00 17377.00 16365.00
16287.00 17163.00 17636.00 16935.00
16305.00 16978.00 17461.00 17219.00
16324.00 16775.00 17463.00 17355.00
16355.00 16927.00 17361.00 17354.00
16355.00 17125.00 18255.00 16167.00
16359.00 17288.00 17939.00 16446.00
16373.00 17259.00 17875.00 16507.00
16382.00 16591.00 17891.00 16816.00
16404.00 16601.00 16928.00 17585.00
16409.00 17035.00 18173.00 16374.00
16413.00 17122.00 18231.00 16144.00
16483.00 16700.00 16834.00 17541.00
16488.00 17653.00 17416.00 16195.00
16533.00 17142.00 17527.00 16905.00
16560.00 16614.00 17679.00 17089.00
16572.00 16801.00 18175.00 16404.00
16608.00 16802.00 17943.00 16577.00
16609.00 17739.00 17245.00 16273.00
16611.00 16867.00 17241.00 17270.00
16628.00 16432.00 16906.00 17564.00
16629.00 16579.00 16798.00 17517.00
16630.00 17249.00 17822.00 16361.00
16631.00 17148.00 18020.00 16235.00
16633.00 17308.00 17450.00 16773.00
16637.00 16579.00 17649.00 17023.00
16670.00 17766.00 17177.00 16285.00
16681.00 17263.00 17520.00 16725.00
16683.00 16591.00 18118.00 16390.00
16697.00 17330.00 17016.00 17012.00
16703.00 16666.00 16634.00 17536.00
16712.00 17080.00 17122.00 17186.00
16716.00 17256.00 18000.00 16136.00
16736.00 17334.00 17843.00 16225.00
16758.00 16574.00 17362.00 17218.00
16765.00 17747.00 17011.00 16462.00
16779.00 16800.00 17065.00 17362.00
16783.00 17374.00 17398.00 16645.00
16809.00 16849.00 17474.00 16992.00
16822.00 16458.00 16711.00 17542.00
16823.00 17138.00 17950.00 16021.00
16826.00 17337.00 17724.00 16201.00
16829.00 16564.00 16612.00 17553.00
16858.00 17035.00 17296.00 17023.00
16861.00 17360.00 16954.00 16872.00
16883.00 17378.00 17410.00 16446.00
16883.00 17538.00 16970.00 16654.00
16900.00 16723.00 16422.00 17425.00
16906.00 16755.00 17473.00 16942.00
16910.00 16840.00 16975.00 17295.00
16923.00 17182.00 17125.00 16966.00
16945.00 16757.00 17769.00 16547.00
16946.00 16711.00 18057.00 15955.00
16971.00 16452.00 17499.00 16969.00
16978.00 16980.00 17833.00 16307.00
16982.00 16969.00 17194.00 17092.00
17009.00 16480.00 17163.00 17204.00
17016.00 17604.00 17322.00 16041.00
17047.00 17341.00 17159.00 16720.00
17051.00 16587.00 18087.00 16099.00
17054.00 17392.00 17460.00 16247.00
17070.00 17521.00 17275.00 16127.00
17079.00 17014.00 17626.00 16526.00
17081.00 16909.00 16806.00 17264.00
17087.00 17183.00 17614.00 16279.00
17090.00 16742.00 17942.00 16066.00
17092.00 17205.00 16920.00 16999.00
17119.00 17214.00 17428.00 16430.00
17119.00 17532.00 17007.00 16493.00
17121.00 16993.00 17514.00 16597.00
17201.00 16789.00 17015.00 17162.00
17215.00 16852.00 17714.00 16056.00
17222.00 16533.00 17949.00 16048.00
17223.00 17442.00 16945.00 16563.00
17246.00 17204.00 16791.00 16928.00
17247.00 16994.00 16989.00 16928.00
17256.00 17183.00 17448.00 16316.00
17286.00 17261.00 17066.00 16615.00
17296.00 16482.00 17864.00 15958.00
17298.00 16607.00 17606.00 16397.00
17319.00 16776.00 17317.00 16734.00
17332.00 17161.00 16727.00 16920.00
17357.00 16441.00 17778.00 15915.00
17359.00 17240.00 17272.00 16249.00
17374.00 16929.00 17566.00 16082.00
17384.00 17015.00 16932.00 16799.00
17449.00 17027.00 16866.00 16758.00
17458.00 16442.00 17286.00 16600.00
17458.00 16990.00 17346.00 16442.00
17494.00 16818.00 17085.00 16632.00
17498.00 17218.00 16854.00 16401.00
17499.00 16941.00 17317.00 16391.00
17512.00 17306.00 16821.00 16292.00
17568.00 16993.00 17153.00 16405.00
16106.00 17091.00 17274.00 17315.00
16209.00 16952.00 17108.00 17410.00
16267.00 17652.00 17641.00 16414.00
16269.00 17605.00 17683.00 16408.00
16283.00 16711.00 17541.00 17263.00
16295.00 17403.00 17195.00 17026.00
16332.00 17223.00 17238.00 17218.00
16334.00 16705.00 17777.00 16995.00
16335.00 17425.00 17174.00 17024.00
16379.00 16739.00 17804.00 16940.00
16385.00 17495.00 17717.00 16512.00
16407.00 17079.00 17512.00 17043.00
16419.00 16994.00 17547.00 17105.00
16523.00 17761.00 17549.00 16097.00
16541.00 17274.00 17045.00 17174.00
16541.00 17481.00 17047.00 16925.00
16564.00 17042.00 17965.00 16428.00
16566.00 16622.00 17478.00 17253.00
16570.00 17216.00 17092.00 17188.00
16587.00 16775.00 17681.00 17016.00
16614.00 17453.00 17055.00 16953.00
16619.00 16763.00 16889.00 17424.00
16626.00 17264.00 17743.00 16609.00
16627.00 17130.00 17570.00 16905.00
16630.00 17194.00 17265.00 17048.00
16645.00 17294.00 17929.00 16188.00
16646.00 17335.00 17887.00 16198.00
16649.00 17429.00 17726.00 16415.00
16658.00 16902.00 17486.00 17109.00
16659.00 17179.00 17501.00 16904.00
16663.00 16757.00 17585.00 17136.00
16673.00 17247.00 16806.00 17179.00
16705.00 17501.00 17660.00 16362.00
16723.00 17609.00 17516.00 16374.00
16728.00 17717.00 17385.00 16106.00
16816.00 17707.00 17614.00 15834.00
16823.00 16660.00 17337.00 17201.00
16877.00 17056.00 17839.00 16558.00
16887.00 17075.00 17773.00 16613.00
16890.00 17416.00 17480.00 16609.00
16910.00 17661.00 17626.00 15891.00
16917.00 16541.00 17557.00 16906.00
16927.00 17672.00 17234.00 16198.00
16938.00 17082.00 17897.00 16307.00
16947.00 16614.00 16992.00 17247.00
16959.00 17235.00 17723.00 16429.00
16962.00 17299.00 17794.00 16093.00
16972.00 17356.00 16854.00 16745.00
16981.00 17051.00 17266.00 16876.00
17010.00 16789.00 17243.00 17095.00
17010.00 17476.00 17403.00 16545.00
17021.00 16918.00 17806.00 16566.00
17040.00 16943.00 17406.00 16829.00
17058.00 16432.00 16958.00 17220.00
17088.00 17531.00 17240.00 16432.00
17089.00 17370.00 17230.00 16659.00
17103.00 17151.00 17834.00 16183.00
17111.00 17663.00 17100.00 16190.00
17117.00 16872.00 16845.00 17050.00
17159.00 17535.00 17320.00 16288.00
17187.00 17558.00 17474.00 15728.00
17191.00 16882.00 17635.00 16617.00
17210.00 17702.00 17279.00 15570.00
17218.00 16678.00 16662.00 17211.00
17229.00 16630.00 16739.00 17233.00
17244.00 16781.00 17795.00 16174.00
17244.00 17366.00 17485.00 16319.00
17256.00 16830.00 16715.00 17069.00
17265.00 17131.00 17634.00 16156.00
17278.00 17193.00 17772.00 15814.00
17299.00 17432.00 17407.00 16227.00
17303.00 16728.00 17780.00 16128.00
17320.00 16444.00 16970.00 16940.00
17324.00 17136.00 17343.00 16583.00
17330.00 16790.00 17625.00 16442.00
17335.00 17220.00 17395.00 16511.00
17360.00 17138.00 17087.00 16724.00
17386.00 16729.00 17607.00 16393.00
17408.00 17152.00 17624.00 16045.00
17425.00 17449.00 17391.00 15996.00
17441.00 17179.00 17669.00 15703.00
17494.00 17353.00 17405.00 16011.00
17497.00 17174.00 17206.00 16564.00
17522.00 16605.00 16690.00 16947.00
17522.00 16652.00 16726.00 16900.00
17546.00 16940.00 17697.00 15666.00
17589.00 17010.00 17000.00 16483.00
17636.00 16532.00 16989.00 16709.00
17671.00 16497.00 16978.00 16676.00
17684.00 16747.00 17507.00 15865.00
17694.00 16881.00 17217.00 16453.00
17708.00 16959.00 17351.00 16043.00
17852.00 16544.00 16925.00 16380.00
17875.00 16873.00 16988.00 16066.00
17905.00 16508.00 16872.00 16358.00
17923.00 16926.00 17073.00 15890.00
17925.00 16885.00 17147.00 15919.00
17934.00 16846.00 17193.00 15938.00
15891.00 17649.00 17189.00 16818.00
15994.00 17870.00 17015.00 16418.00
16133.00 17056.00 17501.00 17092.00
16167.00 17582.00 17189.00 16912.00
16176.00 17480.00 17541.00 16580.00
16210.00 17744.00 17106.00 16703.00
16215.00 17100.00 17368.00 17196.00
16260.00 16958.00 17638.00 17017.00
16261.00 17984.00 17002.00 16242.00
16266.00 16769.00 17071.00 17441.00
16269.00 17676.00 17033.00 16780.00
16272.00 17982.00 16820.00 16424.00
16273.00 17479.00 17001.00 17118.00
16284.00 17921.00 17025.00 16320.00
16322.00 16916.00 17596.00 16984.00
16409.00 17054.00 17792.00 16678.00
16436.00 16621.00 17365.00 17339.00
16445.00 17185.00 16836.00 17316.00
16453.00 17299.00 17417.00 16866.00
16489.00 17911.00 16781.00 16370.00
16496.00 17182.00 17189.00 17052.00
16501.00 17383.00 17325.00 16764.00
16509.00 17194.00 17865.00 16288.00
16536.00 16983.00 17763.00 16661.00
16539.00 17912.00 16685.00 16452.00
16553.00 16717.00 17792.00 16847.00
16563.00 17619.00 16711.00 16849.00
16572.00 16583.00 17347.00 17279.00
16573.00 16953.00 17119.00 17188.00
16574.00 17691.00 17249.00 16130.00
16617.00 16710.00 17200.00 17313.00
16622.00 17209.00 17547.00 16592.00
16625.00 16746.00 17718.00 16881.00
16632.00 17503.00 17189.00 16571.00
16648.00 16702.00 17451.00 17127.00
16654.00 17092.00 17821.00 16272.00
16662.00 16900.00 17846.00 16419.00
16673.00 17854.00 16946.00 16052.00
16698.00 17419.00 17531.00 16113.00
16707.00 17457.00 17572.00 16035.00
16709.00 17223.00 16914.00 17178.00
16721.00 17415.00 16658.00 16948.00
16746.00 16625.00 17553.00 17019.00
16770.00 17569.00 17267.00 16157.00
16795.00 16986.00 17166.00 17070.00
16809.00 17623.00 16709.00 16762.00
16811.00 17486.00 17543.00 15930.00
16819.00 17198.00 17389.00 16642.00
16820.00 17726.00 16897.00 16376.00
16821.00 17639.00 16782.00 16714.00
16824.00 17287.00 16586.00 17088.00
16834.00 17184.00 17613.00 16356.00
16846.00 16787.00 16855.00 17289.00
16850.00 17140.00 17259.00 16885.00
16871.00 17208.00 17572.00 16327.00
16883.00 16865.00 17871.00 16202.00
16898.00 17005.00 17542.00 16656.00
16904.00 17593.00 16924.00 16425.00
16922.00 17161.00 17173.00 16872.00
16928.00 17358.00 16990.00 16714.00
16929.00 17364.00 17233.00 16502.00
16941.00 16950.00 16896.00 17114.00
16964.00 17640.00 17263.00 15822.00
16974.00 16652.00 17413.00 16930.00
17021.00 16967.00 17038.00 16981.00
17033.00 17585.00 17256.00 15896.00
17080.00 17575.00 16793.00 16282.00
17081.00 16850.00 17525.00 16386.00
17092.00 17723.00 16367.00 16086.00
17098.00 17212.00 16596.00 16938.00
17106.00 17543.00 16935.00 16151.00
17112.00 16975.00 17270.00 16656.00
17130.00 16853.00 16844.00 17039.00
17160.00 17202.00 17328.00 16319.00
17170.00 16753.00 17381.00 16670.00
17177.00 17255.00 17255.00 16242.00
17181.00 17051.00 16942.00 16802.00
17184.00 17285.00 16927.00 16450.00
17225.00 17002.00 16535.00 16913.00
17275.00 17534.00 17034.00 15825.00
17292.00 16818.00 17173.00 16641.00
17301.00 17116.00 16916.00 16546.00
17341.00 17005.00 17251.00 16218.00
17375.00 16710.00 17232.00 16502.00
17405.00 17495.00 16820.00 15874.00
17428.00 17296.00 16910.00 16023.00
17449.00 16838.00 17243.00 16363.00
17463.00 17124.00 16578.00 16434.00
17473.00 17247.00 17083.00 15893.00
17505.00 17384.00 17006.00 15791.00
17512.00 16872.00 17188.00 16351.00
17517.00 16534.00 16529.00 16683.00
17626.00 16845.00 16585.00 16485.00
17640.00 17114.00 16538.00 16137.00
17650.00 16839.00 16732.00 16291.00
17693.00 16883.00 16531.00 16415.00
17708.00 16890.00 16851.00 16088.00
17708.00 16964.00 16756.00 15915.00
16105.00 17018.00 18121.00 16779.00
16105.00 17041.00 17754.00 16987.00
16141.00 17279.00 18040.00 16626.00
16192.00 17315.00 17985.00 16578.00
16245.00 16879.00 17872.00 17064.00
16249.00 16986.00 18089.00 16789.00
16293.00 17667.00 17362.00 16735.00
16295.00 17311.00 17451.00 16959.00
16303.00 17457.00 18011.00 16257.00
16318.00 16845.00 17734.00 17144.00
16367.00 16862.00 17978.00 16958.00
16379.00 17618.00 17385.00 16756.00
16434.00 17437.00 17778.00 16594.00
16461.00 17374.00 17623.00 16813.00
16486.00 17533.00 17280.00 16925.00
16495.00 16672.00 17309.00 17395.00
16517.00 17123.00 18142.00 16436.00
16522.00 17685.00 17673.00 16410.00
16523.00 17101.00 17354.00 17141.00
16573.00 16908.00 17646.00 17160.00
16579.00 16600.00 17406.00 17400.00
16584.00 17288.00 17887.00 16566.00
16605.00 17839.00 17481.00 16350.00
16613.00 16923.00 17604.00 17142.00
16616.00 16980.00 17893.00 16796.00
16659.00 17839.00 17453.00 16293.00
16663.00 17696.00 17635.00 16335.00
16678.00 17492.00 17907.00 16310.00
16695.00 17583.00 17177.00 16631.00
16700.00 17253.00 17315.00 17012.00
16701.00 17451.00 17870.00 16368.00
16722.00 17480.00 17702.00 16532.00
16777.00 17626.00 17632.00 16319.00
16800.00 16654.00 17325.00 17270.00
16842.00 16841.00 17473.00 17185.00
16877.00 16985.00 17915.00 16626.00
16885.00 17172.00 17438.00 16852.00
16895.00 16823.00 17394.00 17154.00
16895.00 17203.00 17951.00 16374.00
16899.00 17176.00 17819.00 16551.00
16919.00 17071.00 17936.00 16524.00
16920.00 17390.00 17300.00 16737.00
16923.00 17442.00 17669.00 16305.00
16936.00 16733.00 17709.00 16865.00
16942.00 17813.00 17111.00 15875.00
16961.00 17891.00 17000.00 15823.00
17008.00 17491.00 17509.00 16353.00
17010.00 16631.00 16995.00 17275.00
17019.00 17638.00 17307.00 16208.00
17022.00 17245.00 17588.00 16647.00
17029.00 17619.00 17456.00 16040.00
17031.00 17000.00 17119.00 17082.00
17044.00 17848.00 16969.00 15880.00
17070.00 17002.00 17800.00 16597.00
17073.00 17001.00 17857.00 16404.00
17077.00 17300.00 17093.00 16822.00
17120.00 16924.00 17720.00 16744.00
17135.00 17238.00 17060.00 16836.00
17166.00 17289.00 17514.00 16518.00
17179.00 17258.00 17783.00 15939.00
17198.00 16893.00 17426.00 16890.00
17201.00 17344.00 17698.00 15951.00
17209.00 17699.00 17232.00 15971.00
17210.00 16967.00 17659.00 16619.00
17213.00 16879.00 16974.00 17068.00
17220.00 17812.00 16917.00 15560.00
17231.00 17651.00 17286.00 15947.00
17248.00 17564.00 17341.00 16007.00
17261.00 16792.00 16936.00 17136.00
17263.00 17258.00 17281.00 16592.00
17297.00 16816.00 17555.00 16690.00
17307.00 17191.00 17536.00 16262.00
17333.00 17406.00 17334.00 16165.00
17364.00 16886.00 17463.00 16577.00
17364.00 17795.00 16874.00 15470.00
17400.00 17079.00 17585.00 16143.00
17403.00 17257.00 17066.00 16448.00
17434.00 17214.00 17075.00 16455.00
17437.00 17488.00 17271.00 15734.00
17446.00 16507.00 16668.00 16840.00
17448.00 17480.00 17250.00 15772.00
17454.00 17666.00 16911.00 15387.00
17478.00 17713.00 16846.00 15380.00
17507.00 16901.00 16977.00 16603.00
17512.00 16975.00 17289.00 16404.00
17514.00 17089.00 17228.00 16372.00
17547.00 16782.00 16895.00 16683.00
17560.00 17056.00 17278.00 16228.00
17591.00 17371.00 17022.00 15629.00
17603.00 16427.00 17164.00 16556.00
17611.00 17421.00 16955.00 15612.00
17618.00 16478.00 17090.00 16649.00
17676.00 16703.00 17012.00 16519.00
17723.00 16737.00 16986.00 16420.00
17726.00 16776.00 17087.00 16167.00
17729.00 16753.00 17181.00 15982.00
17757.00 16535.00 16949.00 16586.00
17788.00 16947.00 16980.00 15829.00
17812.00 16888.00 16997.00 15903.00
16220.00 17202.00 17003.00 17358.00
16224.00 17198.00 17394.00 17187.00
16258.00 17459.00 17083.00 17160.00
16299.00 17062.00 17730.00 17069.00
16327.00 16998.00 17721.00 17123.00
16327.00 17471.00 17032.00 17100.00
16421.00 17302.00 17564.00 16903.00
16447.00 17129.00 17731.00 16972.00
16450.00 17004.00 17413.00 17281.00
16454.00 17329.00 17221.00 17085.00
16469.00 17050.00 17560.00 17192.00
16470.00 17825.00 17261.00 16037.00
16487.00 17741.00 17555.00 15869.00
16514.00 17302.00 17762.00 16623.00
16519.00 17716.00 17592.00 15899.00
16524.00 17001.00 17879.00 16822.00
16525.00 16809.00 17907.00 17070.00
16537.00 17286.00 17860.00 16506.00
16561.00 16813.00 17111.00 17420.00
16583.00 16814.00 17871.00 17031.00
16590.00 17541.00 17125.00 16845.00
16607.00 17679.00 17470.00 16201.00
16617.00 17450.00 17682.00 16392.00
16618.00 17471.00 17239.00 16940.00
16631.00 17393.00 17482.00 16762.00
16640.00 17212.00 17889.00 16406.00
16642.00 17121.00 17096.00 17209.00
16655.00 17139.00 17726.00 16813.00
16655.00 17619.00 17107.00 16717.00
16679.00 17368.00 17701.00 16509.00
16681.00 17052.00 17042.00 17263.00
16685.00 17731.00 17334.00 16323.00
16689.00 17004.00 17647.00 16953.00
16713.00 16659.00 17833.00 16989.00
16723.00 17599.00 17647.00 16025.00
16734.00 17345.00 17049.00 16978.00
16770.00 16786.00 17382.00 17272.00
16785.00 16704.00 17099.00 17364.00
16804.00 17039.00 17180.00 17122.00
16824.00 17416.00 17300.00 16663.00
16827.00 16670.00 17673.00 17008.00
16836.00 17190.00 17601.00 16715.00
16839.00 17073.00 17760.00 16688.00
16845.00 17421.00 17087.00 16841.00
16846.00 16937.00 16908.00 17250.00
16901.00 17031.00 17718.00 16655.00
16904.00 17492.00 17482.00 16524.00
16966.00 17450.00 17440.00 16491.00
16986.00 17044.00 17235.00 16950.00
16986.00 17456.00 16944.00 16701.00
16990.00 16784.00 17915.00 16239.00
16991.00 16876.00 17764.00 16550.00
16998.00 16814.00 17283.00 17153.00
16998.00 17600.00 17380.00 16234.00
16999.00 16617.00 17485.00 17025.00
17022.00 17411.00 16650.00 16886.00
17029.00 17323.00 17476.00 16497.00
17051.00 17590.00 17309.00 16163.00
17056.00 17350.00 17605.00 16240.00
17062.00 17016.00 17218.00 16839.00
17073.00 16549.00 17476.00 17007.00
17077.00 17116.00 17503.00 16618.00
17081.00 16703.00 17839.00 16284.00
17096.00 17603.00 17211.00 16180.00
17100.00 17439.00 16813.00 16638.00
17101.00 16721.00 17604.00 16713.00
17109.00 17179.00 17007.00 16839.00
17160.00 17304.00 16823.00 16774.00
17171.00 17302.00 17364.00 16405.00
17180.00 16561.00 17571.00 16780.00
17188.00 16952.00 17031.00 17012.00
17199.00 17425.00 17352.00 16278.00
17200.00 16554.00 17363.00 16946.00
17210.00 17410.00 16989.00 16482.00
17216.00 17420.00 16606.00 16626.00
17240.00 17085.00 17356.00 16563.00
17253.00 16884.00 17598.00 16407.00
17300.00 17186.00 17421.00 16210.00
17302.00 16724.00 17168.00 16849.00
17317.00 17587.00 16700.00 16167.00
17336.00 16857.00 17529.00 16387.00
17346.00 17082.00 16942.00 16804.00
17353.00 16702.00 17109.00 16866.00
17355.00 16691.00 17608.00 16179.00
17381.00 16675.00 17347.00 16600.00
17388.00 17086.00 17409.00 16232.00
17392.00 17328.00 17071.00 16301.00
17408.00 17040.00 16900.00 16771.00
17425.00 17133.00 16616.00 16774.00
17443.00 17231.00 17283.00 16265.00
17452.00 17327.00 16621.00 16410.00
17452.00 17532.00 16506.00 16113.00
17459.00 17140.00 16563.00 16750.00
17480.00 17490.00 16563.00 16151.00
17498.00 17009.00 16973.00 16568.00
17500.00 17048.00 17025.00 16495.00
17510.00 17399.00 16846.00 16010.00
17526.00 17204.00 17214.00 16245.00
17534.00 17389.00 16806.00 16040.00
17544.00 17235.00 17139.00 16205.00
16357.00 17093.00 17016.00 17458.00
16377.00 17191.00 17082.00 17381.00
16403.00 17229.00 17042.00 17336.00
16462.00 17535.00 17412.00 16846.00
16484.00 17608.00 17196.00 16870.00
16530.00 16938.00 17394.00 17235.00
16535.00 17399.00 17193.00 17111.00
16538.00 17769.00 17019.00 16665.00
16549.00 17021.00 17402.00 17184.00
16554.00 17470.00 17411.00 16840.00
16561.00 17507.00 17004.00 17025.00
16600.00 16927.00 17045.00 17414.00
16640.00 17677.00 17278.00 16602.00
16648.00 17520.00 17775.00 16140.00
16659.00 17794.00 16850.00 16630.00
16679.00 17644.00 17301.00 16581.00
16679.00 17818.00 17098.00 16457.00
16701.00 16829.00 17134.00 17421.00
16706.00 16799.00 17503.00 17071.00
16706.00 17330.00 16822.00 17153.00
16709.00 17063.00 17711.00 16657.00
16718.00 17502.00 17456.00 16665.00
16730.00 17863.00 16619.00 16656.00
16747.00 17341.00 17811.00 16067.00
16778.00 17726.00 17101.00 16421.00
16779.00 17226.00 17089.00 17150.00
16798.00 17283.00 17663.00 16540.00
16807.00 17271.00 17425.00 16881.00
16832.00 17201.00 17460.00 16957.00
16845.00 17713.00 16615.00 16703.00
16859.00 17292.00 17754.00 16278.00
16862.00 17844.00 16656.00 16468.00
16864.00 17515.00 17408.00 16479.00
16865.00 17047.00 17176.00 17267.00
16871.00 17768.00 17246.00 16070.00
16911.00 17520.00 17570.00 16232.00
16912.00 17350.00 16557.00 17151.00
16922.00 17432.00 17085.00 16911.00
16940.00 17489.00 17103.00 16845.00
16981.00 17737.00 16948.00 16094.00
16990.00 17052.00 16992.00 17226.00
16994.00 17604.00 17571.00 15845.00
17000.00 17393.00 17569.00 16575.00
17008.00 17285.00 16675.00 17095.00
17015.00 17316.00 17490.00 16680.00
17022.00 17619.00 17555.00 15858.00
17031.00 17076.00 17177.00 17083.00
17044.00 17656.00 17382.00 16219.00
17079.00 16635.00 17648.00 16665.00
17083.00 16999.00 17408.00 16905.00
17092.00 17268.00 17165.00 16928.00
17093.00 17129.00 17678.00 16510.00
17101.00 17096.00 17475.00 16756.00
17110.00 17582.00 16910.00 16537.00
17117.00 17213.00 17204.00 16927.00
17120.00 17276.00 17455.00 16566.00
17132.00 17619.00 17267.00 16199.00
17152.00 16974.00 16814.00 17270.00
17163.00 17056.00 17677.00 16402.00
17178.00 17367.00 17579.00 16161.00
17182.00 16873.00 17131.00 17106.00
17225.00 17581.00 16808.00 16466.00
17234.00 17512.00 17222.00 16278.00
17234.00 17658.00 16761.00 16362.00
17270.00 17345.00 17020.00 16614.00
17297.00 17278.00 17431.00 16254.00
17303.00 17205.00 17391.00 16406.00
17308.00 16800.00 17026.00 17074.00
17308.00 17226.00 16364.00 16847.00
17312.00 17410.00 17197.00 16431.00
17314.00 17038.00 16743.00 17059.00
17321.00 17004.00 16748.00 17100.00
17323.00 16758.00 17106.00 16984.00
17335.00 16839.00 17560.00 16269.00
17339.00 17022.00 17271.00 16835.00
17366.00 16787.00 17590.00 16211.00
17385.00 17268.00 17529.00 15735.00
17416.00 17253.00 17500.00 15677.00
17417.00 16868.00 17414.00 16558.00
17417.00 17106.00 17567.00 16063.00
17436.00 17170.00 16635.00 16823.00
17446.00 16969.00 17234.00 16816.00
17452.00 17155.00 17161.00 16620.00
17463.00 17073.00 16415.00 16936.00
17486.00 16944.00 17380.00 16506.00
17499.00 17231.00 17207.00 16404.00
17504.00 16715.00 16922.00 16970.00
17505.00 16824.00 16857.00 16923.00
17509.00 16926.00 17190.00 16763.00
17512.00 17109.00 17139.00 16635.00
17536.00 17333.00 17142.00 16244.00
17544.00 17176.00 16994.00 16546.00
17633.00 17086.00 17176.00 16153.00
17655.00 16807.00 16830.00 16760.00
17684.00 17178.00 16953.00 16332.00
17699.00 16904.00 16929.00 16531.00
17708.00 16868.00 16833.00 16646.00
17745.00 16836.00 17079.00 16360.00
17749.00 17102.00 16922.00 16295.00
16219.00 16998.00 18013.00 16778.00
16290.00 17027.00 17934.00 16732.00
16312.00 17423.00 17953.00 16152.00
16353.00 17400.00 17990.00 16144.00
16373.00 17359.00 16924.00 17183.00
16391.00 17296.00 17668.00 16807.00
16404.00 17580.00 17341.00 16837.00
16436.00 17058.00 17642.00 17024.00
16441.00 16845.00 17878.00 16675.00
16449.00 17866.00 17143.00 16406.00
16459.00 17729.00 17601.00 16108.00
16461.00 17550.00 17293.00 16812.00
16488.00 16704.00 16847.00 17511.00
16498.00 17258.00 18050.00 16354.00
16514.00 16746.00 16794.00 17502.00
16561.00 17048.00 17018.00 17387.00
16626.00 17012.00 17045.00 17336.00
16663.00 17045.00 17419.00 17089.00
16664.00 17549.00 17403.00 16694.00
16665.00 16899.00 17133.00 17333.00
16679.00 17160.00 17481.00 17000.00
16687.00 17764.00 17390.00 16339.00
16709.00 17291.00 17810.00 16532.00
16710.00 17569.00 17631.00 16323.00
16713.00 17249.00 16916.00 17184.00
16715.00 17749.00 17035.00 16515.00
16719.00 17299.00 17675.00 16707.00
16719.00 17582.00 17745.00 16197.00
16724.00 17087.00 18091.00 16344.00
16726.00 17520.00 16951.00 16904.00
16752.00 17261.00 16827.00 17235.00
16767.00 17498.00 16875.00 16924.00
16777.00 17827.00 17394.00 16180.00
16782.00 17279.00 17203.00 17055.00
16799.00 17365.00 17202.00 16967.00
16807.00 17213.00 18058.00 16037.00
16816.00 17576.00 17724.00 16112.00
16836.00 17749.00 17412.00 16140.00
16848.00 17519.00 17299.00 16648.00
16889.00 17125.00 17071.00 17186.00
16911.00 16961.00 17209.00 17125.00
16912.00 17135.00 17688.00 16649.00
16919.00 17192.00 18011.00 15935.00
16922.00 17753.00 17079.00 16373.00
16953.00 17118.00 17532.00 16747.00
16961.00 17130.00 17802.00 16460.00
16975.00 17396.00 17642.00 16366.00
16977.00 17592.00 17570.00 16085.00
16994.00 17807.00 17199.00 16163.00
16995.00 16890.00 17924.00 16197.00
17010.00 17304.00 17746.00 16323.00
17032.00 17316.00 17370.00 16730.00
17035.00 17914.00 17106.00 15925.00
17043.00 16944.00 17654.00 16716.00
17074.00 17137.00 17922.00 15819.00
17103.00 17260.00 17178.00 16830.00
17110.00 17110.00 17909.00 15767.00
17112.00 17484.00 17433.00 16381.00
17121.00 17769.00 17103.00 16158.00
17126.00 17863.00 17086.00 15841.00
17137.00 16606.00 16956.00 17122.00
17137.00 17544.00 16937.00 16613.00
17155.00 17529.00 17357.00 16375.00
17178.00 16897.00 17023.00 17036.00
17183.00 17523.00 16897.00 16596.00
17187.00 16951.00 17809.00 15922.00
17202.00 17186.00 17602.00 16503.00
17217.00 17826.00 16985.00 15994.00
17225.00 17179.00 17224.00 16682.00
17228.00 17383.00 17039.00 16697.00
17238.00 16847.00 17147.00 16914.00
17244.00 17396.00 17477.00 16182.00
17263.00 16833.00 17335.00 16768.00
17268.00 17024.00 16979.00 16910.00
17290.00 17556.00 17333.00 16077.00
17316.00 17761.00 16741.00 15743.00
17321.00 17048.00 17596.00 16439.00
17333.00 16858.00 17442.00 16675.00
17349.00 17542.00 17294.00 15993.00
17353.00 17371.00 17099.00 16451.00
17411.00 17229.00 17415.00 16368.00
17449.00 17192.00 16878.00 16734.00
17468.00 17379.00 17090.00 16325.00
17471.00 17670.00 16808.00 15857.00
17483.00 17491.00 16982.00 16147.00
17496.00 16777.00 17614.00 16177.00
17505.00 17406.00 17215.00 16067.00
17561.00 17227.00 17164.00 16343.00
17563.00 16997.00 17150.00 16535.00
17580.00 16949.00 17353.00 16205.00
17598.00 16955.00 16840.00 16662.00
17601.00 17362.00 16980.00 16081.00
17619.00 16762.00 17504.00 16156.00
17653.00 17483.00 16805.00 16008.00
17666.00 17060.00 17212.00 16062.00
17739.00 16896.00 17204.00 16196.00
17776.00 16759.00 17149.00 16353.00
17819.00 16921.00 16931.00 16289.00
15945.00 17298.00 16507.00 17454.00
15966.00 17024.00 16502.00 17684.00
16017.00 17734.00 16999.00 16786.00
16024.00 17770.00 17305.00 16565.00
16046.00 17813.00 17101.00 16670.00
16058.00 17152.00 17423.00 17219.00
16076.00 17191.00 16438.00 17524.00
16085.00 17198.00 17341.00 17257.00
16116.00 17715.00 17477.00 16434.00
16171.00 17411.00 17909.00 16365.00
16173.00 17764.00 16739.00 16877.00
16208.00 17644.00 17385.00 16577.00
16226.00 17207.00 17726.00 16956.00
16251.00 17251.00 17722.00 16901.00
16264.00 17493.00 17090.00 17076.00
16285.00 17617.00 17762.00 16263.00
16294.00 17144.00 17678.00 16982.00
16295.00 17093.00 18124.00 16282.00
16357.00 16926.00 18092.00 16598.00
16357.00 16944.00 16863.00 17541.00
16372.00 17233.00 17001.00 17270.00
16375.00 16965.00 18010.00 16547.00
16375.00 17361.00 17401.00 16956.00
16396.00 17924.00 17138.00 16242.00
16400.00 16855.00 16822.00 17623.00
16408.00 16704.00 17399.00 17288.00
16439.00 17188.00 16570.00 17412.00
16448.00 17845.00 17343.00 16060.00
16449.00 16776.00 16836.00 17634.00
16489.00 17659.00 16847.00 16776.00
16490.00 17024.00 17125.00 17358.00
16507.00 16744.00 17664.00 17036.00
16520.00 17615.00 17634.00 16228.00
16524.00 17205.00 17413.00 17030.00
16537.00 16986.00 17712.00 16813.00
16547.00 16972.00 17996.00 16426.00
16555.00 17581.00 17632.00 16286.00
16569.00 17954.00 16839.00 16287.00
16569.00 18022.00 16844.00 16236.00
16575.00 17179.00 18006.00 16237.00
16580.00 17336.00 16459.00 17259.00
16585.00 17916.00 17151.00 16058.00
16623.00 17709.00 17153.00 16414.00
16640.00 17451.00 17648.00 16539.00
16651.00 17143.00 17941.00 16216.00
16653.00 17211.00 16732.00 17257.00
16653.00 17753.00 16832.00 16605.00
16665.00 17855.00 17120.00 16029.00
16713.00 17461.00 17081.00 16910.00
16728.00 17665.00 17498.00 15936.00
16793.00 17317.00 17467.00 16684.00
16795.00 17842.00 16489.00 16506.00
16802.00 17445.00 17603.00 16468.00
16809.00 16741.00 17279.00 17234.00
16814.00 17117.00 17321.00 16960.00
16827.00 17719.00 17254.00 16206.00
16829.00 16823.00 17144.00 17412.00
16852.00 16822.00 17697.00 16790.00
16854.00 16919.00 17062.00 17289.00
16895.00 17656.00 17206.00 16232.00
16897.00 16789.00 17665.00 16844.00
16935.00 17353.00 17236.00 16780.00
16941.00 17036.00 17826.00 16007.00
16946.00 17578.00 16865.00 16652.00
16984.00 17424.00 17141.00 16653.00
16991.00 17368.00 16804.00 16936.00
17002.00 16886.00 17265.00 17064.00
17006.00 17015.00 16963.00 17153.00
17009.00 17312.00 16799.00 16983.00
17012.00 16836.00 16818.00 17246.00
17021.00 17871.00 16516.00 16025.00
17029.00 17036.00 17788.00 16090.00
17041.00 17656.00 17084.00 16058.00
17068.00 17583.00 16936.00 16509.00
17078.00 17045.00 17412.00 16588.00
17091.00 17864.00 16418.00 16063.00
17093.00 17326.00 17408.00 16241.00
17107.00 17044.00 17131.00 16877.00
17173.00 17296.00 17419.00 16171.00
17177.00 17687.00 16538.00 16339.00
17221.00 16824.00 16588.00 17093.00
17270.00 17095.00 17447.00 16191.00
17286.00 16826.00 17345.00 16561.00
17286.00 17138.00 16872.00 16767.00
17305.00 16742.00 17352.00 16661.00
17305.00 17425.00 16941.00 16387.00
17343.00 17056.00 17031.00 16619.00
17356.00 17295.00 16663.00 16643.00
17363.00 17356.00 17024.00 16297.00
17505.00 16970.00 16984.00 16511.00
17518.00 16822.00 17285.00 16154.00
17533.00 17261.00 16639.00 16385.00
17544.00 16950.00 16541.00 16748.00
17554.00 17031.00 16757.00 16613.00
17591.00 17194.00 16836.00 16180.00
17606.00 16959.00 17150.00 16129.00
17649.00 17264.00 16426.00 16433.00
17706.00 17220.00 16341.00 16438.00
17752.00 16912.00 16944.00 16147.00
17773.00 17025.00 16775.00 16208.00
16119.00 17700.00 17350.00 16768.00
16137.00 17808.00 17099.00 16577.00
16147.00 17684.00 17316.00 16797.00
16156.00 17760.00 17580.00 16252.00
16175.00 17591.00 17458.00 16743.00
16182.00 17368.00 17929.00 16408.00
16188.00 17263.00 17435.00 16944.00
16242.00 17418.00 17866.00 16446.00
16356.00 17596.00 17706.00 16363.00
16360.00 18002.00 17152.00 15748.00
16375.00 17717.00 16841.00 16618.00
16379.00 17680.00 16903.00 16603.00
16380.00 17399.00 17207.00 16966.00
16403.00 17688.00 17676.00 16226.00
16404.00 17771.00 17617.00 15904.00
16419.00 16863.00 16806.00 17295.00
16427.00 16924.00 16740.00 17297.00
16435.00 17415.00 17541.00 16684.00
16435.00 17795.00 17288.00 16236.00
16477.00 17288.00 17734.00 16528.00
16514.00 17582.00 17685.00 16218.00
16524.00 16942.00 18072.00 16248.00
16543.00 17745.00 17124.00 16407.00
16552.00 17279.00 17132.00 16969.00
16556.00 17055.00 17267.00 17043.00
16567.00 17450.00 17486.00 16583.00
16608.00 17793.00 17511.00 15704.00
16622.00 16727.00 16871.00 17328.00
16622.00 17803.00 17139.00 16279.00
16642.00 17159.00 17567.00 16761.00
16647.00 17250.00 17470.00 16775.00
16649.00 17825.00 17296.00 15946.00
16650.00 17291.00 17790.00 16326.00
16652.00 16859.00 18023.00 16232.00
16655.00 17559.00 17767.00 15697.00
16658.00 17903.00 17045.00 16158.00
16666.00 17984.00 17024.00 15933.00
16672.00 17162.00 17778.00 16529.00
16701.00 16654.00 16845.00 17335.00
16717.00 17166.00 18061.00 15906.00
16718.00 17390.00 17214.00 16809.00
16722.00 16942.00 17160.00 17096.00
16724.00 17097.00 17876.00 16434.00
16777.00 16759.00 16785.00 17239.00
16786.00 16953.00 18059.00 16097.00
16801.00 17629.00 16903.00 16319.00
16802.00 17087.00 16849.00 17073.00
16808.00 17431.00 17497.00 16420.00
16838.00 16865.00 18152.00 15884.00
16842.00 17431.00 17321.00 16576.00
16866.00 17086.00 16855.00 17032.00
16869.00 16804.00 17732.00 16552.00
16871.00 17398.00 17503.00 16354.00
16881.00 17439.00 17690.00 16018.00
16923.00 17220.00 17201.00 16847.00
16926.00 17169.00 17708.00 16357.00
16979.00 16977.00 17990.00 15874.00
17022.00 17797.00 17150.00 15844.00
17025.00 17822.00 17090.00 15829.00
17033.00 16769.00 17431.00 16869.00
17046.00 17450.00 17305.00 16350.00
17047.00 17330.00 17034.00 16630.00
17059.00 16782.00 17083.00 16977.00
17061.00 17092.00 17453.00 16601.00
17138.00 17156.00 17265.00 16637.00
17144.00 17597.00 17321.00 15927.00
17147.00 17129.00 17643.00 16187.00
17151.00 16789.00 17291.00 16855.00
17160.00 17039.00 17762.00 16144.00
17194.00 16621.00 17648.00 16453.00
17195.00 17166.00 17832.00 15794.00
17205.00 16572.00 17300.00 16855.00
17209.00 16910.00 17446.00 16677.00
17219.00 17397.00 17473.00 15911.00
17237.00 17157.00 17422.00 16430.00
17239.00 17311.00 17002.00 16452.00
17243.00 17364.00 17371.00 16113.00
17300.00 17024.00 17787.00 16002.00
17336.00 17547.00 17004.00 16006.00
17343.00 17599.00 17122.00 15911.00
17348.00 16963.00 17345.00 16662.00
17376.00 17139.00 17690.00 15751.00
17386.00 17590.00 17083.00 15855.00
17389.00 17227.00 17033.00 16303.00
17424.00 16674.00 17558.00 16342.00
17444.00 17213.00 17327.00 15954.00
17463.00 16582.00 17624.00 16219.00
17465.00 16885.00 17667.00 15930.00
17477.00 16845.00 17266.00 16536.00
17520.00 17385.00 16965.00 15974.00
17589.00 17048.00 17409.00 15736.00
17612.00 16905.00 17658.00 15760.00
17627.00 16980.00 17016.00 16392.00
17635.00 17173.00 17056.00 15955.00
17656.00 16748.00 17293.00 16177.00
17770.00 16541.00 17427.00 15837.00
17795.00 16614.00 17384.00 15806.00
15909.00 17113.00 18081.00 16827.00
16026.00 17556.00 17218.00 17090.00
16079.00 17146.00 17961.00 16923.00
16079.00 17182.00 17952.00 16896.00
16084.00 17621.00 17639.00 16693.00
16091.00 17509.00 17259.00 17090.00
16113.00 16709.00 18105.00 16822.00
16128.00 17384.00 17811.00 16764.00
16128.00 17643.00 17613.00 16683.00
16162.00 16879.00 18216.00 16268.00
16167.00 17254.00 17704.00 17013.00
16169.00 17376.00 17642.00 16899.00
16189.00 16806.00 18221.00 16427.00
16251.00 17527.00 17906.00 16447.00
16317.00 17611.00 17821.00 16334.00
16319.00 17741.00 17598.00 16370.00
16327.00 17567.00 17848.00 16403.00
16330.00 17674.00 17040.00 16836.00
16335.00 17337.00 17721.00 16789.00
16349.00 17201.00 17593.00 16968.00
16350.00 16661.00 18025.00 16601.00
16355.00 16860.00 17887.00 16839.00
16370.00 16846.00 16833.00 17397.00
16388.00 17655.00 17367.00 16664.00
16393.00 17283.00 17314.00 17076.00
16413.00 17430.00 17154.00 17064.00
16415.00 17040.00 17275.00 17248.00
16435.00 17615.00 17518.00 16580.00
16483.00 17470.00 17331.00 16953.00
16495.00 17294.00 17945.00 16226.00
16495.00 17663.00 16723.00 16969.00
16520.00 17704.00 16671.00 16935.00
16521.00 16949.00 17548.00 17061.00
16553.00 17618.00 17552.00 16355.00
16554.00 17629.00 16878.00 16866.00
16578.00 17090.00 17964.00 16322.00
16592.00 17410.00 17503.00 16703.00
16613.00 17165.00 17741.00 16702.00
16623.00 16661.00 16888.00 17368.00
16648.00 17722.00 17019.00 16640.00
16661.00 17447.00 17308.00 16851.00
16667.00 17188.00 17738.00 16675.00
16686.00 16762.00 16772.00 17319.00
16713.00 17110.00 17279.00 17013.00
16728.00 17054.00 17298.00 17050.00
16731.00 17014.00 17959.00 16102.00
16737.00 17697.00 16920.00 16718.00
16739.00 17469.00 17228.00 16821.00
16776.00 16528.00 16832.00 17344.00
16790.00 17226.00 17005.00 17139.00
16820.00 17419.00 17547.00 16504.00
16840.00 17030.00 17525.00 16830.00
16842.00 16869.00 17760.00 16608.00
16858.00 16920.00 16685.00 17207.00
16860.00 17614.00 16635.00 16722.00
16867.00 17539.00 17363.00 16345.00
16894.00 17247.00 16978.00 17048.00
16901.00 16852.00 17248.00 17029.00
16925.00 17479.00 17244.00 16542.00
16935.00 17382.00 17556.00 16318.00
16947.00 17590.00 16531.00 16713.00
16953.00 17481.00 17501.00 16077.00
16963.00 17186.00 17365.00 16783.00
16965.00 16919.00 17851.00 16288.00
16994.00 17314.00 16896.00 16875.00
17012.00 17320.00 17515.00 16324.00
17065.00 17544.00 16883.00 16357.00
17072.00 16734.00 16721.00 17104.00
17102.00 17091.00 17410.00 16563.00
17105.00 17379.00 16677.00 16843.00
17122.00 16822.00 17532.00 16595.00
17145.00 17060.00 17657.00 16353.00
17151.00 16801.00 17297.00 16769.00
17152.00 17602.00 16660.00 16289.00
17195.00 17230.00 16967.00 16743.00
17205.00 16658.00 16538.00 17122.00
17229.00 17239.00 17368.00 16051.00
17238.00 16727.00 16552.00 17050.00
17268.00 17138.00 16885.00 16867.00
17304.00 16986.00 17453.00 16228.00
17312.00 17463.00 16717.00 16359.00
17337.00 17095.00 16880.00 16822.00
17361.00 17349.00 16416.00 16534.00
17364.00 17294.00 17112.00 16239.00
17403.00 17050.00 17413.00 16111.00
17411.00 17045.00 17098.00 16489.00
17459.00 17021.00 17385.00 16069.00
17461.00 16970.00 17125.00 16478.00
17509.00 17017.00 16908.00 16589.00
17547.00 17226.00 16781.00 16041.00
17560.00 17285.00 16722.00 16031.00
17566.00 16615.00 16506.00 16746.00
17568.00 16584.00 16525.00 16785.00
17590.00 17243.00 16464.00 16401.00
17603.00 16627.00 17030.00 16441.00
17615.00 16712.00 17379.00 15895.00
17637.00 16941.00 16641.00 16373.00
17718.00 17007.00 16941.00 16160.00
17799.00 16957.00 16906.00 16138.00
16137.00 17312.00 17612.00 16854.00
16276.00 17438.00 17543.00 16860.00
16343.00 17110.00 17716.00 16933.00
16428.00 17433.00 17471.00 16847.00
16429.00 17073.00 17843.00 16724.00
16438.00 17520.00 17290.00 16889.00
16480.00 16985.00 17273.00 17341.00
16514.00 17723.00 17190.00 16578.00
16549.00 17125.00 17141.00 17264.00
16554.00 17562.00 17204.00 16806.00
16565.00 17376.00 16848.00 17108.00
16570.00 17099.00 17177.00 17315.00
16575.00 17453.00 17236.00 16891.00
16581.00 17940.00 16753.00 16342.00
16599.00 17503.00 17534.00 16426.00
16605.00 16986.00 17271.00 17261.00
16606.00 17702.00 16522.00 16855.00
16616.00 17068.00 17856.00 16600.00
16621.00 17512.00 16762.00 17019.00
16646.00 17223.00 16265.00 17350.00
16665.00 17646.00 16579.00 16895.00
16689.00 17192.00 16291.00 17344.00
16697.00 17778.00 17196.00 16461.00
16728.00 17282.00 17158.00 16946.00
16728.00 17356.00 17506.00 16622.00
16732.00 16997.00 18113.00 15974.00
16740.00 17676.00 17319.00 16407.00
16741.00 16975.00 18107.00 16035.00
16742.00 17795.00 17169.00 16379.00
16764.00 16886.00 17845.00 16528.00
16769.00 16859.00 17130.00 17216.00
16781.00 17112.00 17660.00 16616.00
16782.00 16970.00 17558.00 16820.00
16792.00 17149.00 16936.00 17188.00
16812.00 17484.00 17207.00 16677.00
16822.00 17147.00 17841.00 16313.00
16874.00 17096.00 17461.00 16841.00
16913.00 17393.00 17650.00 16259.00
16913.00 17433.00 16536.00 16990.00
16923.00 17366.00 16566.00 17065.00
16938.00 17023.00 16959.00 17100.00
16941.00 17241.00 17260.00 16793.00
16946.00 17063.00 17873.00 16213.00
16954.00 17378.00 17607.00 16214.00
16954.00 17768.00 16904.00 16478.00
16957.00 17375.00 17006.00 16868.00
16960.00 17577.00 17386.00 16130.00
16971.00 16741.00 17351.00 16992.00
16985.00 17792.00 16862.00 16484.00
16998.00 17618.00 17163.00 16321.00
17022.00 17256.00 17471.00 16577.00
17044.00 17701.00 16882.00 16538.00
17059.00 17596.00 16922.00 16646.00
17066.00 17404.00 17408.00 16461.00
17068.00 17518.00 17272.00 16451.00
17099.00 16990.00 17879.00 15958.00
17125.00 16700.00 17663.00 16458.00
17126.00 17891.00 16781.00 16006.00
17133.00 16800.00 17429.00 16757.00
17148.00 17712.00 17170.00 16139.00
17177.00 17017.00 17308.00 16769.00
17191.00 16665.00 17032.00 16963.00
17212.00 17316.00 17262.00 16402.00
17251.00 17171.00 17407.00 16275.00
17259.00 17822.00 16646.00 15929.00
17276.00 17164.00 17080.00 16621.00
17287.00 16872.00 16647.00 16993.00
17315.00 17129.00 17200.00 16493.00
17320.00 17099.00 16776.00 16787.00
17329.00 17433.00 16912.00 16442.00
17342.00 17376.00 16879.00 16483.00
17353.00 17747.00 16812.00 15992.00
17356.00 16792.00 16774.00 16974.00
17363.00 17569.00 17242.00 15747.00
17368.00 17513.00 17294.00 15763.00
17394.00 17483.00 16530.00 16193.00
17402.00 16980.00 17530.00 15918.00
17408.00 17245.00 17488.00 15658.00
17412.00 17713.00 17129.00 15572.00
17416.00 17680.00 17197.00 15534.00
17430.00 17127.00 17221.00 16258.00
17433.00 17549.00 16988.00 15967.00
17491.00 16622.00 17037.00 16386.00
17506.00 17257.00 17467.00 15593.00
17515.00 16738.00 16726.00 16723.00
17527.00 17329.00 17259.00 15789.00
17541.00 16969.00 16761.00 16536.00
17545.00 17558.00 17013.00 15798.00
17556.00 17125.00 16625.00 16425.00
17583.00 17317.00 16828.00 16017.00
17589.00 16991.00 16744.00 16450.00
17615.00 17028.00 17297.00 15950.00
17641.00 16970.00 17306.00 15976.00
17684.00 17332.00 17047.00 15701.00
17771.00 17204.00 17004.00 15738.00
17794.00 17155.00 17048.00 15722.00
16017.00 17839.00 17407.00 16296.00
16070.00 17015.00 17506.00 17218.00
16086.00 17158.00 17407.00 17206.00
16119.00 17798.00 17434.00 16309.00
16138.00 17778.00 17163.00 16481.00
16208.00 17671.00 17570.00 16379.00
16213.00 17000.00 17425.00 17206.00
16219.00 17215.00 17480.00 17065.00
16238.00 17452.00 17174.00 16936.00
16239.00 17301.00 17783.00 16664.00
16254.00 17329.00 18100.00 16159.00
16254.00 17493.00 17107.00 16954.00
16254.00 17553.00 17895.00 16113.00
16265.00 17506.00 17423.00 16641.00
16283.00 17480.00 17976.00 16126.00
16284.00 17354.00 17693.00 16700.00
16364.00 17661.00 17252.00 16636.00
16389.00 17339.00 17481.00 16894.00
16423.00 17198.00 17108.00 17209.00
16435.00 17619.00 17575.00 16267.00
16463.00 17165.00 17360.00 17068.00
16479.00 17742.00 17433.00 16146.00
16489.00 17104.00 17740.00 16745.00
16503.00 17153.00 17677.00 16775.00
16506.00 17451.00 17789.00 16386.00
16534.00 16800.00 17453.00 17048.00
16553.00 17281.00 16926.00 17131.00
16620.00 17887.00 17407.00 15700.00
16643.00 17180.00 18116.00 15932.00
16644.00 17213.00 17893.00 16349.00
16669.00 17165.00 18189.00 15602.00
16682.00 17471.00 17668.00 16395.00
16713.00 17208.00 17447.00 16814.00
16714.00 17170.00 17512.00 16788.00
16728.00 17153.00 18107.00 15911.00
16737.00 17859.00 17190.00 16009.00
16743.00 17305.00 16839.00 16924.00
16751.00 17170.00 17083.00 17082.00
16755.00 17110.00 17886.00 16411.00
16782.00 17644.00 17210.00 16477.00
16792.00 17446.00 17426.00 16467.00
16792.00 17625.00 17228.00 16478.00
16794.00 17418.00 17149.00 16760.00
16796.00 17651.00 17582.00 15470.00
16797.00 17795.00 17421.00 15678.00
16817.00 17810.00 17157.00 16007.00
16834.00 17234.00 17695.00 16576.00
16853.00 17389.00 17498.00 16453.00
16874.00 16929.00 17487.00 16741.00
16890.00 17691.00 17388.00 16007.00
16904.00 17544.00 17720.00 15564.00
16915.00 17100.00 18014.00 15621.00
16920.00 16924.00 18037.00 15973.00
16969.00 17428.00 17653.00 16003.00
16983.00 16833.00 18028.00 15906.00
16983.00 17037.00 17966.00 15647.00
17012.00 17715.00 17358.00 15534.00
17038.00 17658.00 16948.00 16405.00
17061.00 17639.00 16911.00 16470.00
17074.00 17444.00 16832.00 16723.00
17085.00 16981.00 17288.00 16724.00
17088.00 17320.00 17629.00 15996.00
17101.00 17161.00 17459.00 16410.00
17101.00 17731.00 17120.00 15860.00
17110.00 17395.00 16845.00 16745.00
17113.00 17403.00 17837.00 15492.00
17126.00 17316.00 17720.00 15827.00
17130.00 17085.00 17284.00 16642.00
17130.00 17514.00 17201.00 16234.00
17153.00 17804.00 16829.00 16061.00
17176.00 17438.00 17384.00 15952.00
17193.00 17780.00 16879.00 16028.00
17221.00 17646.00 17139.00 15911.00
17229.00 17446.00 17566.00 15744.00
17242.00 17250.00 17038.00 16657.00
17251.00 17048.00 17473.00 16442.00
17269.00 16855.00 17639.00 16191.00
17276.00 17388.00 17103.00 16375.00
17285.00 17377.00 16636.00 16574.00
17289.00 17095.00 17407.00 16368.00
17340.00 17431.00 16534.00 16565.00
17385.00 17318.00 17597.00 15592.00
17391.00 17637.00 16686.00 15944.00
17445.00 17270.00 16847.00 16494.00
17446.00 17277.00 17511.00 15549.00
17469.00 17428.00 17251.00 15630.00
17480.00 17556.00 16920.00 15536.00
17483.00 17105.00 17308.00 16072.00
17495.00 17624.00 16789.00 15598.00
17503.00 17147.00 17480.00 15734.00
17524.00 17139.00 17206.00 16175.00
17554.00 17220.00 17115.00 16254.00
17601.00 17369.00 16707.00 16076.00
17614.00 16898.00 17230.00 16069.00
17623.00 17352.00 16635.00 16154.00
17684.00 17357.00 17010.00 15478.00
17693.00 17136.00 16922.00 16219.00
17793.00 16872.00 17327.00 15740.00
17812.00 17064.00 17058.00 15866.00
17829.00 16858.00 17285.00 15704.00
16244.00 17685.00 17448.00 16604.00
16325.00 17092.00 17808.00 16834.00
16344.00 17649.00 17380.00 16653.00
16346.00 17582.00 17466.00 16660.00
16384.00 17143.00 17893.00 16760.00
16396.00 17197.00 17977.00 16622.00
16406.00 17382.00 17397.00 16885.00
16430.00 16862.00 17713.00 17070.00
16451.00 16837.00 17696.00 17085.00
16495.00 17684.00 17394.00 16429.00
16557.00 17087.00 18072.00 16442.00
16559.00 17601.00 17552.00 16371.00
16569.00 17379.00 17826.00 16550.00
16573.00 17782.00 17389.00 16285.00
16579.00 17465.00 17840.00 16356.00
16604.00 16775.00 17940.00 16687.00
16604.00 17418.00 17760.00 16565.00
16607.00 17729.00 17211.00 16417.00
16643.00 17029.00 18190.00 16254.00
16676.00 17313.00 17556.00 16816.00
16696.00 16877.00 17302.00 17132.00
16701.00 16981.00 17640.00 16949.00
16743.00 16929.00 17298.00 17080.00
16758.00 17038.00 18088.00 16259.00
16762.00 17814.00 17384.00 16063.00
16767.00 17532.00 17653.00 16158.00
16783.00 17077.00 17564.00 16892.00
16808.00 17789.00 17315.00 16118.00
16811.00 16658.00 17856.00 16617.00
16826.00 17216.00 17696.00 16648.00
16845.00 16868.00 18088.00 16270.00
16852.00 17052.00 17959.00 16345.00
16871.00 17078.00 18048.00 16104.00
16915.00 17431.00 17639.00 16417.00
16948.00 17361.00 17697.00 16400.00
16953.00 17101.00 17309.00 16878.00
16968.00 17830.00 16980.00 15926.00
16970.00 16835.00 17553.00 16896.00
17023.00 17577.00 17313.00 16281.00
17047.00 17396.00 17194.00 16631.00
17048.00 16812.00 17070.00 17086.00
17065.00 16634.00 17715.00 16707.00
17074.00 16801.00 17994.00 15890.00
17077.00 17644.00 17303.00 16163.00
17084.00 17411.00 17153.00 16597.00
17089.00 16743.00 17051.00 17104.00
17099.00 17053.00 17448.00 16769.00
17109.00 17051.00 17479.00 16713.00
17118.00 16751.00 18002.00 15848.00
17140.00 16992.00 17745.00 16300.00
17143.00 17264.00 17482.00 16400.00
17149.00 17157.00 17130.00 16796.00
17165.00 16798.00 17692.00 16504.00
17170.00 16852.00 17582.00 16669.00
17177.00 17459.00 17478.00 16109.00
17202.00 17687.00 17127.00 16059.00
17209.00 16728.00 17376.00 16914.00
17228.00 17302.00 17508.00 16334.00
17244.00 17695.00 17064.00 16029.00
17246.00 17118.00 17769.00 16125.00
17249.00 16670.00 17310.00 16953.00
17254.00 17066.00 17431.00 16589.00
17263.00 17289.00 17145.00 16622.00
17268.00 17180.00 17704.00 16034.00
17319.00 17642.00 17261.00 15904.00
17342.00 17339.00 16932.00 16528.00
17356.00 17526.00 17266.00 16009.00
17359.00 17426.00 17498.00 16006.00
17371.00 17187.00 17351.00 16451.00
17375.00 17623.00 16855.00 16068.00
17400.00 17000.00 17039.00 16773.00
17412.00 16698.00 17234.00 16846.00
17462.00 16550.00 17469.00 16550.00
17466.00 16570.00 17769.00 16049.00
17467.00 16954.00 17458.00 16321.00
17470.00 16579.00 17135.00 16905.00
17477.00 16615.00 17777.00 16000.00
17488.00 16991.00 17257.00 16587.00
17506.00 17350.00 16874.00 16269.00
17507.00 16811.00 17077.00 16815.00
17510.00 17148.00 16771.00 16581.00
17516.00 17140.00 17110.00 16440.00
17523.00 17308.00 17150.00 16143.00
17530.00 17267.00 17426.00 15771.00
17537.00 16536.00 17398.00 16547.00
17556.00 17494.00 17146.00 15817.00
17568.00 16752.00 17496.00 16330.00
17571.00 17368.00 17309.00 15779.00
17589.00 17221.00 16675.00 16492.00
17614.00 17464.00 17112.00 15770.00
17643.00 16946.00 17536.00 15799.00
17671.00 17322.00 16897.00 16074.00
17688.00 17118.00 16992.00 16324.00
17708.00 17234.00 17283.00 15749.00
17719.00 17005.00 17067.00 16295.00
17725.00 16603.00 17176.00 16428.00
17753.00 17222.00 17179.00 15956.00
17754.00 16714.00 17315.00 16100.00
17920.00 16918.00 17237.00 15743.00
17930.00 16956.00 17176.00 15726.00
16086.00 17178.00 16658.00 17551.00
16155.00 17152.00 16569.00 17552.00
16174.00 17223.00 16794.00 17415.00
16188.00 16971.00 16968.00 17517.00
16204.00 17579.00 16980.00 17033.00
16226.00 18145.00 16708.00 16235.00
16249.00 18146.00 16645.00 16305.00
16265.00 17839.00 16587.00 16896.00
16268.00 17640.00 17202.00 16868.00
16286.00 18133.00 16784.00 16143.00
16287.00 17791.00 16641.00 16872.00
16342.00 17340.00 17121.00 17178.00
16356.00 17336.00 17623.00 16828.00
16366.00 17924.00 16706.00 16637.00
16395.00 17025.00 17600.00 17012.00
16399.00 16753.00 17322.00 17443.00
16406.00 17898.00 17082.00 16336.00
16410.00 17322.00 17032.00 17280.00
16410.00 17420.00 17556.00 16807.00
16463.00 17665.00 17486.00 16432.00
16488.00 16790.00 17722.00 17014.00
16489.00 16818.00 17947.00 16764.00
16514.00 17913.00 17024.00 16422.00
16516.00 17291.00 16845.00 17288.00
16524.00 16909.00 17222.00 17371.00
16531.00 16947.00 16849.00 17491.00
16540.00 17342.00 17197.00 17041.00
16550.00 17688.00 17409.00 16021.00
16556.00 17371.00 17866.00 16565.00
16571.00 17347.00 17824.00 16608.00
16573.00 17781.00 16735.00 16697.00
16596.00 17875.00 16539.00 16540.00
16617.00 16691.00 18030.00 16611.00
16631.00 17044.00 17543.00 17007.00
16632.00 17828.00 17188.00 16134.00
16642.00 16954.00 16719.00 17468.00
16679.00 17426.00 16873.00 17000.00
16693.00 16955.00 17210.00 17254.00
16700.00 16807.00 17324.00 17281.00
16730.00 16638.00 17449.00 17244.00
16735.00 16506.00 17250.00 17416.00
16748.00 17309.00 17614.00 16662.00
16753.00 17265.00 17301.00 16943.00
16757.00 16952.00 16993.00 17325.00
16764.00 17792.00 17057.00 16165.00
16765.00 17501.00 17572.00 16450.00
16792.00 17033.00 17873.00 16397.00
16799.00 16972.00 17796.00 16687.00
16803.00 16757.00 17126.00 17383.00
16825.00 17611.00 16626.00 16849.00
16837.00 16499.00 17832.00 16807.00
16847.00 17467.00 17645.00 16238.00
16851.00 17537.00 16736.00 16840.00
16854.00 16463.00 17700.00 16898.00
16857.00 16855.00 17573.00 16867.00
16910.00 16310.00 17241.00 17237.00
16916.00 17347.00 17700.00 16269.00
16928.00 17615.00 17045.00 16379.00
16937.00 16331.00 17001.00 17399.00
16953.00 16910.00 17714.00 16668.00
16958.00 16695.00 17494.00 17134.00
16985.00 17005.00 17401.00 16898.00
16996.00 16263.00 17637.00 16927.00
17011.00 17432.00 17186.00 16594.00
17017.00 17409.00 17460.00 16116.00
17031.00 17113.00 17691.00 16105.00
17034.00 16575.00 16866.00 17310.00
17036.00 17066.00 16996.00 17127.00
17043.00 17209.00 17179.00 16918.00
17051.00 17340.00 17246.00 16660.00
17064.00 16779.00 17388.00 16994.00
17105.00 17412.00 16909.00 16715.00
17136.00 17175.00 17522.00 16492.00
17156.00 16270.00 17470.00 16919.00
17157.00 16630.00 17659.00 16519.00
17199.00 17132.00 17478.00 16439.00
17217.00 16579.00 17467.00 16820.00
17244.00 17218.00 17061.00 16708.00
17259.00 16809.00 17299.00 16755.00
17267.00 16788.00 17140.00 16982.00
17272.00 16995.00 16628.00 16907.00
17284.00 16805.00 16715.00 17084.00
17296.00 16833.00 17499.00 16521.00
17331.00 16898.00 17607.00 16165.00
17407.00 17088.00 17136.00 16371.00
17412.00 16869.00 17069.00 16865.00
17413.00 17258.00 16591.00 16628.00
17418.00 17290.00 16778.00 16345.00
17464.00 17094.00 17025.00 16447.00
17465.00 17218.00 16594.00 16589.00
17496.00 17048.00 16797.00 16681.00
17498.00 16634.00 17241.00 16477.00
17562.00 16664.00 17341.00 16264.00
17575.00 16841.00 17205.00 16318.00
17581.00 16620.00 17434.00 16145.00
17590.00 17010.00 17077.00 16132.00
17601.00 16876.00 16852.00 16641.00
17622.00 16571.00 17405.00 16094.00
17670.00 16960.00 16733.00 16546.00
17737.00 16614.00 17112.00 16327.00
15936.00 17814.00 17322.00 16615.00
15946.00 17474.00 17710.00 16776.00
15952.00 17692.00 16976.00 16976.00
15965.00 17431.00 18026.00 16389.00
15991.00 17229.00 16870.00 17334.00
16017.00 17223.00 16747.00 17413.00
16042.00 17580.00 17078.00 17076.00
16071.00 17604.00 17871.00 16330.00
16130.00 17380.00 17767.00 16743.00
16209.00 17469.00 17969.00 16311.00
16212.00 17670.00 17455.00 16729.00
16214.00 17893.00 17518.00 16389.00
16275.00 17926.00 17497.00 16295.00
16287.00 17630.00 17440.00 16712.00
16309.00 16997.00 17020.00 17364.00
16391.00 16907.00 16861.00 17557.00
16396.00 17694.00 17665.00 16266.00
16396.00 17966.00 17184.00 16156.00
16402.00 17343.00 17243.00 17093.00
16405.00 17119.00 17959.00 16567.00
16429.00 17133.00 17443.00 17016.00
16498.00 17672.00 16860.00 16744.00
16522.00 16970.00 16371.00 17535.00
16547.00 17507.00 17463.00 16798.00
16567.00 17872.00 16831.00 16424.00
16588.00 17242.00 16456.00 17350.00
16619.00 17126.00 16774.00 17346.00
16638.00 17374.00 16805.00 17113.00
16653.00 17554.00 17605.00 16372.00
16668.00 17689.00 16613.00 16825.00
16677.00 17690.00 17452.00 16098.00
16684.00 17171.00 17953.00 16313.00
16710.00 17986.00 16823.00 16159.00
16719.00 17290.00 17887.00 16170.00
16725.00 17806.00 17463.00 15895.00
16734.00 17795.00 16612.00 16666.00
16746.00 17737.00 17270.00 16321.00
16761.00 17663.00 16881.00 16630.00
16790.00 17224.00 17613.00 16599.00
16793.00 17515.00 17366.00 16532.00
16806.00 17853.00 17016.00 16234.00
16807.00 17344.00 17485.00 16656.00
16810.00 17280.00 16663.00 17132.00
16817.00 16963.00 17721.00 16713.00
16818.00 17705.00 17270.00 16323.00
16830.00 16795.00 16916.00 17290.00
16851.00 17311.00 17286.00 16806.00
16903.00 17119.00 16364.00 17295.00
16933.00 16957.00 17514.00 16898.00
16942.00 17167.00 17365.00 16874.00
16957.00 16966.00 16681.00 17282.00
16988.00 17591.00 17504.00 15831.00
17028.00 16660.00 17050.00 17151.00
17031.00 16721.00 17889.00 16406.00
17037.00 17679.00 17231.00 16094.00
17071.00 16929.00 16901.00 17131.00
17096.00 17462.00 16401.00 16833.00
17108.00 17531.00 17023.00 16333.00
17114.00 17199.00 17660.00 16071.00
17116.00 16961.00 17878.00 16147.00
17126.00 17422.00 16447.00 16872.00
17141.00 17802.00 17066.00 15482.00
17166.00 17359.00 17321.00 16358.00
17175.00 17044.00 17152.00 16869.00
17182.00 16985.00 17818.00 16167.00
17201.00 17680.00 16541.00 16237.00
17209.00 16989.00 17436.00 16679.00
17218.00 16894.00 16877.00 17044.00
17235.00 17397.00 17534.00 15752.00
17244.00 17643.00 17110.00 15766.00
17265.00 17014.00 17579.00 16439.00
17295.00 17766.00 16862.00 15757.00
17307.00 17405.00 17406.00 16213.00
17322.00 17378.00 16678.00 16655.00
17332.00 17290.00 16919.00 16485.00
17339.00 16595.00 16707.00 16971.00
17348.00 17601.00 16926.00 15978.00
17381.00 16816.00 16287.00 16999.00
17427.00 16814.00 17463.00 16554.00
17482.00 17390.00 17319.00 15802.00
17501.00 17148.00 17205.00 16388.00
17512.00 17391.00 16395.00 16339.00
17519.00 17104.00 17243.00 16413.00
17535.00 17629.00 16912.00 15620.00
17537.00 16659.00 17414.00 16456.00
17595.00 16685.00 16022.00 16682.00
17626.00 17191.00 17242.00 15989.00
17683.00 17479.00 16471.00 15808.00
17689.00 17470.00 16805.00 15433.00
17715.00 17044.00 16794.00 16350.00
17724.00 17437.00 16473.00 15853.00
17763.00 17252.00 16952.00 15694.00
17773.00 16973.00 16688.00 16383.00
17786.00 17250.00 17068.00 15585.00
17793.00 16986.00 17029.00 16002.00
17859.00 17212.00 16685.00 15854.00
17969.00 16682.00 15998.00 16157.00
18007.00 16954.00 16618.00 15654.00
18080.00 16739.00 16617.00 15786.00
18113.00 16755.00 16573.00 15780.00
16383.00 17299.00 17616.00 16886.00
16391.00 16937.00 16901.00 17498.00
16392.00 17481.00 17585.00 16646.00
16399.00 17311.00 17673.00 16846.00
16430.00 16997.00 17005.00 17366.00
16432.00 17361.00 17347.00 16928.00
16459.00 16974.00 16856.00 17481.00
16522.00 16872.00 16973.00 17410.00
16534.00 17149.00 17166.00 17219.00
16541.00 17127.00 17972.00 16582.00
16557.00 17006.00 16671.00 17405.00
16586.00 17125.00 17571.00 16933.00
16600.00 17348.00 17918.00 16423.00
16616.00 17455.00 17417.00 16729.00
16624.00 17559.00 17518.00 16389.00
16634.00 17509.00 17593.00 16409.00
16650.00 17094.00 17432.00 17013.00
16673.00 17428.00 17020.00 17019.00
16684.00 17080.00 18139.00 16300.00
16697.00 16858.00 16612.00 17388.00
16702.00 17171.00 17629.00 16819.00
16713.00 17641.00 17297.00 16585.00
16732.00 17476.00 17130.00 16888.00
16738.00 16880.00 17830.00 16634.00
16747.00 17376.00 17024.00 17032.00
16748.00 17046.00 18096.00 16295.00
16784.00 17029.00 17497.00 16966.00
16794.00 17277.00 17702.00 16667.00
16794.00 17535.00 17534.00 16227.00
16829.00 17382.00 17770.00 16441.00
16845.00 17485.00 16896.00 16847.00
16851.00 16950.00 17544.00 16948.00
16860.00 16873.00 18142.00 15948.00
16887.00 17173.00 16889.00 17257.00
16897.00 17388.00 17096.00 16862.00
16912.00 16793.00 18232.00 15789.00
16916.00 17146.00 17914.00 16239.00
16921.00 16855.00 18185.00 15792.00
16924.00 17635.00 17185.00 16069.00
16966.00 17093.00 17570.00 16743.00
16978.00 17313.00 17526.00 16435.00
16987.00 16848.00 17756.00 16504.00
16987.00 17236.00 17953.00 16022.00
16991.00 16864.00 17158.00 17103.00
16997.00 17309.00 17717.00 16265.00
17003.00 17446.00 17498.00 16213.00
17024.00 17512.00 17585.00 15843.00
17045.00 16775.00 18120.00 15764.00
17054.00 17149.00 16971.00 17114.00
17062.00 17547.00 17370.00 16164.00
17070.00 17173.00 17908.00 16103.00
17083.00 17329.00 16947.00 16802.00
17084.00 17457.00 16989.00 16557.00
17095.00 17150.00 16957.00 17051.00
17100.00 17258.00 17236.00 16608.00
17100.00 17493.00 17570.00 15873.00
17116.00 17556.00 17300.00 16098.00
17119.00 17023.00 17507.00 16708.00
17147.00 17060.00 17050.00 16969.00
17157.00 17149.00 17271.00 16716.00
17162.00 17122.00 17549.00 16462.00
17168.00 17623.00 17080.00 16130.00
17169.00 17530.00 16936.00 16424.00
17225.00 16951.00 17925.00 15905.00
17227.00 17315.00 17645.00 15984.00
17232.00 17346.00 17007.00 16617.00
17241.00 17406.00 17431.00 16060.00
17249.00 17619.00 16920.00 16195.00
17252.00 17378.00 16956.00 16595.00
17287.00 16928.00 16688.00 16967.00
17323.00 17559.00 16973.00 16230.00
17326.00 16890.00 16674.00 16941.00
17327.00 16947.00 17671.00 16202.00
17345.00 17334.00 17174.00 16306.00
17352.00 17151.00 17262.00 16541.00
17356.00 17096.00 17319.00 16535.00
17357.00 17182.00 17579.00 15903.00
17367.00 16801.00 17833.00 15689.00
17377.00 17530.00 16881.00 16301.00
17411.00 16691.00 17872.00 15755.00
17443.00 16805.00 17729.00 15888.00
17445.00 17052.00 17504.00 16123.00
17458.00 16940.00 16773.00 16755.00
17458.00 16941.00 16675.00 16806.00
17500.00 17153.00 16798.00 16543.00
17503.00 16914.00 17553.00 16084.00
17510.00 17315.00 16927.00 16281.00
17514.00 17294.00 17084.00 16150.00
17529.00 16800.00 17051.00 16560.00
17539.00 17009.00 17328.00 16297.00
17543.00 17251.00 17356.00 15748.00
17554.00 16700.00 17733.00 15885.00
17555.00 17084.00 17096.00 16436.00
17566.00 17263.00 17074.00 16085.00
17568.00 17236.00 17347.00 15705.00
17649.00 17010.00 17154.00 16308.00
17741.00 16907.00 17183.00 15913.00
17748.00 16826.00 17186.00 16064.00
17782.00 17020.00 17008.00 15709.00
16246.00 17438.00 17303.00 16868.00
16268.00 16984.00 17798.00 16861.00
16286.00 17831.00 17428.00 16187.00
16294.00 16893.00 16976.00 17431.00
16297.00 17047.00 17737.00 16842.00
16306.00 17080.00 17997.00 16601.00
16324.00 16941.00 16911.00 17431.00
16335.00 17540.00 17440.00 16724.00
16357.00 17308.00 17870.00 16547.00
16387.00 17519.00 17640.00 16428.00
16395.00 17564.00 17477.00 16660.00
16400.00 17036.00 18054.00 16551.00
16414.00 17334.00 17265.00 17000.00
16417.00 16880.00 17565.00 17095.00
16417.00 17814.00 17310.00 16394.00
16432.00 17394.00 17993.00 16182.00
16491.00 17203.00 17394.00 16968.00
16496.00 17201.00 18053.00 16293.00
16530.00 17372.00 16561.00 17242.00
16543.00 17348.00 16570.00 17277.00
16547.00 16880.00 17631.00 17000.00
16597.00 17860.00 17319.00 16014.00
16607.00 16679.00 16881.00 17500.00
16611.00 17889.00 17239.00 16105.00
16612.00 17184.00 17006.00 17232.00
16622.00 16820.00 17204.00 17350.00
16633.00 17081.00 17408.00 17047.00
16633.00 17483.00 17758.00 16132.00
16651.00 16752.00 17976.00 16488.00
16691.00 17616.00 17467.00 16412.00
16713.00 16779.00 18124.00 16143.00
16725.00 16725.00 18140.00 16201.00
16725.00 17419.00 17630.00 16390.00
16731.00 16948.00 18006.00 16179.00
16741.00 17520.00 17049.00 16885.00
16765.00 17287.00 17143.00 17072.00
16772.00 17169.00 17880.00 16244.00
16777.00 17172.00 17576.00 16631.00
16802.00 17813.00 17169.00 16284.00
16822.00 17189.00 17469.00 16756.00
16823.00 17555.00 17288.00 16600.00
16848.00 16933.00 17825.00 16594.00
16848.00 17757.00 17250.00 16263.00
16872.00 17055.00 17017.00 17219.00
16879.00 17522.00 17578.00 16129.00
16880.00 17470.00 17005.00 16862.00
16890.00 17243.00 17798.00 16022.00
16896.00 16727.00 17301.00 17223.00
16906.00 16823.00 17356.00 17162.00
16916.00 17824.00 16949.00 16252.00
16918.00 17222.00 16993.00 17118.00
16937.00 17436.00 16740.00 16989.00
16954.00 17865.00 17010.00 16120.00
16998.00 17418.00 17413.00 16446.00
17037.00 17104.00 16805.00 17210.00
17052.00 16839.00 17303.00 17070.00
17072.00 16762.00 17398.00 16969.00
17081.00 17070.00 16723.00 17213.00
17081.00 17499.00 16751.00 16859.00
17101.00 16911.00 17542.00 16837.00
17101.00 17368.00 17599.00 16149.00
17109.00 17263.00 17639.00 16298.00
17119.00 16955.00 17112.00 17091.00
17127.00 17237.00 17623.00 16341.00
17138.00 17320.00 17073.00 16785.00
17138.00 17546.00 16705.00 16787.00
17138.00 17558.00 16913.00 16544.00
17168.00 17231.00 17197.00 16756.00
17195.00 17585.00 17057.00 16318.00
17207.00 16872.00 17514.00 16736.00
17251.00 17481.00 17366.00 16294.00
17273.00 17213.00 16630.00 16947.00
17298.00 17319.00 17103.00 16592.00
17299.00 16813.00 17670.00 16035.00
17360.00 17464.00 17288.00 16275.00
17365.00 17648.00 17015.00 16047.00
17394.00 17679.00 17015.00 15993.00
17400.00 17168.00 17289.00 16532.00
17420.00 17579.00 17018.00 16155.00
17439.00 17308.00 17419.00 16066.00
17476.00 17168.00 17295.00 16453.00
17485.00 16955.00 17027.00 16745.00
17487.00 16966.00 17159.00 16664.00
17514.00 17403.00 16990.00 16365.00
17568.00 17310.00 17242.00 15994.00
17577.00 17360.00 16946.00 16312.00
17630.00 17071.00 16554.00 16690.00
17648.00 17094.00 16659.00 16588.00
17702.00 17050.00 17292.00 16094.00
17741.00 17002.00 17241.00 16111.00
17752.00 17200.00 16926.00 15808.00
17754.00 17295.00 16653.00 15982.00
17783.00 17098.00 16632.00 16381.00
17792.00 16932.00 16517.00 16497.00
17831.00 17035.00 16551.00 16382.00
17856.00 16968.00 17071.00 15870.00
17928.00 16914.00 17025.00 15902.00
17965.00 17136.00 16529.00 15791.00
18021.00 17075.00 16511.00 15742.00
16122.00 17075.00 18135.00 16336.00
16186.00 17596.00 17860.00 16318.00
16320.00 17552.00 17781.00 16422.00
16349.00 17487.00 17254.00 16985.00
16366.00 17102.00 18042.00 16492.00
16403.00 16717.00 18025.00 16852.00
16415.00 17149.00 16805.00 17247.00
16436.00 17518.00 17739.00 16301.00
16456.00 17213.00 17964.00 16407.00
16465.00 17861.00 17353.00 16031.00
16468.00 17462.00 17638.00 16536.00
16473.00 16935.00 18134.00 16399.00
16485.00 17164.00 17737.00 16807.00
16505.00 16702.00 17933.00 16823.00
16508.00 17227.00 18107.00 16100.00
16548.00 17007.00 17066.00 17309.00
16553.00 17194.00 18075.00 16154.00
16558.00 17552.00 17299.00 16762.00
16580.00 16828.00 17487.00 17200.00
16583.00 17448.00 17308.00 16894.00
16597.00 17289.00 17225.00 17068.00
16605.00 17400.00 17454.00 16766.00
16613.00 17645.00 17139.00 16652.00
16623.00 17747.00 17045.00 16403.00
16629.00 17218.00 17588.00 16867.00
16671.00 16918.00 17430.00 17145.00
16682.00 17297.00 17089.00 17079.00
16699.00 17952.00 16977.00 16215.00
16748.00 16707.00 18078.00 16253.00
16762.00 17748.00 17381.00 16114.00
16764.00 17374.00 17769.00 16366.00
16780.00 17710.00 17396.00 16165.00
16781.00 17205.00 17554.00 16776.00
16782.00 17264.00 17499.00 16815.00
16790.00 16521.00 16793.00 17411.00
16797.00 17047.00 17772.00 16575.00
16803.00 16712.00 17162.00 17239.00
16815.00 16910.00 18078.00 16172.00
16822.00 16851.00 17890.00 16689.00
16847.00 16997.00 18042.00 16074.00
16861.00 17853.00 17082.00 16128.00
16864.00 17685.00 17089.00 16374.00
16867.00 17309.00 17803.00 16256.00
16869.00 17914.00 16957.00 16083.00
16885.00 17262.00 17770.00 16328.00
16908.00 17449.00 17736.00 15998.00
16936.00 17156.00 17039.00 17045.00
16942.00 17018.00 17352.00 17036.00
16961.00 17374.00 17229.00 16679.00
16981.00 17672.00 16740.00 16440.00
16987.00 17449.00 17714.00 15931.00
17013.00 17230.00 17558.00 16467.00
17033.00 16809.00 17772.00 16645.00
17054.00 16771.00 17792.00 16605.00
17054.00 16877.00 17191.00 17050.00
17056.00 16616.00 16858.00 17207.00
17060.00 17626.00 16783.00 16463.00
17065.00 17084.00 17826.00 16162.00
17070.00 17382.00 16899.00 16763.00
17071.00 16852.00 17493.00 16774.00
17073.00 17747.00 17201.00 15988.00
17083.00 17695.00 17270.00 15940.00
17113.00 17167.00 17205.00 16817.00
17113.00 17651.00 16989.00 16129.00
17125.00 17200.00 16775.00 17003.00
17128.00 17422.00 17459.00 16068.00
17141.00 17444.00 17250.00 16454.00
17146.00 17434.00 17102.00 16615.00
17159.00 16924.00 17764.00 16434.00
17167.00 16467.00 16952.00 17194.00
17182.00 16738.00 16724.00 17181.00
17201.00 17215.00 16672.00 17018.00
17220.00 17681.00 17153.00 15826.00
17222.00 16872.00 17198.00 16926.00
17226.00 17074.00 17515.00 16400.00
17232.00 17388.00 17197.00 16401.00
17245.00 17398.00 17460.00 15955.00
17272.00 16832.00 17454.00 16560.00
17278.00 17624.00 17258.00 15686.00
17308.00 17375.00 17530.00 15713.00
17313.00 16764.00 17680.00 16298.00
17353.00 16911.00 17632.00 16047.00
17359.00 17105.00 17153.00 16708.00
17362.00 17332.00 17291.00 16100.00
17380.00 17058.00 17371.00 16259.00
17421.00 17064.00 17080.00 16742.00
17445.00 17179.00 16820.00 16731.00
17521.00 17327.00 16860.00 16404.00
17523.00 17066.00 16805.00 16819.00
17529.00 16767.00 17301.00 16488.00
17533.00 16628.00 17421.00 16375.00
17572.00 17292.00 16815.00 16382.00
17604.00 16915.00 17043.00 16394.00
17643.00 16686.00 17261.00 16430.00
17643.00 16928.00 17231.00 15993.00
17665.00 16887.00 17176.00 16040.00
17703.00 17119.00 16880.00 16277.00
17703.00 17210.00 16796.00 16207.00
17871.00 16851.00 16723.00 16077.00
17877.00 16946.00 16797.00 15965.00
16203.00 17871.00 17556.00 15874.00
16209.00 17384.00 17854.00 16682.00
16221.00 17372.00 17983.00 16363.00
16226.00 17295.00 17824.00 16775.00
16243.00 17167.00 18033.00 16526.00
16254.00 17600.00 17842.00 16146.00
16264.00 17122.00 17810.00 17006.00
16272.00 17360.00 17496.00 16928.00
16305.00 17599.00 17905.00 16062.00
16309.00 17141.00 18012.00 16527.00
16311.00 17738.00 17517.00 16371.00
16313.00 16973.00 17848.00 16957.00
16329.00 17165.00 17748.00 17039.00
16363.00 17790.00 17534.00 16220.00
16378.00 17680.00 17541.00 16357.00
16404.00 17144.00 17692.00 17019.00
16409.00 17670.00 17293.00 16633.00
16464.00 17726.00 17656.00 16079.00
16512.00 17485.00 17527.00 16640.00
16530.00 17198.00 17186.00 17123.00
16541.00 17505.00 17163.00 16873.00
16543.00 16952.00 17861.00 16703.00
16550.00 17447.00 17815.00 16407.00
16562.00 17544.00 17192.00 16838.00
16575.00 17066.00 17431.00 17004.00
16589.00 17199.00 17535.00 16883.00
16614.00 17189.00 18047.00 16086.00
16615.00 17022.00 18154.00 16177.00
16656.00 17747.00 17488.00 15868.00
16693.00 16910.00 18156.00 16195.00
16694.00 17336.00 17673.00 16640.00
16696.00 17515.00 17694.00 16232.00
16703.00 17703.00 17510.00 15850.00
16724.00 17378.00 17793.00 16449.00
16733.00 17618.00 17238.00 16468.00
16785.00 17625.00 17650.00 15885.00
16791.00 17736.00 17297.00 16221.00
16819.00 17574.00 17058.00 16589.00
16824.00 17133.00 17361.00 16890.00
16831.00 16766.00 17905.00 16434.00
16835.00 17287.00 17918.00 16068.00
16845.00 17279.00 17097.00 16818.00
16874.00 17304.00 17524.00 16657.00
16895.00 17176.00 17754.00 16376.00
16905.00 17046.00 18002.00 16077.00
16922.00 17293.00 17533.00 16618.00
16922.00 17661.00 16942.00 16508.00
16931.00 17529.00 17453.00 16233.00
16939.00 17783.00 17030.00 16097.00
16946.00 17128.00 17738.00 16363.00
16946.00 17573.00 17107.00 16467.00
17000.00 16952.00 17047.00 17021.00
17042.00 17265.00 17727.00 16040.00
17099.00 16907.00 18005.00 15811.00
17120.00 16912.00 17622.00 16550.00
17134.00 17475.00 17321.00 16150.00
17142.00 17800.00 16527.00 15938.00
17154.00 16869.00 17201.00 16872.00
17161.00 17724.00 16881.00 15866.00
17165.00 17352.00 17158.00 16564.00
17184.00 17231.00 17725.00 15694.00
17193.00 17524.00 16849.00 16295.00
17198.00 17332.00 17116.00 16543.00
17199.00 17179.00 17311.00 16491.00
17202.00 17629.00 16835.00 16180.00
17204.00 16906.00 17679.00 16408.00
17207.00 17057.00 17835.00 15792.00
17215.00 16992.00 17054.00 16868.00
17216.00 17329.00 17575.00 15944.00
17225.00 16968.00 17076.00 16871.00
17229.00 17205.00 17493.00 16291.00
17247.00 17154.00 17492.00 16321.00
17258.00 16772.00 17930.00 15797.00
17275.00 16706.00 17870.00 15954.00
17325.00 16649.00 17393.00 16644.00
17354.00 17335.00 17216.00 16201.00
17355.00 17407.00 17151.00 16057.00
17357.00 17676.00 16542.00 15854.00
17365.00 17135.00 17090.00 16597.00
17371.00 17581.00 16707.00 15773.00
17378.00 17680.00 16497.00 15910.00
17410.00 17115.00 17520.00 15520.00
17421.00 16957.00 16813.00 16735.00
17495.00 17330.00 16962.00 16005.00
17496.00 17490.00 16686.00 16001.00
17506.00 17017.00 17518.00 16031.00
17521.00 17199.00 17140.00 16005.00
17528.00 17070.00 16731.00 16418.00
17550.00 17359.00 17122.00 15766.00
17555.00 16998.00 17522.00 15988.00
17559.00 16972.00 16762.00 16497.00
17571.00 16771.00 17210.00 16469.00
17594.00 17125.00 16794.00 16274.00
17622.00 17188.00 17334.00 15683.00
17679.00 17186.00 17261.00 15673.00
17730.00 16992.00 17037.00 15894.00
17790.00 16841.00 17153.00 16027.00
17804.00 17003.00 17332.00 15569.00
17815.00 16783.00 17079.00 16052.00
16042.00 17992.00 16630.00 16633.00
16108.00 17141.00 17056.00 17415.00
16156.00 17547.00 16394.00 17255.00
16165.00 17674.00 16559.00 17125.00
16210.00 17498.00 16418.00 17303.00
16213.00 17313.00 16673.00 17454.00
16251.00 17074.00 17035.00 17432.00
16254.00 17783.00 16976.00 16836.00
16264.00 16780.00 17804.00 16946.00
16308.00 17852.00 17023.00 16668.00
16355.00 17266.00 17722.00 16822.00
16360.00 17940.00 16798.00 16626.00
16375.00 17249.00 17714.00 16824.00
16387.00 17771.00 16889.00 16839.00
16388.00 17396.00 17690.00 16356.00
16393.00 16834.00 16815.00 17570.00
16401.00 17446.00 17121.00 17123.00
16442.00 17233.00 17091.00 17334.00
16458.00 17142.00 18116.00 16464.00
16459.00 17656.00 16808.00 16995.00
16491.00 17375.00 16978.00 17241.00
16564.00 16858.00 16825.00 17494.00
16564.00 17604.00 16748.00 17046.00
16568.00 17836.00 16877.00 16641.00
16581.00 17621.00 17080.00 16780.00
16595.00 17141.00 16698.00 17456.00
16597.00 17532.00 17198.00 16771.00
16598.00 17186.00 17549.00 17012.00
16622.00 17736.00 16587.00 16774.00
16623.00 17192.00 17250.00 17224.00
16627.00 17318.00 17344.00 17099.00
16630.00 17144.00 16738.00 17422.00
16651.00 17259.00 17962.00 16411.00
16657.00 17513.00 16901.00 16947.00
16665.00 17129.00 17726.00 16803.00
16681.00 17893.00 16960.00 16239.00
16700.00 17911.00 16845.00 16454.00
16708.00 17668.00 17458.00 16225.00
16717.00 17310.00 16547.00 17218.00
16727.00 17704.00 17043.00 16592.00
16790.00 17321.00 17421.00 16880.00
16795.00 17014.00 17903.00 16470.00
16812.00 17473.00 17787.00 16188.00
16817.00 17525.00 16619.00 16950.00
16831.00 17095.00 17118.00 17172.00
16836.00 16774.00 16967.00 17355.00
16836.00 17642.00 17354.00 16440.00
16841.00 17666.00 17308.00 16405.00
16851.00 17464.00 17742.00 16157.00
16853.00 17156.00 17055.00 17170.00
16892.00 17787.00 17110.00 16198.00
16908.00 17527.00 16625.00 16842.00
16926.00 17275.00 17283.00 16896.00
16937.00 17701.00 16760.00 16517.00
16943.00 17472.00 17469.00 16372.00
16987.00 17372.00 17322.00 16676.00
16995.00 17190.00 17489.00 16650.00
17001.00 17677.00 16927.00 16408.00
17021.00 17149.00 17820.00 16269.00
17036.00 17073.00 17183.00 16943.00
17049.00 17478.00 17051.00 16694.00
17087.00 17560.00 17434.00 16078.00
17094.00 17607.00 17382.00 16120.00
17110.00 17358.00 17653.00 16098.00
17120.00 17101.00 17730.00 16310.00
17122.00 16775.00 16985.00 17141.00
17132.00 17101.00 16934.00 17082.00
17148.00 17169.00 17762.00 16179.00
17170.00 17532.00 17113.00 16444.00
17173.00 16820.00 17504.00 16805.00
17182.00 16992.00 16568.00 17251.00
17195.00 17114.00 16848.00 17068.00
17223.00 17544.00 17146.00 16357.00
17250.00 17031.00 17478.00 16597.00
17253.00 17000.00 16644.00 17178.00
17258.00 17030.00 17504.00 16563.00
17266.00 16809.00 17636.00 16412.00
17273.00 17292.00 17128.00 16599.00
17277.00 17361.00 17520.00 16058.00
17317.00 17352.00 17454.00 15946.00
17326.00 17149.00 16846.00 16896.00
17336.00 17045.00 16813.00 16986.00
17349.00 17162.00 16993.00 16765.00
17425.00 17383.00 16844.00 16583.00
17466.00 17392.00 16879.00 16537.00
17467.00 16989.00 17280.00 16312.00
17497.00 16948.00 16918.00 16778.00
17509.00 17146.00 17313.00 16114.00
17536.00 17104.00 17353.00 16101.00
17536.00 17207.00 17306.00 15946.00
17586.00 17161.00 17076.00 16340.00
17589.00 17215.00 16844.00 16552.00
17629.00 16942.00 17345.00 16098.00
17683.00 16793.00 16996.00 16398.00
17771.00 16918.00 16567.00 16490.00
17802.00 17027.00 16628.00 16265.00
17803.00 17061.00 16625.00 16220.00
17811.00 16894.00 16617.00 16457.00
