26759.00 28641.00
26818.00 28626.00
27005.00 28548.00
27070.00 28507.00
27075.00 28504.00
27143.00 28455.00
27213.00 28422.00
27249.00 28405.00
27305.00 28356.00
27365.00 28302.00
27388.00 28283.00
27490.00 28216.00
27563.00 28147.00
27573.00 28134.00
27650.00 28064.00
27663.00 28053.00
27702.00 28021.00
27764.00 27969.00
27797.00 27936.00
27836.00 27885.00
27881.00 27831.00
27923.00 27789.00
27949.00 27759.00
27986.00 27725.00
28021.00 27698.00
28053.00 27657.00
28145.00 27570.00
28160.00 27559.00
28209.00 27488.00
28310.00 27375.00
28355.00 27309.00
28387.00 27269.00
28445.00 27213.00
28494.00 27115.00
28561.00 27019.00
28608.00 26947.00
28618.00 26931.00
28646.00 26863.00
28702.00 26759.00
28725.00 26722.00
28751.00 26641.00
28797.00 26515.00
28840.00 26451.00
28877.00 26336.00
28892.00 26278.00
26151.00 29024.00
26287.00 28992.00
26320.00 28972.00
26389.00 28927.00
26480.00 28894.00
26542.00 28878.00
26590.00 28838.00
26769.00 28753.00
26832.00 28717.00
26853.00 28701.00
26992.00 28627.00
27068.00 28558.00
27112.00 28530.00
27196.00 28454.00
27262.00 28401.00
27325.00 28365.00
27380.00 28304.00
27424.00 28273.00
27495.00 28230.00
27553.00 28170.00
27662.00 28095.00
27671.00 28082.00
27706.00 28037.00
27739.00 28004.00
27829.00 27896.00
27884.00 27838.00
27930.00 27780.00
27942.00 27767.00
28023.00 27710.00
28080.00 27629.00
28087.00 27615.00
28127.00 27549.00
28177.00 27477.00
28218.00 27425.00
28259.00 27346.00
28296.00 27278.00
28339.00 27199.00
28417.00 27029.00
28441.00 26974.00
28470.00 26923.00
27440.00 28120.00
27507.00 28080.00
27541.00 28051.00
27616.00 28008.00
27657.00 27983.00
27705.00 27955.00
27736.00 27931.00
27807.00 27869.00
27832.00 27845.00
27874.00 27805.00
27906.00 27771.00
27943.00 27724.00
28025.00 27670.00
28027.00 27652.00
28073.00 27609.00
28094.00 27588.00
28140.00 27537.00
28197.00 27481.00
28229.00 27409.00
28291.00 27329.00
28320.00 27298.00
28386.00 27216.00
28431.00 27141.00
28466.00 27104.00
28486.00 27071.00
28532.00 27014.00
28559.00 26973.00
28600.00 26916.00
28610.00 26904.00
28642.00 26863.00
28669.00 26816.00
28708.00 26740.00
28733.00 26706.00
28766.00 26663.00
28782.00 26633.00
28793.00 26603.00
28841.00 26522.00
28868.00 26462.00
28895.00 26379.00
28904.00 26352.00
28990.00 26211.00
29031.00 26080.00
29071.00 25940.00
26816.00 28602.00
26863.00 28598.00
27028.00 28515.00
27103.00 28472.00
27197.00 28432.00
27279.00 28359.00
27341.00 28306.00
27349.00 28300.00
27384.00 28269.00
27412.00 28251.00
27534.00 28199.00
27546.00 28189.00
27591.00 28152.00
27621.00 28125.00
27665.00 28094.00
27727.00 28033.00
27755.00 28013.00
27801.00 27967.00
27848.00 27919.00
27894.00 27873.00
27939.00 27836.00
27979.00 27783.00
28004.00 27750.00
28068.00 27692.00
28158.00 27573.00
28220.00 27492.00
28303.00 27400.00
28334.00 27355.00
28380.00 27303.00
28390.00 27290.00
28430.00 27241.00
28467.00 27188.00
28538.00 27098.00
28569.00 27068.00
28631.00 26919.00
28672.00 26852.00
28705.00 26831.00
28751.00 26750.00
28780.00 26699.00
28797.00 26648.00
28879.00 26513.00
28910.00 26392.00
28915.00 26343.00
26917.00 28569.00
27036.00 28497.00
27162.00 28439.00
27204.00 28393.00
27334.00 28327.00
27378.00 28304.00
27476.00 28225.00
27498.00 28203.00
27519.00 28179.00
27562.00 28134.00
27616.00 28087.00
27645.00 28085.00
27667.00 28049.00
27711.00 28006.00
27735.00 27976.00
27786.00 27929.00
27815.00 27910.00
27912.00 27816.00
27978.00 27751.00
28010.00 27710.00
28061.00 27665.00
28082.00 27641.00
28144.00 27581.00
28165.00 27556.00
28199.00 27513.00
28203.00 27508.00
28241.00 27458.00
28298.00 27376.00
28329.00 27335.00
28391.00 27273.00
28398.00 27263.00
28431.00 27201.00
28476.00 27119.00
28536.00 27062.00
28579.00 26988.00
28644.00 26885.00
28692.00 26846.00
28737.00 26771.00
28760.00 26708.00
28777.00 26658.00
28861.00 26449.00
28870.00 26433.00
28885.00 26398.00
28919.00 26308.00
28940.00 26252.00
26915.00 28622.00
26920.00 28593.00
26994.00 28556.00
27026.00 28536.00
27051.00 28514.00
27085.00 28484.00
27232.00 28409.00
27308.00 28350.00
27354.00 28328.00
27404.00 28291.00
27495.00 28244.00
27563.00 28171.00
27656.00 28104.00
27710.00 28045.00
27731.00 28020.00
27826.00 27937.00
27862.00 27909.00
27959.00 27782.00
27986.00 27756.00
28018.00 27730.00
28062.00 27675.00
28112.00 27598.00
28178.00 27526.00
28220.00 27476.00
28239.00 27461.00
28241.00 27452.00
28249.00 27436.00
28271.00 27387.00
28322.00 27309.00
28353.00 27284.00
28375.00 27249.00
28408.00 27216.00
28462.00 27153.00
28512.00 27092.00
28544.00 27052.00
28566.00 26997.00
28615.00 26910.00
28625.00 26898.00
28656.00 26844.00
28703.00 26767.00
28758.00 26657.00
28762.00 26648.00
28811.00 26542.00
28844.00 26461.00
28861.00 26420.00
28870.00 26388.00
28907.00 26282.00
28933.00 26204.00
26873.00 28690.00
26986.00 28587.00
27083.00 28488.00
27134.00 28459.00
27247.00 28413.00
27305.00 28352.00
27342.00 28321.00
27389.00 28260.00
27416.00 28234.00
27596.00 28129.00
27659.00 28055.00
27724.00 27983.00
27743.00 27961.00
27827.00 27894.00
27894.00 27830.00
27963.00 27755.00
27972.00 27747.00
28030.00 27691.00
28088.00 27629.00
28097.00 27621.00
28155.00 27565.00
28174.00 27542.00
28215.00 27498.00
28282.00 27413.00
28347.00 27324.00
28374.00 27298.00
28439.00 27150.00
28443.00 27144.00
28487.00 27077.00
28537.00 27011.00
28581.00 26922.00
28637.00 26848.00
28683.00 26775.00
28697.00 26756.00
28724.00 26720.00
28793.00 26578.00
28840.00 26468.00
28885.00 26389.00
28947.00 26176.00
28981.00 26114.00
28990.00 26084.00
28993.00 26071.00
26220.00 28949.00
26279.00 28934.00
26347.00 28915.00
26410.00 28881.00
26587.00 28811.00
26666.00 28776.00
26922.00 28707.00
26987.00 28649.00
27030.00 28621.00
27078.00 28562.00
27155.00 28508.00
27248.00 28452.00
27256.00 28450.00
27266.00 28437.00
27317.00 28395.00
27402.00 28319.00
27460.00 28274.00
27484.00 28244.00
27526.00 28193.00
27569.00 28150.00
27584.00 28132.00
27659.00 28061.00
27743.00 27980.00
27847.00 27889.00
27890.00 27838.00
27923.00 27808.00
28024.00 27730.00
28053.00 27701.00
28088.00 27656.00
28121.00 27623.00
28131.00 27609.00
28164.00 27564.00
28254.00 27468.00
28287.00 27406.00
28326.00 27351.00
28351.00 27312.00
28372.00 27272.00
28401.00 27220.00
28430.00 27165.00
28493.00 27074.00
28560.00 26981.00
28575.00 26960.00
28604.00 26900.00
28668.00 26759.00
28694.00 26653.00
28699.00 26609.00
27223.00 28454.00
27241.00 28441.00
27334.00 28377.00
27405.00 28315.00
27517.00 28217.00
27529.00 28202.00
27573.00 28151.00
27598.00 28127.00
27667.00 28061.00
27709.00 28031.00
27802.00 27959.00
27871.00 27894.00
27886.00 27871.00
27990.00 27763.00
27997.00 27749.00
28063.00 27651.00
28104.00 27608.00
28211.00 27524.00
28225.00 27499.00
28262.00 27439.00
28292.00 27395.00
28347.00 27332.00
28358.00 27321.00
28400.00 27262.00
28430.00 27230.00
28507.00 27155.00
28526.00 27120.00
28583.00 27038.00
28647.00 26932.00
28668.00 26876.00
28731.00 26729.00
28772.00 26687.00
28788.00 26652.00
28818.00 26570.00
28842.00 26523.00
28847.00 26512.00
28870.00 26458.00
28928.00 26329.00
28963.00 26259.00
28980.00 26222.00
29003.00 26180.00
29032.00 26108.00
26831.00 28515.00
27022.00 28496.00
27131.00 28441.00
27211.00 28395.00
27264.00 28362.00
27320.00 28296.00
27352.00 28271.00
27387.00 28246.00
27434.00 28213.00
27523.00 28153.00
27585.00 28104.00
27627.00 28068.00
27673.00 28022.00
27776.00 27915.00
27844.00 27854.00
27924.00 27790.00
27956.00 27749.00
28034.00 27682.00
28069.00 27626.00
28136.00 27562.00
28186.00 27493.00
28205.00 27473.00
28247.00 27427.00
28284.00 27384.00
28335.00 27316.00
28364.00 27287.00
28393.00 27249.00
28483.00 27146.00
28532.00 27058.00
28598.00 26965.00
28621.00 26905.00
28676.00 26793.00
28732.00 26731.00
28804.00 26554.00
28866.00 26485.00
28913.00 26228.00
28947.00 26166.00
28974.00 26060.00
28987.00 25988.00
26720.00 28576.00
26824.00 28552.00
26887.00 28518.00
26979.00 28467.00
27015.00 28431.00
27075.00 28384.00
27206.00 28317.00
27250.00 28303.00
27420.00 28220.00
27437.00 28206.00
27528.00 28109.00
27590.00 28067.00
27695.00 27965.00
27852.00 27828.00
27903.00 27775.00
27977.00 27722.00
28044.00 27617.00
28092.00 27561.00
28177.00 27439.00
28270.00 27339.00
28300.00 27319.00
28385.00 27213.00
28431.00 27150.00
28441.00 27141.00
28540.00 26984.00
28550.00 26965.00
28604.00 26857.00
28664.00 26705.00
28732.00 26594.00
28758.00 26546.00
28798.00 26471.00
28813.00 26429.00
28883.00 26280.00
28938.00 26225.00
28965.00 26171.00
29020.00 26054.00
29065.00 25995.00
29093.00 25919.00
29159.00 25723.00
26546.00 28751.00
26608.00 28746.00
26658.00 28736.00
26692.00 28723.00
26760.00 28696.00
26844.00 28645.00
26888.00 28628.00
27050.00 28549.00
27072.00 28535.00
27141.00 28486.00
27267.00 28403.00
27286.00 28377.00
27302.00 28366.00
27314.00 28356.00
27361.00 28322.00
27445.00 28267.00
27523.00 28214.00
27563.00 28173.00
27579.00 28162.00
27661.00 28092.00
27701.00 28051.00
27783.00 27968.00
27827.00 27930.00
27851.00 27908.00
27907.00 27857.00
27958.00 27815.00
28006.00 27759.00
28025.00 27738.00
28089.00 27676.00
28144.00 27610.00
28206.00 27550.00
28277.00 27430.00
28333.00 27373.00
28377.00 27309.00
28416.00 27267.00
28460.00 27188.00
28520.00 27103.00
28563.00 27019.00
28611.00 26928.00
28621.00 26911.00
28655.00 26852.00
28659.00 26843.00
28664.00 26825.00
28672.00 26786.00
28718.00 26639.00
28754.00 26542.00
28783.00 26484.00
26465.00 28754.00
26697.00 28735.00
26698.00 28725.00
26709.00 28723.00
26764.00 28707.00
26812.00 28695.00
26870.00 28675.00
26888.00 28662.00
26991.00 28602.00
27039.00 28571.00
27095.00 28540.00
27211.00 28463.00
27295.00 28399.00
27344.00 28363.00
27349.00 28359.00
27430.00 28297.00
27514.00 28223.00
27547.00 28190.00
27570.00 28165.00
27633.00 28106.00
27678.00 28046.00
27721.00 28000.00
27789.00 27941.00
27815.00 27920.00
27868.00 27860.00
27956.00 27765.00
27991.00 27724.00
28036.00 27670.00
28102.00 27609.00
28171.00 27544.00
28218.00 27490.00
28273.00 27425.00
28299.00 27383.00
28344.00 27323.00
28380.00 27282.00
28433.00 27173.00
28470.00 27112.00
28517.00 27047.00
28579.00 26917.00
28672.00 26792.00
28709.00 26645.00
28721.00 26597.00
26988.00 28523.00
27024.00 28509.00
27073.00 28484.00
27125.00 28453.00
27161.00 28427.00
27226.00 28393.00
27282.00 28345.00
27402.00 28316.00
27470.00 28212.00
27498.00 28195.00
27594.00 28140.00
27693.00 28087.00
27721.00 28058.00
27788.00 27994.00
27838.00 27933.00
27877.00 27887.00
27917.00 27850.00
27939.00 27830.00
27995.00 27775.00
28018.00 27755.00
28023.00 27750.00
28078.00 27695.00
28100.00 27669.00
28127.00 27643.00
28155.00 27614.00
28168.00 27599.00
28200.00 27558.00
28207.00 27544.00
28243.00 27487.00
28286.00 27421.00
28306.00 27379.00
28329.00 27330.00
28372.00 27259.00
28427.00 27167.00
28471.00 27081.00
28534.00 26981.00
28559.00 26920.00
28573.00 26914.00
28599.00 26832.00
28632.00 26781.00
28681.00 26716.00
28705.00 26644.00
26200.00 28948.00
26304.00 28937.00
26366.00 28915.00
26417.00 28885.00
26520.00 28857.00
26601.00 28810.00
26735.00 28767.00
26796.00 28740.00
26829.00 28718.00
26913.00 28670.00
26987.00 28628.00
27053.00 28570.00
27127.00 28516.00
27147.00 28502.00
27192.00 28470.00
27249.00 28435.00
27270.00 28423.00
27373.00 28357.00
27499.00 28255.00
27560.00 28193.00
27648.00 28115.00
27735.00 28036.00
27776.00 27986.00
27845.00 27927.00
27897.00 27879.00
27965.00 27801.00
28041.00 27721.00
28121.00 27613.00
28169.00 27557.00
28182.00 27540.00
28243.00 27472.00
28265.00 27431.00
28279.00 27408.00
28301.00 27367.00
28341.00 27307.00
28413.00 27178.00
28438.00 27139.00
28471.00 27057.00
28479.00 27018.00
28505.00 26903.00
28510.00 26859.00
26936.00 28523.00
26991.00 28507.00
27072.00 28455.00
27174.00 28388.00
27299.00 28281.00
27353.00 28233.00
27381.00 28213.00
27443.00 28178.00
27507.00 28151.00
27544.00 28134.00
27587.00 28113.00
27637.00 28047.00
27711.00 27989.00
27801.00 27919.00
27848.00 27886.00
27870.00 27854.00
27942.00 27788.00
27987.00 27750.00
28040.00 27683.00
28068.00 27652.00
28114.00 27603.00
28121.00 27593.00
28140.00 27560.00
28194.00 27498.00
28214.00 27472.00
28241.00 27439.00
28293.00 27375.00
28352.00 27308.00
28392.00 27271.00
28399.00 27261.00
28436.00 27196.00
28477.00 27135.00
28480.00 27133.00
28501.00 27090.00
28526.00 27029.00
28564.00 26967.00
28579.00 26946.00
28610.00 26913.00
28642.00 26873.00
28659.00 26843.00
28670.00 26786.00
28702.00 26661.00
28784.00 26543.00
28809.00 26493.00
26228.00 28906.00
26248.00 28900.00
26344.00 28874.00
26378.00 28861.00
26433.00 28836.00
26592.00 28792.00
26771.00 28709.00
26890.00 28660.00
27007.00 28566.00
27056.00 28535.00
27145.00 28493.00
27211.00 28438.00
27280.00 28377.00
27290.00 28364.00
27398.00 28278.00
27435.00 28253.00
27498.00 28215.00
27550.00 28184.00
27589.00 28136.00
27636.00 28077.00
27723.00 27994.00
27791.00 27951.00
27839.00 27915.00
27907.00 27837.00
28001.00 27744.00
28045.00 27677.00
28106.00 27604.00
28157.00 27545.00
28173.00 27517.00
28185.00 27492.00
28283.00 27362.00
28364.00 27175.00
28403.00 27136.00
28488.00 27008.00
28553.00 26825.00
28611.00 26721.00
28640.00 26624.00
28648.00 26550.00
27057.00 28345.00
27140.00 28336.00
27212.00 28307.00
27265.00 28256.00
27412.00 28195.00
27438.00 28175.00
27491.00 28136.00
27588.00 28054.00
27668.00 27994.00
27737.00 27969.00
27774.00 27934.00
27823.00 27898.00
27853.00 27857.00
27877.00 27831.00
27915.00 27791.00
27945.00 27763.00
28012.00 27716.00
28046.00 27686.00
28075.00 27663.00
28111.00 27614.00
28124.00 27598.00
28168.00 27551.00
28223.00 27496.00
28259.00 27459.00
28275.00 27442.00
28307.00 27401.00
28357.00 27330.00
28389.00 27290.00
28402.00 27271.00
28434.00 27231.00
28441.00 27221.00
28465.00 27183.00
28472.00 27173.00
28488.00 27146.00
28511.00 27100.00
28523.00 27076.00
28584.00 26973.00
28600.00 26943.00
28621.00 26908.00
28652.00 26849.00
28679.00 26765.00
28749.00 26650.00
28786.00 26548.00
28818.00 26458.00
28844.00 26403.00
28858.00 26346.00
26586.00 28763.00
26630.00 28746.00
26882.00 28688.00
27015.00 28567.00
27109.00 28520.00
27242.00 28452.00
27385.00 28362.00
27403.00 28353.00
27490.00 28270.00
27544.00 28229.00
27561.00 28215.00
27599.00 28185.00
27736.00 28087.00
27742.00 28073.00
27847.00 27964.00
27879.00 27934.00
27928.00 27863.00
27998.00 27791.00
28051.00 27738.00
28101.00 27703.00
28119.00 27681.00
28165.00 27634.00
28227.00 27576.00
28254.00 27540.00
28323.00 27467.00
28422.00 27310.00
28493.00 27220.00
28547.00 27114.00
28557.00 27101.00
28602.00 27039.00
28616.00 26950.00
28687.00 26763.00
28724.00 26704.00
28731.00 26694.00
28767.00 26630.00
28792.00 26525.00
28806.00 26474.00
26383.00 28775.00
26514.00 28749.00
26655.00 28719.00
26774.00 28674.00
26899.00 28619.00
26950.00 28566.00
27095.00 28473.00
27195.00 28435.00
27250.00 28403.00
27318.00 28325.00
27395.00 28263.00
27414.00 28252.00
27458.00 28209.00
27468.00 28196.00
27515.00 28141.00
27580.00 28091.00
27641.00 28047.00
27734.00 27980.00
27765.00 27945.00
27848.00 27861.00
27875.00 27832.00
27932.00 27781.00
27982.00 27729.00
28054.00 27663.00
28105.00 27591.00
28140.00 27549.00
28247.00 27456.00
28279.00 27415.00
28338.00 27299.00
28391.00 27236.00
28420.00 27198.00
28470.00 27129.00
28510.00 27053.00
28546.00 26989.00
28600.00 26894.00
28622.00 26839.00
28678.00 26717.00
28693.00 26694.00
28729.00 26621.00
28740.00 26595.00
28763.00 26537.00
28838.00 26345.00
28849.00 26328.00
28853.00 26319.00
28858.00 26303.00
