17690.00 19848.00
17758.00 19832.00
17786.00 19813.00
17892.00 19762.00
17989.00 19731.00
18032.00 19698.00
18115.00 19664.00
18168.00 19640.00
18179.00 19635.00
18198.00 19620.00
18222.00 19602.00
18293.00 19555.00
18341.00 19534.00
18422.00 19502.00
18480.00 19470.00
18492.00 19463.00
18535.00 19431.00
18626.00 19365.00
18645.00 19355.00
18749.00 19276.00
18772.00 19268.00
18786.00 19255.00
18827.00 19218.00
18840.00 19202.00
18887.00 19146.00
18951.00 19086.00
18995.00 19052.00
19021.00 19018.00
19036.00 18996.00
19065.00 18960.00
19120.00 18900.00
19186.00 18804.00
19230.00 18748.00
19289.00 18599.00
19294.00 18593.00
19312.00 18564.00
19334.00 18511.00
19352.00 18388.00
19400.00 18255.00
19402.00 18247.00
19411.00 18181.00
17643.00 19918.00
17688.00 19907.00
17780.00 19879.00
17789.00 19876.00
17822.00 19859.00
18005.00 19815.00
18027.00 19803.00
18078.00 19776.00
18113.00 19756.00
18208.00 19717.00
18240.00 19697.00
18265.00 19682.00
18297.00 19662.00
18340.00 19639.00
18392.00 19611.00
18442.00 19590.00
18458.00 19576.00
18472.00 19563.00
18495.00 19541.00
18513.00 19526.00
18608.00 19472.00
18641.00 19413.00
18686.00 19368.00
18757.00 19330.00
18778.00 19293.00
18840.00 19226.00
18874.00 19193.00
18932.00 19141.00
18958.00 19120.00
18987.00 19079.00
19020.00 19030.00
19086.00 18953.00
19112.00 18897.00
19179.00 18817.00
19247.00 18687.00
19289.00 18517.00
19302.00 18492.00
19336.00 18426.00
18042.00 19793.00
18179.00 19743.00
18217.00 19716.00
18283.00 19655.00
18301.00 19640.00
18370.00 19596.00
18375.00 19591.00
18398.00 19569.00
18421.00 19537.00
18484.00 19497.00
18518.00 19478.00
18536.00 19469.00
18549.00 19457.00
18572.00 19435.00
18601.00 19412.00
18602.00 19411.00
18671.00 19360.00
18682.00 19355.00
18723.00 19332.00
18788.00 19275.00
18818.00 19240.00
18865.00 19201.00
18881.00 19183.00
18965.00 19098.00
19033.00 19029.00
19118.00 18905.00
19165.00 18808.00
19198.00 18777.00
19223.00 18742.00
19260.00 18695.00
19272.00 18681.00
19291.00 18643.00
19326.00 18590.00
19357.00 18538.00
19374.00 18481.00
19377.00 18470.00
19381.00 18416.00
17824.00 19879.00
17888.00 19843.00
17926.00 19820.00
17975.00 19789.00
18016.00 19773.00
18073.00 19757.00
18153.00 19705.00
18251.00 19651.00
18284.00 19637.00
18326.00 19610.00
18380.00 19581.00
18458.00 19537.00
18495.00 19502.00
18546.00 19464.00
18579.00 19428.00
18595.00 19412.00
18644.00 19373.00
18705.00 19312.00
18728.00 19292.00
18741.00 19278.00
18761.00 19244.00
18806.00 19201.00
18813.00 19195.00
18855.00 19156.00
18890.00 19119.00
18933.00 19069.00
18976.00 19037.00
19006.00 19000.00
19040.00 18927.00
19068.00 18884.00
19135.00 18838.00
19153.00 18815.00
19183.00 18713.00
19208.00 18662.00
19270.00 18551.00
19300.00 18485.00
19335.00 18372.00
17422.00 20002.00
17495.00 19969.00
17510.00 19963.00
17629.00 19919.00
17746.00 19887.00
17814.00 19861.00
17887.00 19822.00
17913.00 19810.00
18017.00 19775.00
18124.00 19738.00
18198.00 19701.00
18296.00 19643.00
18393.00 19596.00
18419.00 19579.00
18457.00 19536.00
18578.00 19472.00
18611.00 19436.00
18649.00 19403.00
18676.00 19379.00
18728.00 19287.00
18756.00 19258.00
18774.00 19244.00
18795.00 19219.00
18838.00 19154.00
18856.00 19136.00
18912.00 19089.00
18935.00 19065.00
18965.00 19006.00
19026.00 18945.00
19072.00 18876.00
19103.00 18828.00
19176.00 18726.00
19189.00 18712.00
19216.00 18678.00
19264.00 18599.00
19296.00 18543.00
19334.00 18477.00
19381.00 18397.00
19397.00 18354.00
18038.00 19804.00
18140.00 19751.00
18202.00 19722.00
18263.00 19672.00
18301.00 19647.00
18322.00 19629.00
18362.00 19597.00
18379.00 19579.00
18466.00 19524.00
18506.00 19496.00
18549.00 19463.00
18587.00 19443.00
18649.00 19400.00
18702.00 19357.00
18751.00 19313.00
18785.00 19287.00
18813.00 19256.00
18831.00 19238.00
18884.00 19187.00
18902.00 19169.00
18910.00 19159.00
18958.00 19114.00
18985.00 19081.00
18998.00 19065.00
19054.00 19007.00
19089.00 18962.00
19127.00 18900.00
19148.00 18869.00
19181.00 18820.00
19200.00 18781.00
19229.00 18722.00
19250.00 18690.00
19273.00 18636.00
19280.00 18620.00
19302.00 18576.00
19344.00 18483.00
19361.00 18426.00
17818.00 19855.00
17930.00 19817.00
18002.00 19794.00
18067.00 19737.00
18155.00 19703.00
18173.00 19697.00
18242.00 19643.00
18311.00 19608.00
18365.00 19584.00
18437.00 19541.00
18545.00 19475.00
18571.00 19442.00
18641.00 19395.00
18713.00 19329.00
18755.00 19282.00
18765.00 19273.00
18811.00 19216.00
18866.00 19164.00
18918.00 19118.00
18958.00 19072.00
18976.00 19050.00
18997.00 19012.00
19070.00 18952.00
19125.00 18856.00
19144.00 18823.00
19181.00 18764.00
19206.00 18738.00
19244.00 18693.00
19290.00 18619.00
19306.00 18585.00
19348.00 18519.00
19359.00 18459.00
19394.00 18349.00
19437.00 18287.00
19451.00 18183.00
17873.00 19798.00
17939.00 19773.00
17996.00 19725.00
18109.00 19681.00
18173.00 19648.00
18243.00 19608.00
18313.00 19580.00
18345.00 19545.00
18378.00 19523.00
18421.00 19500.00
18501.00 19456.00
18533.00 19421.00
18554.00 19403.00
18601.00 19375.00
18653.00 19338.00
18719.00 19280.00
18728.00 19275.00
18759.00 19239.00
18819.00 19189.00
18853.00 19155.00
18871.00 19124.00
18939.00 19062.00
18971.00 19027.00
19010.00 18968.00
19044.00 18926.00
19047.00 18922.00
19089.00 18869.00
19121.00 18834.00
19152.00 18793.00
19167.00 18774.00
19184.00 18737.00
19222.00 18682.00
19256.00 18631.00
19287.00 18591.00
19303.00 18575.00
19321.00 18546.00
19368.00 18481.00
19391.00 18433.00
19416.00 18382.00
19439.00 18348.00
17819.00 19821.00
17856.00 19813.00
17883.00 19806.00
17938.00 19786.00
18009.00 19747.00
18135.00 19716.00
18261.00 19638.00
18324.00 19606.00
18347.00 19584.00
18397.00 19554.00
18443.00 19540.00
18478.00 19509.00
18510.00 19490.00
18546.00 19459.00
18581.00 19440.00
18644.00 19413.00
18672.00 19394.00
18701.00 19378.00
18733.00 19343.00
18771.00 19306.00
18795.00 19281.00
18817.00 19259.00
18820.00 19256.00
18833.00 19240.00
18870.00 19205.00
18881.00 19204.00
18920.00 19173.00
18966.00 19108.00
19014.00 19048.00
19023.00 19037.00
19032.00 19023.00
19077.00 18975.00
19094.00 18957.00
19139.00 18893.00
19166.00 18859.00
19197.00 18818.00
19226.00 18750.00
19259.00 18690.00
19276.00 18667.00
19347.00 18556.00
19391.00 18479.00
19396.00 18409.00
17912.00 19721.00
18069.00 19699.00
18169.00 19679.00
18248.00 19638.00
18348.00 19589.00
18401.00 19542.00
18425.00 19528.00
18461.00 19500.00
18496.00 19481.00
18560.00 19431.00
18569.00 19426.00
18631.00 19389.00
18686.00 19350.00
18708.00 19325.00
18763.00 19286.00
18782.00 19268.00
18811.00 19232.00
18843.00 19204.00
18892.00 19168.00
18911.00 19150.00
18928.00 19128.00
18969.00 19094.00
19024.00 19040.00
19062.00 18985.00
19091.00 18915.00
19143.00 18854.00
19162.00 18838.00
19179.00 18796.00
19212.00 18711.00
19246.00 18663.00
19260.00 18638.00
19326.00 18492.00
19338.00 18461.00
19354.00 18416.00
19364.00 18371.00
19384.00 18302.00
19397.00 18275.00
19406.00 18249.00
18062.00 19756.00
18125.00 19709.00
18156.00 19680.00
18214.00 19643.00
18310.00 19594.00
18377.00 19541.00
18448.00 19504.00
18531.00 19434.00
18588.00 19399.00
18625.00 19374.00
18652.00 19357.00
18724.00 19305.00
18748.00 19276.00
18780.00 19245.00
18804.00 19216.00
18844.00 19182.00
18899.00 19143.00
18923.00 19114.00
18953.00 19083.00
18977.00 19054.00
19017.00 18997.00
19041.00 18968.00
19062.00 18949.00
19101.00 18899.00
19125.00 18870.00
19155.00 18836.00
19190.00 18804.00
19241.00 18742.00
19267.00 18685.00
19277.00 18657.00
19314.00 18575.00
19342.00 18535.00
19364.00 18509.00
19396.00 18439.00
19409.00 18400.00
19429.00 18343.00
19458.00 18211.00
19473.00 18147.00
19485.00 18091.00
17881.00 19805.00
17958.00 19798.00
17984.00 19791.00
18044.00 19775.00
18089.00 19759.00
18127.00 19732.00
18215.00 19696.00
18334.00 19622.00
18365.00 19595.00
18415.00 19540.00
18447.00 19522.00
18503.00 19468.00
18518.00 19459.00
18571.00 19408.00
18591.00 19396.00
18634.00 19364.00
18669.00 19338.00
18688.00 19321.00
18722.00 19295.00
18757.00 19277.00
18798.00 19227.00
18804.00 19221.00
18841.00 19194.00
18886.00 19142.00
18939.00 19106.00
18970.00 19059.00
19024.00 18993.00
19044.00 18969.00
19057.00 18950.00
19095.00 18910.00
19133.00 18846.00
19157.00 18818.00
19169.00 18801.00
19210.00 18666.00
19246.00 18600.00
19266.00 18555.00
19301.00 18420.00
19322.00 18381.00
17572.00 19931.00
17816.00 19899.00
17945.00 19841.00
17976.00 19832.00
18049.00 19796.00
18093.00 19766.00
18105.00 19759.00
18119.00 19748.00
18148.00 19727.00
18228.00 19693.00
18262.00 19682.00
18352.00 19634.00
18394.00 19603.00
18438.00 19582.00
18481.00 19551.00
18530.00 19523.00
18572.00 19492.00
18634.00 19424.00
18683.00 19394.00
18689.00 19385.00
18741.00 19317.00
18768.00 19292.00
18812.00 19240.00
18883.00 19183.00
18930.00 19106.00
18977.00 19039.00
19000.00 19005.00
19038.00 18961.00
19075.00 18900.00
19122.00 18833.00
19144.00 18804.00
19182.00 18746.00
19199.00 18721.00
19209.00 18692.00
19237.00 18627.00
19271.00 18519.00
19304.00 18470.00
19317.00 18434.00
17490.00 20010.00
17623.00 20004.00
17661.00 19981.00
17682.00 19966.00
17812.00 19908.00
17829.00 19899.00
17936.00 19864.00
18031.00 19803.00
18046.00 19790.00
18097.00 19756.00
18168.00 19732.00
18228.00 19681.00
18293.00 19651.00
18388.00 19602.00
18412.00 19584.00
18481.00 19546.00
18579.00 19479.00
18639.00 19427.00
18661.00 19410.00
18687.00 19373.00
18724.00 19338.00
18782.00 19303.00
18849.00 19240.00
18860.00 19222.00
18895.00 19157.00
18914.00 19135.00
18927.00 19119.00
18946.00 19086.00
19011.00 19016.00
19015.00 19009.00
19078.00 18902.00
19114.00 18844.00
19167.00 18758.00
19174.00 18743.00
19212.00 18679.00
19232.00 18635.00
19245.00 18614.00
19265.00 18569.00
19277.00 18522.00
19284.00 18426.00
18066.00 19665.00
18119.00 19656.00
18294.00 19603.00
18336.00 19583.00
18374.00 19550.00
18448.00 19496.00
18523.00 19470.00
18595.00 19426.00
18627.00 19391.00
18663.00 19360.00
18713.00 19324.00
18736.00 19311.00
18826.00 19228.00
18864.00 19195.00
18891.00 19171.00
18918.00 19148.00
18931.00 19123.00
18979.00 19060.00
19030.00 19004.00
19041.00 18995.00
19054.00 18976.00
19085.00 18940.00
19112.00 18912.00
19126.00 18886.00
19168.00 18833.00
19210.00 18785.00
19234.00 18756.00
19254.00 18695.00
19276.00 18632.00
19345.00 18542.00
19352.00 18526.00
19383.00 18474.00
19395.00 18424.00
19425.00 18347.00
19458.00 18275.00
19472.00 18129.00
17999.00 19782.00
18033.00 19777.00
18066.00 19745.00
18130.00 19711.00
18199.00 19682.00
18249.00 19657.00
18322.00 19609.00
18370.00 19583.00
18405.00 19564.00
18438.00 19542.00
18462.00 19527.00
18516.00 19501.00
18542.00 19486.00
18579.00 19459.00
18607.00 19429.00
18638.00 19406.00
18644.00 19402.00
18666.00 19378.00
18691.00 19356.00
18732.00 19324.00
18769.00 19304.00
18786.00 19295.00
18819.00 19246.00
18855.00 19212.00
18896.00 19157.00
18912.00 19142.00
18931.00 19125.00
18954.00 19103.00
18987.00 19067.00
19041.00 19022.00
19072.00 18982.00
19108.00 18929.00
19120.00 18915.00
19140.00 18890.00
19157.00 18860.00
19167.00 18831.00
19209.00 18762.00
19231.00 18706.00
19244.00 18684.00
19270.00 18626.00
19284.00 18589.00
19315.00 18519.00
19341.00 18427.00
19372.00 18367.00
19385.00 18328.00
19396.00 18308.00
19397.00 18286.00
18132.00 19744.00
18170.00 19721.00
18204.00 19700.00
18239.00 19676.00
18260.00 19658.00
18373.00 19612.00
18424.00 19562.00
18459.00 19543.00
18529.00 19487.00
18534.00 19480.00
18590.00 19427.00
18646.00 19385.00
18676.00 19340.00
18719.00 19308.00
18746.00 19280.00
18789.00 19237.00
18812.00 19213.00
18823.00 19200.00
18880.00 19137.00
18899.00 19121.00
18951.00 19066.00
18964.00 19050.00
18980.00 19029.00
19029.00 18993.00
19074.00 18937.00
19108.00 18897.00
19142.00 18825.00
19156.00 18807.00
19204.00 18740.00
19235.00 18706.00
19236.00 18705.00
19256.00 18684.00
19263.00 18674.00
19302.00 18606.00
19328.00 18543.00
19348.00 18486.00
19388.00 18377.00
19418.00 18302.00
17661.00 19891.00
17808.00 19857.00
17953.00 19806.00
17984.00 19784.00
18036.00 19757.00
18078.00 19732.00
18093.00 19722.00
18163.00 19677.00
18218.00 19659.00
18293.00 19599.00
18358.00 19555.00
18459.00 19497.00
18525.00 19472.00
18536.00 19452.00
18571.00 19419.00
18643.00 19373.00
18665.00 19352.00
18684.00 19336.00
18742.00 19295.00
18823.00 19214.00
18906.00 19154.00
18928.00 19125.00
18962.00 19092.00
18982.00 19060.00
19009.00 19014.00
19053.00 18962.00
19081.00 18932.00
19131.00 18862.00
19185.00 18781.00
19216.00 18742.00
19245.00 18669.00
19289.00 18593.00
19312.00 18559.00
19344.00 18513.00
19368.00 18433.00
19386.00 18385.00
17715.00 19848.00
17830.00 19836.00
17969.00 19796.00
18026.00 19773.00
18030.00 19771.00
18064.00 19752.00
18104.00 19734.00
18139.00 19703.00
18162.00 19689.00
18180.00 19676.00
18227.00 19651.00
18304.00 19622.00
18346.00 19591.00
18446.00 19553.00
18477.00 19517.00
18528.00 19484.00
18581.00 19443.00
18636.00 19404.00
18696.00 19351.00
18741.00 19311.00
18765.00 19286.00
18822.00 19251.00
18881.00 19189.00
18911.00 19143.00
18963.00 19100.00
19009.00 19041.00
19044.00 19011.00
19068.00 18982.00
19087.00 18953.00
19144.00 18894.00
19149.00 18881.00
19192.00 18802.00
19239.00 18746.00
19268.00 18705.00
19300.00 18636.00
19318.00 18588.00
19336.00 18536.00
19341.00 18509.00
17754.00 19823.00
17779.00 19816.00
17832.00 19782.00
17914.00 19743.00
17949.00 19729.00
18107.00 19682.00
18138.00 19667.00
18267.00 19623.00
18334.00 19589.00
18365.00 19575.00
18397.00 19555.00
18470.00 19504.00
18526.00 19468.00
18560.00 19451.00
18593.00 19415.00
18626.00 19389.00
18677.00 19348.00
18752.00 19312.00
18811.00 19233.00
18850.00 19201.00
18905.00 19162.00
18943.00 19125.00
18967.00 19096.00
19013.00 19009.00
19016.00 19005.00
19048.00 18952.00
19064.00 18928.00
19102.00 18878.00
19109.00 18868.00
19148.00 18792.00
19160.00 18764.00
19194.00 18711.00
19241.00 18655.00
19248.00 18645.00
19299.00 18568.00
19316.00 18539.00
19357.00 18481.00
19379.00 18421.00
19387.00 18403.00
19413.00 18346.00
19455.00 18274.00
