27019.00 26231.00 27936.00
27126.00 27033.00 27317.00
27171.00 27442.00 26875.00
27229.00 26869.00 27516.00
27260.00 26709.00 27640.00
27263.00 25846.00 28001.00
27317.00 26008.00 27949.00
27328.00 27602.00 26475.00
27366.00 26697.00 27583.00
27384.00 27371.00 26805.00
27408.00 27241.00 26954.00
27413.00 26634.00 27620.00
27416.00 27291.00 26894.00
27472.00 26936.00 27334.00
27472.00 27005.00 27249.00
27475.00 27561.00 26437.00
27504.00 26101.00 27885.00
27521.00 27374.00 26719.00
27526.00 26280.00 27783.00
27536.00 27550.00 26360.00
27569.00 26478.00 27674.00
27581.00 26870.00 27284.00
27636.00 27517.00 26285.00
27642.00 26479.00 27599.00
27657.00 26990.00 27077.00
27675.00 27264.00 26724.00
27678.00 27446.00 26464.00
27702.00 27379.00 26575.00
27720.00 27091.00 26977.00
27728.00 27209.00 26776.00
27735.00 26387.00 27630.00
27764.00 27547.00 26089.00
27771.00 26387.00 27587.00
27795.00 26745.00 27225.00
27801.00 25879.00 27779.00
27874.00 26839.00 27043.00
27884.00 27000.00 26828.00
27899.00 26624.00 27256.00
27904.00 26812.00 27055.00
27915.00 27419.00 25907.00
27919.00 26177.00 27580.00
27930.00 27102.00 26648.00
27940.00 26409.00 27428.00
27950.00 27268.00 26433.00
27962.00 26040.00 27648.00
28022.00 27203.00 26436.00
28027.00 27277.00 26299.00
28031.00 26465.00 27297.00
28053.00 26638.00 27048.00
28119.00 27243.00 26168.00
28130.00 26895.00 26696.00
28140.00 26819.00 26769.00
28151.00 27013.00 26522.00
28159.00 26628.00 26932.00
28160.00 25626.00 27572.00
28215.00 26082.00 27418.00
28253.00 26053.00 27397.00
28261.00 25891.00 27470.00
28261.00 27041.00 26343.00
28262.00 26360.00 27207.00
28266.00 27240.00 25866.00
28271.00 26913.00 26531.00
28294.00 27199.00 25950.00
28313.00 27112.00 26185.00
28329.00 26895.00 26474.00
28355.00 26095.00 27299.00
28369.00 26439.00 27019.00
28396.00 25831.00 27356.00
28421.00 26963.00 25995.00
28440.00 26121.00 27193.00
28476.00 26739.00 26437.00
28478.00 26593.00 26673.00
28521.00 26616.00 26615.00
28534.00 26721.00 26380.00
28575.00 26292.00 26927.00
28584.00 26044.00 27078.00
28656.00 26497.00 26534.00
28664.00 26236.00 26881.00
28712.00 26346.00 26766.00
28715.00 26566.00 26105.00
28732.00 26511.00 26170.00
28863.00 26020.00 26549.00
28867.00 26058.00 26531.00
28872.00 26255.00 26322.00
28893.00 26292.00 26249.00
26679.00 26192.00 28119.00
26789.00 26533.00 27868.00
26814.00 26685.00 27691.00
26844.00 26767.00 27580.00
26994.00 26457.00 27919.00
27120.00 27219.00 27078.00
27132.00 26070.00 28164.00
27141.00 26661.00 27573.00
27194.00 26035.00 28155.00
27202.00 27201.00 27027.00
27229.00 27112.00 27122.00
27265.00 25903.00 28180.00
27267.00 26694.00 27520.00
27268.00 26918.00 27316.00
27301.00 26279.00 27960.00
27321.00 27250.00 26891.00
27332.00 25842.00 28129.00
27357.00 26411.00 27793.00
27373.00 27035.00 27171.00
27380.00 26936.00 27258.00
27406.00 26493.00 27682.00
27424.00 27238.00 26798.00
27430.00 26132.00 27994.00
27435.00 26826.00 27392.00
27461.00 27032.00 27106.00
27461.00 27212.00 26840.00
27540.00 27206.00 26653.00
27589.00 26937.00 27143.00
27642.00 26297.00 27788.00
27674.00 26689.00 27424.00
27688.00 25796.00 27987.00
27704.00 26478.00 27561.00
27709.00 25997.00 27879.00
27737.00 26219.00 27751.00
27751.00 25782.00 27946.00
27791.00 26122.00 27800.00
27861.00 25847.00 27863.00
27862.00 26713.00 27245.00
27862.00 26752.00 27196.00
27864.00 27010.00 26921.00
27938.00 27029.00 26810.00
27956.00 26893.00 26981.00
27959.00 26280.00 27582.00
27960.00 27005.00 26794.00
27976.00 26329.00 27545.00
28000.00 26119.00 27706.00
28009.00 26380.00 27478.00
28020.00 26995.00 26674.00
28039.00 26546.00 27372.00
28091.00 26777.00 27003.00
28103.00 26554.00 27309.00
28185.00 26216.00 27418.00
28208.00 26905.00 26384.00
28209.00 26726.00 26925.00
28231.00 26448.00 27278.00
28254.00 26677.00 26953.00
28266.00 26827.00 26824.00
28291.00 26561.00 27150.00
28321.00 26529.00 27190.00
28348.00 25950.00 27404.00
28396.00 26420.00 27102.00
28447.00 26749.00 26542.00
28464.00 25960.00 27314.00
28485.00 26406.00 26942.00
28495.00 26004.00 27258.00
28511.00 26046.00 27199.00
28546.00 26257.00 26910.00
28606.00 26573.00 26499.00
28614.00 26618.00 26436.00
28627.00 25649.00 27125.00
28649.00 26583.00 26413.00
28723.00 26093.00 26802.00
28726.00 26152.00 26723.00
28801.00 26355.00 26433.00
28807.00 26321.00 26490.00
28811.00 25950.00 26822.00
28828.00 26287.00 26501.00
28927.00 25839.00 26761.00
28932.00 26248.00 26217.00
28945.00 25889.00 26691.00
28957.00 26072.00 26369.00
28961.00 26166.00 26260.00
27341.00 27187.00 27267.00
27383.00 27192.00 27197.00
27387.00 27000.00 27481.00
27421.00 26946.00 27586.00
27434.00 26740.00 27753.00
27443.00 26706.00 27774.00
27472.00 27236.00 27029.00
27492.00 26679.00 27732.00
27542.00 26838.00 27601.00
27602.00 27314.00 26795.00
27605.00 27035.00 27342.00
27623.00 27257.00 26914.00
27637.00 26821.00 27530.00
27674.00 26466.00 27761.00
27688.00 27052.00 27277.00
27721.00 26355.00 27791.00
27727.00 25843.00 27956.00
27729.00 27261.00 26716.00
27739.00 26800.00 27428.00
27747.00 26466.00 27730.00
27762.00 27065.00 27163.00
27784.00 25755.00 27954.00
27790.00 27225.00 26728.00
27791.00 26684.00 27569.00
27809.00 26155.00 27838.00
27832.00 26887.00 27236.00
27862.00 27065.00 27016.00
27871.00 27031.00 27037.00
27883.00 26644.00 27517.00
27887.00 26371.00 27695.00
27897.00 27228.00 26567.00
27917.00 27122.00 26891.00
27919.00 26697.00 27456.00
27919.00 27053.00 26961.00
27957.00 27233.00 26495.00
27983.00 26629.00 27358.00
27986.00 26869.00 27102.00
27998.00 26373.00 27601.00
28016.00 26778.00 27193.00
28063.00 27032.00 26747.00
28085.00 26861.00 27003.00
28099.00 27005.00 26724.00
28118.00 26153.00 27596.00
28133.00 26469.00 27425.00
28146.00 26737.00 27095.00
28149.00 25847.00 27761.00
28165.00 25965.00 27695.00
28174.00 26484.00 27354.00
28182.00 26065.00 27624.00
28233.00 26685.00 27029.00
28245.00 26994.00 26562.00
28247.00 26878.00 26722.00
28258.00 27069.00 26471.00
28281.00 26995.00 26526.00
28283.00 26446.00 27239.00
28288.00 25996.00 27570.00
28298.00 25739.00 27630.00
28306.00 26834.00 26737.00
28324.00 27027.00 26385.00
28331.00 26738.00 26822.00
28372.00 26494.00 27044.00
28374.00 26036.00 27478.00
28383.00 26282.00 27413.00
28385.00 26730.00 26741.00
28424.00 26297.00 27342.00
28463.00 26791.00 26558.00
28470.00 26456.00 26955.00
28481.00 26223.00 27298.00
28507.00 26404.00 26983.00
28507.00 26571.00 26845.00
28552.00 26012.00 27267.00
28562.00 26606.00 26763.00
28571.00 26548.00 26804.00
28595.00 26153.00 27133.00
28597.00 26189.00 27075.00
28643.00 26398.00 26799.00
28700.00 26456.00 26592.00
28766.00 26093.00 26713.00
26483.00 26909.00 27752.00
26558.00 27169.00 27540.00
26568.00 27502.00 27210.00
26672.00 27337.00 27403.00
26810.00 26741.00 27845.00
26813.00 26958.00 27695.00
26828.00 26995.00 27647.00
26848.00 27639.00 26870.00
26873.00 27285.00 27310.00
26920.00 27165.00 27476.00
27003.00 27532.00 27072.00
27006.00 27640.00 26826.00
27023.00 27494.00 27106.00
27031.00 27074.00 27499.00
27035.00 27359.00 27222.00
27049.00 26775.00 27696.00
27140.00 26660.00 27790.00
27142.00 26607.00 27846.00
27165.00 27169.00 27396.00
27207.00 27418.00 27079.00
27209.00 26564.00 27841.00
27219.00 27198.00 27322.00
27229.00 27512.00 26951.00
27302.00 26802.00 27600.00
27323.00 26885.00 27524.00
27335.00 27501.00 26860.00
27349.00 27113.00 27324.00
27377.00 26450.00 27820.00
27427.00 27322.00 27079.00
27433.00 26545.00 27737.00
27453.00 26616.00 27679.00
27476.00 27377.00 26976.00
27505.00 26678.00 27608.00
27533.00 26798.00 27530.00
27558.00 27598.00 26576.00
27562.00 27202.00 27138.00
27564.00 27446.00 26771.00
27576.00 26346.00 27727.00
27579.00 27640.00 26512.00
27590.00 26793.00 27490.00
27619.00 27197.00 27098.00
27627.00 27243.00 27025.00
27646.00 26993.00 27275.00
27655.00 27006.00 27262.00
27683.00 27609.00 26454.00
27690.00 26615.00 27510.00
27715.00 27501.00 26657.00
27743.00 26151.00 27657.00
27750.00 26107.00 27668.00
27760.00 26784.00 27354.00
27772.00 27084.00 27126.00
27794.00 26446.00 27532.00
27794.00 27060.00 27110.00
27799.00 27492.00 26534.00
27830.00 27301.00 26844.00
27925.00 27275.00 26811.00
27966.00 26863.00 27160.00
27974.00 27495.00 26232.00
27987.00 27256.00 26739.00
28000.00 26142.00 27509.00
28007.00 26571.00 27324.00
28010.00 26172.00 27492.00
28023.00 27513.00 26161.00
28025.00 26291.00 27429.00
28091.00 27017.00 26872.00
28095.00 26747.00 27128.00
28126.00 26774.00 27102.00
28131.00 27216.00 26608.00
28143.00 27057.00 26793.00
28145.00 26595.00 27235.00
28160.00 26844.00 27033.00
28190.00 27286.00 26482.00
28202.00 27241.00 26539.00
28302.00 26831.00 26821.00
28339.00 27334.00 26249.00
28355.00 26999.00 26621.00
28355.00 27137.00 26471.00
28368.00 26282.00 27003.00
28370.00 27306.00 26167.00
28381.00 27065.00 26530.00
28432.00 26640.00 26772.00
28458.00 26336.00 26907.00
28514.00 27053.00 26288.00
28530.00 26523.00 26782.00
28539.00 26875.00 26440.00
28584.00 26804.00 26513.00
26825.00 27145.00 27307.00
26943.00 26241.00 28087.00
26987.00 26791.00 27681.00
27002.00 26378.00 27996.00
27046.00 26250.00 28058.00
27078.00 27320.00 27071.00
27218.00 26502.00 27889.00
27226.00 26143.00 27982.00
27238.00 26597.00 27801.00
27296.00 27284.00 27042.00
27329.00 26737.00 27674.00
27330.00 27525.00 26615.00
27333.00 26833.00 27603.00
27378.00 27486.00 26657.00
27403.00 27053.00 27357.00
27410.00 26996.00 27408.00
27430.00 26897.00 27498.00
27430.00 27345.00 26843.00
27455.00 27520.00 26551.00
27473.00 27089.00 27295.00
27483.00 25970.00 27950.00
27506.00 27155.00 27226.00
27508.00 25922.00 27950.00
27515.00 27381.00 26693.00
27528.00 26116.00 27855.00
27543.00 27211.00 27045.00
27554.00 27563.00 26386.00
27559.00 26161.00 27781.00
27560.00 27098.00 27235.00
27563.00 26848.00 27434.00
27574.00 26616.00 27550.00
27593.00 26848.00 27398.00
27631.00 26448.00 27623.00
27692.00 27002.00 27176.00
27698.00 27433.00 26540.00
27705.00 27489.00 26324.00
27710.00 25876.00 27844.00
27732.00 27345.00 26605.00
27745.00 25985.00 27753.00
27768.00 26820.00 27264.00
27799.00 27197.00 26811.00
27802.00 27077.00 27050.00
27803.00 25915.00 27739.00
27812.00 26352.00 27547.00
27814.00 26395.00 27499.00
27835.00 27046.00 27022.00
27841.00 26799.00 27182.00
27844.00 27378.00 26339.00
27893.00 27152.00 26822.00
27899.00 26603.00 27330.00
27953.00 26217.00 27515.00
27957.00 26824.00 27051.00
28002.00 26925.00 26925.00
28015.00 27246.00 26354.00
28021.00 26392.00 27316.00
28038.00 25994.00 27522.00
28080.00 26520.00 27199.00
28100.00 26102.00 27443.00
28115.00 26647.00 27054.00
28126.00 26585.00 27123.00
28138.00 26157.00 27358.00
28161.00 26094.00 27382.00
28189.00 26277.00 27210.00
28194.00 26911.00 26645.00
28226.00 26937.00 26564.00
28320.00 26538.00 26835.00
28345.00 26672.00 26637.00
28349.00 26365.00 26999.00
28356.00 26126.00 27067.00
28360.00 26519.00 26838.00
28444.00 26223.00 26968.00
28489.00 26508.00 26661.00
28492.00 26410.00 26821.00
28512.00 26410.00 26797.00
28566.00 26362.00 26701.00
28598.00 26203.00 26792.00
28612.00 26288.00 26676.00
26840.00 26993.00 27532.00
26853.00 26814.00 27707.00
26865.00 27205.00 27339.00
26916.00 27235.00 27276.00
27003.00 26816.00 27642.00
27065.00 27372.00 27059.00
27087.00 26511.00 27855.00
27093.00 27134.00 27384.00
27093.00 27354.00 27066.00
27145.00 26650.00 27727.00
27272.00 26986.00 27426.00
27312.00 26334.00 27869.00
27323.00 27422.00 26781.00
27362.00 27225.00 27095.00
27371.00 27191.00 27116.00
27394.00 27023.00 27296.00
27412.00 26517.00 27747.00
27427.00 25987.00 27847.00
27484.00 26708.00 27579.00
27506.00 26421.00 27750.00
27506.00 27210.00 27015.00
27522.00 27437.00 26600.00
27526.00 26814.00 27481.00
27578.00 27581.00 26236.00
27590.00 27379.00 26649.00
27592.00 27590.00 26202.00
27648.00 26342.00 27727.00
27688.00 26753.00 27433.00
27692.00 27005.00 27162.00
27694.00 26894.00 27380.00
27711.00 27250.00 26782.00
27717.00 27518.00 26228.00
27752.00 25859.00 27712.00
27764.00 26893.00 27333.00
27768.00 25913.00 27692.00
27779.00 27398.00 26500.00
27793.00 26359.00 27612.00
27813.00 27152.00 26845.00
27837.00 27463.00 26238.00
27874.00 26706.00 27282.00
27912.00 27129.00 26754.00
27923.00 26270.00 27567.00
27924.00 27028.00 26964.00
27937.00 27251.00 26556.00
27957.00 26842.00 27055.00
27964.00 26493.00 27469.00
28018.00 27368.00 26239.00
28020.00 27039.00 26845.00
28040.00 27349.00 26273.00
28042.00 26329.00 27478.00
28052.00 26932.00 26930.00
28071.00 27154.00 26591.00
28084.00 27261.00 26350.00
28115.00 26256.00 27361.00
28117.00 26469.00 27263.00
28131.00 26526.00 27227.00
28132.00 26898.00 26804.00
28136.00 26684.00 27106.00
28174.00 27150.00 26503.00
28177.00 26702.00 27046.00
28203.00 26609.00 27102.00
28255.00 26789.00 26866.00
28261.00 27127.00 26185.00
28279.00 26963.00 26548.00
28302.00 27085.00 26194.00
28323.00 25969.00 27207.00
28324.00 26720.00 26824.00
28325.00 26214.00 27145.00
28338.00 26946.00 26467.00
28365.00 26445.00 26987.00
28379.00 25974.00 27167.00
28391.00 26352.00 27043.00
28439.00 26848.00 26366.00
28440.00 26715.00 26625.00
28480.00 26924.00 26194.00
28486.00 26418.00 26843.00
28506.00 26389.00 26845.00
28590.00 26530.00 26664.00
28594.00 26832.00 26209.00
28595.00 26566.00 26578.00
28620.00 26653.00 26341.00
28673.00 26369.00 26582.00
28765.00 26476.00 26290.00
28779.00 26388.00 26432.00
28823.00 26369.00 26388.00
26947.00 27390.00 26913.00
26981.00 26766.00 27794.00
27137.00 27256.00 27204.00
27147.00 27402.00 26841.00
27180.00 27092.00 27426.00
27206.00 26925.00 27657.00
27225.00 26521.00 27914.00
27270.00 27312.00 27070.00
27274.00 26958.00 27587.00
27291.00 26775.00 27739.00
27357.00 26362.00 27894.00
27360.00 25810.00 28148.00
27414.00 25871.00 28115.00
27420.00 27111.00 27312.00
27434.00 26852.00 27569.00
27462.00 26126.00 27992.00
27477.00 26236.00 27928.00
27516.00 27156.00 27183.00
27518.00 27028.00 27298.00
27567.00 27411.00 26657.00
27592.00 27152.00 27110.00
27598.00 26446.00 27794.00
27631.00 26643.00 27624.00
27651.00 26149.00 27898.00
27659.00 27335.00 26750.00
27667.00 25522.00 28047.00
27680.00 26433.00 27741.00
27695.00 27378.00 26682.00
27712.00 26824.00 27409.00
27717.00 27361.00 26680.00
27719.00 26375.00 27735.00
27733.00 27048.00 27150.00
27768.00 27056.00 27104.00
27780.00 27279.00 26612.00
27782.00 26111.00 27831.00
27810.00 25542.00 27963.00
27842.00 26684.00 27439.00
27857.00 26437.00 27549.00
27870.00 27351.00 26396.00
27872.00 26848.00 27271.00
27895.00 27121.00 26889.00
27923.00 27045.00 26937.00
27923.00 27309.00 26394.00
27944.00 25871.00 27800.00
27962.00 25580.00 27862.00
27965.00 27344.00 26282.00
27975.00 26112.00 27667.00
27992.00 26863.00 27100.00
28002.00 26520.00 27394.00
28019.00 26715.00 27274.00
28038.00 25815.00 27775.00
28046.00 26997.00 26759.00
28060.00 27185.00 26350.00
28064.00 25754.00 27775.00
28064.00 26250.00 27557.00
28081.00 27018.00 26675.00
28121.00 27152.00 26279.00
28126.00 27263.00 26177.00
28131.00 26892.00 26798.00
28155.00 26028.00 27634.00
28169.00 26479.00 27268.00
28186.00 26694.00 27018.00
28189.00 26263.00 27452.00
28202.00 26743.00 26954.00
28217.00 26691.00 26992.00
28250.00 26932.00 26542.00
28253.00 26263.00 27409.00
28266.00 25977.00 27600.00
28289.00 26958.00 26463.00
28320.00 26318.00 27318.00
28342.00 26787.00 26585.00
28368.00 25908.00 27569.00
28370.00 26342.00 27249.00
28372.00 26357.00 27237.00
28421.00 26549.00 26765.00
28436.00 26010.00 27453.00
28454.00 26771.00 26465.00
28463.00 26778.00 26372.00
28474.00 26376.00 26978.00
28496.00 25860.00 27463.00
28502.00 26722.00 26441.00
28508.00 26650.00 26553.00
28518.00 25811.00 27482.00
28547.00 26255.00 27037.00
28575.00 26518.00 26660.00
28576.00 26135.00 27130.00
28585.00 26375.00 26873.00
28590.00 25953.00 27268.00
28657.00 26030.00 27145.00
28664.00 26301.00 26737.00
28675.00 26171.00 26904.00
26977.00 26332.00 28111.00
26988.00 26404.00 28048.00
27015.00 26779.00 27769.00
27072.00 27420.00 27061.00
27087.00 27000.00 27571.00
27101.00 27309.00 27241.00
27104.00 27368.00 27162.00
27129.00 27415.00 27021.00
27145.00 26270.00 28060.00
27156.00 25805.00 28258.00
27171.00 27001.00 27532.00
27238.00 27341.00 27081.00
27250.00 26217.00 28041.00
27256.00 26612.00 27845.00
27261.00 26052.00 28156.00
27287.00 26120.00 28102.00
27288.00 26753.00 27696.00
27340.00 26976.00 27458.00
27394.00 26639.00 27724.00
27408.00 25987.00 28090.00
27416.00 27199.00 27286.00
27444.00 26040.00 28029.00
27468.00 26715.00 27631.00
27479.00 27185.00 27245.00
27527.00 27363.00 26785.00
27552.00 27176.00 27177.00
27554.00 25837.00 28072.00
27558.00 26293.00 27890.00
27580.00 26433.00 27812.00
27593.00 27037.00 27334.00
27617.00 26381.00 27840.00
27620.00 26882.00 27492.00
27655.00 26415.00 27772.00
27708.00 26505.00 27654.00
27710.00 27341.00 26695.00
27722.00 27277.00 26776.00
27766.00 26067.00 27856.00
27783.00 26662.00 27503.00
27790.00 27281.00 26690.00
27799.00 27109.00 27012.00
27838.00 27112.00 26965.00
27899.00 25995.00 27764.00
27904.00 25737.00 27901.00
27930.00 26219.00 27658.00
27966.00 25736.00 27854.00
27973.00 26487.00 27480.00
27987.00 27155.00 26618.00
27993.00 26975.00 27005.00
28004.00 26896.00 27079.00
28008.00 26937.00 27053.00
28013.00 26656.00 27390.00
28035.00 26136.00 27670.00
28057.00 26736.00 27235.00
28059.00 27167.00 26399.00
28101.00 26251.00 27543.00
28107.00 26947.00 26884.00
28149.00 27019.00 26717.00
28159.00 26692.00 27161.00
28176.00 27021.00 26682.00
28211.00 26271.00 27450.00
28260.00 26656.00 27073.00
28276.00 26708.00 26997.00
28321.00 26470.00 27281.00
28361.00 26487.00 27191.00
28397.00 26684.00 26867.00
28406.00 25711.00 27469.00
28453.00 25771.00 27438.00
28459.00 25910.00 27360.00
28470.00 25931.00 27339.00
28470.00 26268.00 27200.00
28470.00 26461.00 26984.00
28480.00 26778.00 26419.00
28486.00 26716.00 26760.00
28526.00 26686.00 26738.00
28564.00 26366.00 26943.00
28573.00 26183.00 27129.00
28575.00 26112.00 27187.00
28580.00 26562.00 26769.00
28620.00 26635.00 26634.00
28674.00 25930.00 27104.00
28698.00 26077.00 26983.00
28707.00 25972.00 27060.00
28759.00 26379.00 26638.00
28764.00 26216.00 26805.00
28768.00 26366.00 26635.00
28876.00 25998.00 26801.00
26637.00 27396.00 26998.00
26804.00 26920.00 27689.00
26862.00 27317.00 27108.00
26864.00 26633.00 27863.00
26872.00 26912.00 27671.00
26898.00 26607.00 27873.00
26925.00 27306.00 27049.00
26951.00 27551.00 26391.00
27000.00 25990.00 28243.00
27011.00 27550.00 26323.00
27072.00 27018.00 27446.00
27099.00 27213.00 27103.00
27102.00 26026.00 28171.00
27192.00 26353.00 28009.00
27196.00 27102.00 27345.00
27206.00 27364.00 26850.00
27241.00 26609.00 27793.00
27258.00 27472.00 26657.00
27282.00 26850.00 27652.00
27297.00 26123.00 28071.00
27326.00 26358.00 27961.00
27369.00 27238.00 26922.00
27375.00 27091.00 27218.00
27378.00 26720.00 27699.00
27437.00 27084.00 27167.00
27453.00 26579.00 27736.00
27455.00 27377.00 26722.00
27499.00 26931.00 27365.00
27505.00 26701.00 27628.00
27505.00 27401.00 26653.00
27516.00 26240.00 27915.00
27517.00 26819.00 27538.00
27545.00 25923.00 28012.00
27550.00 27028.00 27240.00
27582.00 26833.00 27484.00
27604.00 27388.00 26540.00
27637.00 27427.00 25993.00
27659.00 27319.00 26602.00
27716.00 27142.00 26923.00
27718.00 26920.00 27149.00
27741.00 26270.00 27772.00
27744.00 26315.00 27739.00
27769.00 25698.00 28002.00
27788.00 26673.00 27486.00
27821.00 26417.00 27653.00
27832.00 27275.00 26266.00
27851.00 25745.00 27968.00
27860.00 26250.00 27709.00
27860.00 27114.00 26765.00
27869.00 27286.00 26200.00
27879.00 25944.00 27843.00
27882.00 26548.00 27538.00
27905.00 27106.00 26706.00
27933.00 25805.00 27893.00
27944.00 26630.00 27423.00
27955.00 26760.00 27226.00
27987.00 27149.00 26605.00
28066.00 26075.00 27676.00
28085.00 26878.00 26910.00
28115.00 27076.00 26455.00
28137.00 26625.00 27218.00
28147.00 27098.00 26379.00
28180.00 25918.00 27673.00
28187.00 26933.00 26607.00
28192.00 27051.00 26406.00
28196.00 26649.00 27099.00
28202.00 26242.00 27522.00
28215.00 26793.00 26886.00
28238.00 26331.00 27471.00
28243.00 26774.00 26888.00
28269.00 26466.00 27290.00
28281.00 26759.00 26816.00
28302.00 26288.00 27439.00
28329.00 26532.00 27212.00
28449.00 26189.00 27279.00
28479.00 26171.00 27242.00
28494.00 26565.00 26460.00
28518.00 26258.00 27140.00
28520.00 26365.00 27025.00
28541.00 26537.00 26384.00
28576.00 26369.00 26952.00
28642.00 26331.00 26855.00
26479.00 26531.00 28148.00
26560.00 26058.00 28328.00
26645.00 26461.00 28170.00
26691.00 26935.00 27804.00
26779.00 27134.00 27551.00
26841.00 26761.00 27907.00
26924.00 25846.00 28382.00
26995.00 27438.00 26831.00
27079.00 27149.00 27449.00
27108.00 26336.00 28132.00
27114.00 26728.00 27825.00
27133.00 27215.00 27291.00
27143.00 26502.00 27967.00
27212.00 26247.00 28128.00
27251.00 27488.00 26708.00
27254.00 26711.00 27789.00
27285.00 26770.00 27725.00
27308.00 27117.00 27306.00
27312.00 26659.00 27820.00
27326.00 26925.00 27598.00
27333.00 27241.00 27139.00
27354.00 25645.00 28318.00
27355.00 26119.00 28106.00
27358.00 25492.00 28357.00
27375.00 27044.00 27361.00
27415.00 25900.00 28206.00
27435.00 26296.00 27957.00
27436.00 27228.00 27083.00
27466.00 26034.00 28086.00
27476.00 26309.00 27919.00
27505.00 27363.00 26726.00
27527.00 26898.00 27422.00
27553.00 27240.00 26875.00
27670.00 27336.00 26616.00
27717.00 27229.00 26724.00
27745.00 27391.00 26422.00
27752.00 26554.00 27561.00
27806.00 25775.00 27989.00
27809.00 27347.00 26376.00
27810.00 26105.00 27834.00
27825.00 26486.00 27558.00
27839.00 26364.00 27659.00
27847.00 26045.00 27853.00
27864.00 26956.00 27030.00
27867.00 27291.00 26430.00
27872.00 26687.00 27365.00
27910.00 25678.00 28025.00
27985.00 27161.00 26557.00
28004.00 26829.00 27150.00
28024.00 25925.00 27736.00
28028.00 26107.00 27638.00
28030.00 27046.00 26785.00
28047.00 26996.00 26860.00
28101.00 26507.00 27340.00
28104.00 26376.00 27416.00
28137.00 27199.00 26113.00
28153.00 26633.00 27241.00
28214.00 27053.00 26349.00
28234.00 27176.00 26058.00
28260.00 25851.00 27479.00
28273.00 26836.00 26886.00
28286.00 26047.00 27389.00
28318.00 26093.00 27309.00
28357.00 26354.00 27180.00
28359.00 26986.00 26175.00
28370.00 26768.00 26937.00
28435.00 26659.00 26849.00
28451.00 26307.00 27129.00
28472.00 26398.00 27059.00
28475.00 26874.00 26263.00
28496.00 26885.00 26194.00
28536.00 26716.00 26494.00
28624.00 26597.00 26614.00
28627.00 26137.00 26857.00
28651.00 26258.00 26787.00
28666.00 26572.00 26554.00
28757.00 26482.00 26165.00
28772.00 26363.00 26363.00
28853.00 26362.00 26112.00
26895.00 27210.00 27278.00
26901.00 26217.00 28159.00
26938.00 26229.00 28147.00
26995.00 26357.00 28089.00
26996.00 26473.00 27970.00
27023.00 26744.00 27756.00
27060.00 27230.00 27174.00
27152.00 26844.00 27652.00
27159.00 26338.00 27973.00
27170.00 26582.00 27832.00
27225.00 27439.00 26839.00
27272.00 27055.00 27402.00
27278.00 27023.00 27440.00
27278.00 27446.00 26776.00
27281.00 27082.00 27361.00
27344.00 26709.00 27627.00
27352.00 27315.00 27012.00
27394.00 26309.00 27870.00
27463.00 26220.00 27931.00
27514.00 27472.00 26638.00
27532.00 26843.00 27499.00
27542.00 27302.00 26910.00
27567.00 27479.00 26575.00
27573.00 26983.00 27292.00
27584.00 26883.00 27420.00
27600.00 26381.00 27760.00
27630.00 27093.00 27157.00
27665.00 27424.00 26598.00
27709.00 25843.00 28009.00
27724.00 26519.00 27586.00
27727.00 26059.00 27866.00
27727.00 27384.00 26566.00
27754.00 26766.00 27385.00
27786.00 27300.00 26801.00
27802.00 26727.00 27420.00
27806.00 27132.00 27052.00
27810.00 26880.00 27264.00
27855.00 26695.00 27391.00
27856.00 25883.00 27897.00
27885.00 26309.00 27620.00
27899.00 26364.00 27594.00
27926.00 25997.00 27767.00
27938.00 27063.00 26967.00
27951.00 27340.00 26297.00
27991.00 26493.00 27457.00
27994.00 25983.00 27719.00
28018.00 25715.00 27797.00
28027.00 27286.00 26299.00
28043.00 26788.00 27211.00
28043.00 27143.00 26684.00
28044.00 26938.00 27051.00
28046.00 27202.00 26605.00
28085.00 25759.00 27722.00
28097.00 26266.00 27502.00
28112.00 26902.00 27002.00
28120.00 26514.00 27396.00
28146.00 26861.00 27045.00
28189.00 26710.00 27174.00
28195.00 27154.00 26200.00
28198.00 27117.00 26309.00
28227.00 26781.00 27005.00
28234.00 25998.00 27537.00
28269.00 27123.00 26062.00
28270.00 26257.00 27371.00
28303.00 26299.00 27333.00
28309.00 26603.00 27140.00
28321.00 26862.00 26808.00
28329.00 26030.00 27452.00
28360.00 26922.00 26698.00
28406.00 26431.00 27124.00
28427.00 26659.00 26882.00
28435.00 26819.00 26662.00
28445.00 26546.00 26998.00
28493.00 26902.00 26294.00
28518.00 26520.00 26904.00
28521.00 26879.00 26307.00
28549.00 26449.00 26841.00
28565.00 26265.00 27040.00
28577.00 26683.00 26512.00
28613.00 26766.00 26326.00
28634.00 26528.00 26637.00
28645.00 26789.00 26247.00
28659.00 26130.00 26844.00
28674.00 26574.00 26570.00
28707.00 26249.00 26705.00
27417.00 26758.00 27467.00
27543.00 26245.00 27713.00
27600.00 26105.00 27759.00
27606.00 27296.00 26831.00
27617.00 27037.00 27123.00
27681.00 26799.00 27366.00
27699.00 26321.00 27674.00
27721.00 27197.00 26972.00
27732.00 25918.00 27752.00
27794.00 27197.00 26941.00
27797.00 26386.00 27629.00
27826.00 27464.00 26310.00
27871.00 26676.00 27386.00
27905.00 27001.00 27028.00
27907.00 27265.00 26757.00
27932.00 27367.00 26402.00
27935.00 26418.00 27576.00
27943.00 27517.00 26091.00
27946.00 26848.00 27202.00
27948.00 27248.00 26704.00
27961.00 26473.00 27558.00
27966.00 27044.00 26952.00
28025.00 27462.00 26037.00
28042.00 26617.00 27432.00
28053.00 26906.00 27092.00
28075.00 27224.00 26619.00
28093.00 26159.00 27547.00
28127.00 27264.00 26540.00
28156.00 27053.00 26818.00
28161.00 27398.00 26197.00
28164.00 26466.00 27416.00
28186.00 27423.00 25869.00
28208.00 27095.00 26766.00
28215.00 27119.00 26705.00
28240.00 26779.00 27065.00
28260.00 27369.00 25903.00
28271.00 27028.00 26720.00
28283.00 26525.00 27342.00
28289.00 26821.00 26986.00
28321.00 27119.00 26445.00
28327.00 27182.00 26259.00
28336.00 26452.00 27341.00
28350.00 26131.00 27393.00
28352.00 26534.00 27278.00
28360.00 26656.00 27121.00
28425.00 27250.00 26063.00
28426.00 26445.00 27203.00
28435.00 27214.00 26090.00
28445.00 26744.00 26939.00
28454.00 26872.00 26782.00
28470.00 26918.00 26713.00
28509.00 26166.00 27133.00
28535.00 26864.00 26699.00
28536.00 26620.00 26914.00
28539.00 27157.00 25881.00
28572.00 26924.00 26581.00
28595.00 26285.00 27014.00
28616.00 26294.00 26995.00
28629.00 27011.00 26196.00
28647.00 26437.00 26902.00
28663.00 25857.00 27019.00
28677.00 26557.00 26757.00
28713.00 26977.00 26113.00
28730.00 26605.00 26681.00
28758.00 26620.00 26642.00
28764.00 26823.00 26256.00
28797.00 26662.00 26566.00
28805.00 26473.00 26713.00
28823.00 26415.00 26715.00
28910.00 26601.00 26036.00
28911.00 26500.00 26260.00
28946.00 26491.00 26196.00
27323.00 27129.00 27217.00
27372.00 27138.00 27190.00
27495.00 26577.00 27673.00
27525.00 26554.00 27697.00
27561.00 27411.00 26449.00
27571.00 27293.00 26841.00
27597.00 27018.00 27320.00
27625.00 27276.00 26804.00
27628.00 26415.00 27718.00
27631.00 27013.00 27302.00
27637.00 27133.00 27104.00
27642.00 26975.00 27361.00
27646.00 26829.00 27456.00
27682.00 27128.00 27061.00
27731.00 26860.00 27404.00
27755.00 27029.00 27171.00
27770.00 26072.00 27811.00
27783.00 26701.00 27514.00
27807.00 26242.00 27747.00
27815.00 26292.00 27687.00
27847.00 27265.00 26647.00
27862.00 27437.00 26134.00
27881.00 26681.00 27438.00
27883.00 26925.00 27254.00
27887.00 25981.00 27724.00
27891.00 27113.00 26869.00
27906.00 27275.00 26596.00
27911.00 26466.00 27563.00
27986.00 27077.00 26855.00
27998.00 27262.00 26428.00
28005.00 26737.00 27225.00
28039.00 26837.00 27116.00
28091.00 27133.00 26549.00
28097.00 26841.00 27030.00
28100.00 26775.00 27114.00
28101.00 26393.00 27443.00
28107.00 26429.00 27410.00
28123.00 26528.00 27316.00
28126.00 26140.00 27528.00
28128.00 27047.00 26648.00
28130.00 27345.00 25891.00
28139.00 26620.00 27243.00
28147.00 26976.00 26831.00
28184.00 26326.00 27420.00
28187.00 27178.00 26387.00
28207.00 26940.00 26824.00
28218.00 27245.00 26095.00
28255.00 27142.00 26338.00
28300.00 26160.00 27343.00
28300.00 26681.00 26970.00
28309.00 27248.00 25960.00
28310.00 26932.00 26711.00
28320.00 26299.00 27263.00
28343.00 26834.00 26811.00
28373.00 27144.00 26159.00
28379.00 26104.00 27223.00
28404.00 26829.00 26753.00
28418.00 27099.00 26157.00
28432.00 27022.00 26262.00
28460.00 26503.00 27023.00
28462.00 26889.00 26483.00
28532.00 26734.00 26678.00
28564.00 26774.00 26644.00
28607.00 26403.00 26907.00
28612.00 26494.00 26769.00
28646.00 26172.00 26999.00
28650.00 26697.00 26410.00
28651.00 26775.00 26163.00
28696.00 26247.00 26876.00
28752.00 26077.00 26833.00
28788.00 26259.00 26387.00
28802.00 26597.00 26154.00
28869.00 26094.00 26384.00
28993.00 26051.00 26180.00
26611.00 26306.00 28162.00
26642.00 26263.00 28200.00
26700.00 26227.00 28180.00
26713.00 26176.00 28210.00
26757.00 25653.00 28445.00
26810.00 25661.00 28424.00
26877.00 26357.00 28052.00
26902.00 25817.00 28352.00
26967.00 25870.00 28278.00
26998.00 25724.00 28352.00
27003.00 25467.00 28381.00
27033.00 26399.00 27983.00
27062.00 26436.00 27952.00
27167.00 26768.00 27676.00
27186.00 27476.00 26926.00
27190.00 27504.00 26854.00
27209.00 26332.00 27965.00
27211.00 27469.00 26912.00
27224.00 26028.00 28187.00
27275.00 26085.00 28129.00
27329.00 27449.00 26812.00
27330.00 27352.00 27055.00
27361.00 25644.00 28195.00
27387.00 27359.00 26993.00
27393.00 27342.00 27016.00
27395.00 26539.00 27861.00
27398.00 27162.00 27283.00
27412.00 26157.00 28039.00
27416.00 26598.00 27815.00
27449.00 26938.00 27550.00
27455.00 27268.00 27112.00
27458.00 27147.00 27286.00
27465.00 27397.00 26734.00
27490.00 27034.00 27414.00
27499.00 26654.00 27758.00
27550.00 26890.00 27514.00
27559.00 26156.00 27937.00
27574.00 25789.00 28036.00
27644.00 27277.00 26724.00
27646.00 26103.00 27922.00
27659.00 27200.00 26890.00
27681.00 26742.00 27558.00
27710.00 27135.00 27038.00
27718.00 26056.00 27882.00
27755.00 26546.00 27688.00
27769.00 27084.00 27074.00
27789.00 26379.00 27774.00
27802.00 26358.00 27776.00
27807.00 26855.00 27370.00
27814.00 27003.00 27195.00
27816.00 26673.00 27513.00
27848.00 26404.00 27720.00
27852.00 26848.00 27321.00
27924.00 26725.00 27403.00
27947.00 25915.00 27724.00
27958.00 26983.00 26838.00
27979.00 26779.00 27145.00
27998.00 25913.00 27674.00
28045.00 27022.00 26528.00
28059.00 26401.00 27496.00
28076.00 26994.00 26446.00
28101.00 26497.00 27412.00
28109.00 26859.00 26885.00
28159.00 26837.00 26839.00
28192.00 26786.00 26851.00
28246.00 26477.00 27074.00
28272.00 26079.00 27339.00
28295.00 26189.00 27242.00
28303.00 25999.00 27339.00
28328.00 26497.00 26942.00
28390.00 26449.00 26844.00
28404.00 26642.00 26548.00
28472.00 26215.00 27038.00
28490.00 26577.00 26451.00
28513.00 26233.00 26978.00
28527.00 26521.00 26531.00
28563.00 26318.00 26823.00
28567.00 26487.00 26469.00
28618.00 26286.00 26762.00
28650.00 26382.00 26532.00
28658.00 26082.00 26756.00
28678.00 26140.00 26697.00
27042.00 27496.00 27031.00
27053.00 27521.00 26977.00
27096.00 27589.00 26858.00
27126.00 27308.00 27222.00
27136.00 27356.00 27168.00
27150.00 27581.00 26777.00
27182.00 27570.00 26716.00
27185.00 26898.00 27574.00
27192.00 26527.00 27879.00
27198.00 26825.00 27628.00
27242.00 26510.00 27888.00
27250.00 26854.00 27576.00
27257.00 27158.00 27409.00
27351.00 27126.00 27319.00
27363.00 25977.00 28093.00
27390.00 26564.00 27741.00
27391.00 26432.00 27863.00
27395.00 27161.00 27256.00
27400.00 25951.00 28087.00
27431.00 26010.00 28023.00
27460.00 27277.00 27043.00
27464.00 26432.00 27832.00
27476.00 26975.00 27363.00
27503.00 26377.00 27827.00
27525.00 27458.00 26764.00
27558.00 25685.00 28052.00
27564.00 26625.00 27660.00
27567.00 27429.00 26739.00
27586.00 26658.00 27606.00
27599.00 26217.00 27878.00
27611.00 26809.00 27444.00
27646.00 27016.00 27183.00
27664.00 26208.00 27800.00
27685.00 27069.00 27127.00
27715.00 26434.00 27639.00
27737.00 27304.00 26785.00
27738.00 26772.00 27356.00
27753.00 25756.00 27905.00
27803.00 26814.00 27306.00
27842.00 25973.00 27755.00
27862.00 25869.00 27806.00
27872.00 26482.00 27515.00
27877.00 26801.00 27245.00
27903.00 25941.00 27736.00
27920.00 27131.00 26988.00
27942.00 26921.00 27136.00
27945.00 27188.00 26938.00
27983.00 26336.00 27528.00
28023.00 27197.00 26828.00
28048.00 27277.00 26617.00
28067.00 27121.00 26953.00
28126.00 26019.00 27606.00
28135.00 26602.00 27218.00
28143.00 27248.00 26502.00
28158.00 26059.00 27572.00
28161.00 26479.00 27362.00
28163.00 26745.00 27087.00
28182.00 26894.00 26932.00
28187.00 26268.00 27399.00
28208.00 26424.00 27334.00
28209.00 26910.00 26878.00
28232.00 26731.00 27059.00
28235.00 27229.00 26384.00
28239.00 27087.00 26572.00
28250.00 27039.00 26636.00
28254.00 27231.00 26351.00
28281.00 27171.00 26405.00
28298.00 26714.00 26970.00
28304.00 26455.00 27162.00
28368.00 27077.00 26130.00
28388.00 26664.00 26830.00
28392.00 27024.00 26292.00
28401.00 27011.00 26289.00
28403.00 26044.00 27110.00
28416.00 26117.00 27055.00
28425.00 26851.00 26551.00
28484.00 26559.00 26748.00
28492.00 26815.00 26464.00
28498.00 26451.00 26855.00
28523.00 26737.00 26511.00
28573.00 26576.00 26633.00
28582.00 26329.00 26864.00
28584.00 26381.00 26800.00
28596.00 26625.00 26577.00
28677.00 26262.00 26737.00
26679.00 26901.00 27714.00
26694.00 26800.00 27813.00
26782.00 26631.00 27887.00
26885.00 26905.00 27662.00
26971.00 27378.00 27112.00
27007.00 27076.00 27526.00
27016.00 26797.00 27748.00
27052.00 27195.00 27409.00
27108.00 26519.00 27904.00
27149.00 26468.00 27912.00
27253.00 25545.00 28326.00
27299.00 26293.00 27942.00
27303.00 27154.00 27305.00
27336.00 27238.00 27178.00
27358.00 26087.00 28033.00
27358.00 26607.00 27747.00
27383.00 25809.00 28139.00
27422.00 25549.00 28230.00
27482.00 26973.00 27471.00
27483.00 27335.00 26982.00
27487.00 25638.00 28181.00
27490.00 26168.00 27983.00
27505.00 26347.00 27839.00
27515.00 27381.00 26902.00
27518.00 27165.00 27128.00
27551.00 25356.00 28264.00
27558.00 27200.00 27090.00
27579.00 27339.00 26900.00
27616.00 26578.00 27667.00
27625.00 25446.00 28149.00
27644.00 26818.00 27532.00
27653.00 25885.00 28047.00
27680.00 26429.00 27725.00
27684.00 26863.00 27460.00
27704.00 27001.00 27293.00
27706.00 26210.00 27836.00
27722.00 27266.00 26862.00
27777.00 27005.00 27240.00
27804.00 27231.00 26747.00
27809.00 27071.00 27154.00
27828.00 26565.00 27558.00
27857.00 26042.00 27830.00
27871.00 25819.00 27974.00
27883.00 26105.00 27783.00
27895.00 26759.00 27370.00
27919.00 25777.00 27974.00
27931.00 26894.00 27223.00
27946.00 26972.00 27014.00
27988.00 27099.00 26729.00
28030.00 26154.00 27676.00
28052.00 26800.00 27208.00
28069.00 26438.00 27483.00
28093.00 26814.00 27147.00
28094.00 26754.00 27209.00
28100.00 26236.00 27629.00
28101.00 26575.00 27354.00
28114.00 26940.00 26804.00
28141.00 26420.00 27451.00
28146.00 27006.00 26718.00
28150.00 25863.00 27717.00
28178.00 26368.00 27479.00
28179.00 26978.00 26721.00
28183.00 26232.00 27578.00
28190.00 26763.00 26991.00
28231.00 26529.00 27248.00
28251.00 26569.00 27165.00
28272.00 25660.00 27633.00
28316.00 26696.00 26798.00
28377.00 26501.00 26903.00
28404.00 25692.00 27526.00
28428.00 25878.00 27442.00
28430.00 26244.00 27196.00
28462.00 26116.00 27257.00
28478.00 26580.00 26494.00
28486.00 26518.00 26663.00
28493.00 26437.00 26747.00
28522.00 25924.00 27326.00
28525.00 26258.00 27075.00
28550.00 26195.00 27144.00
28633.00 25812.00 27120.00
28660.00 26289.00 26667.00
28661.00 26374.00 26525.00
28693.00 26420.00 26445.00
28702.00 26053.00 26926.00
28793.00 26038.00 26832.00
28808.00 26101.00 26738.00
26505.00 26596.00 28031.00
26631.00 26938.00 27699.00
26647.00 26837.00 27808.00
26699.00 26802.00 27828.00
26699.00 27079.00 27551.00
26989.00 26319.00 28075.00
27004.00 25679.00 28446.00
27018.00 26011.00 28294.00
27031.00 25742.00 28410.00
27072.00 26375.00 28018.00
27107.00 26719.00 27770.00
27116.00 25773.00 28358.00
27117.00 27284.00 27119.00
27175.00 26649.00 27834.00
27184.00 25651.00 28345.00
27232.00 26093.00 28191.00
27256.00 27460.00 26842.00
27309.00 26747.00 27692.00
27323.00 26167.00 28128.00
27354.00 26210.00 28067.00
27372.00 27099.00 27365.00
27394.00 27488.00 26742.00
27412.00 27176.00 27177.00
27434.00 26958.00 27524.00
27441.00 26382.00 27908.00
27444.00 26842.00 27597.00
27446.00 27073.00 27380.00
27451.00 27406.00 26810.00
27458.00 26611.00 27756.00
27501.00 27243.00 27039.00
27510.00 27072.00 27316.00
27517.00 26049.00 28037.00
27549.00 25629.00 28068.00
27567.00 26999.00 27347.00
27583.00 26594.00 27706.00
27585.00 27490.00 26448.00
27601.00 26499.00 27772.00
27615.00 26265.00 27914.00
27615.00 27450.00 26504.00
27643.00 26727.00 27553.00
27650.00 27441.00 26440.00
27709.00 27180.00 26967.00
27724.00 27135.00 27018.00
27728.00 26371.00 27790.00
27759.00 26305.00 27803.00
27799.00 26583.00 27508.00
27855.00 26195.00 27680.00
27862.00 26534.00 27462.00
27876.00 26805.00 27285.00
27876.00 27258.00 26316.00
27878.00 25799.00 27837.00
27884.00 26369.00 27569.00
27907.00 26822.00 27253.00
27915.00 27073.00 26867.00
27943.00 27054.00 26869.00
27957.00 26201.00 27574.00
27980.00 25948.00 27694.00
27989.00 27188.00 26418.00
28021.00 26572.00 27286.00
28065.00 27026.00 26783.00
28077.00 26773.00 27128.00
28078.00 26838.00 27048.00
28117.00 27134.00 26486.00
28120.00 25933.00 27515.00
28127.00 26256.00 27331.00
28129.00 27129.00 26521.00
28138.00 27027.00 26708.00
28155.00 26927.00 26913.00
28171.00 25889.00 27489.00
28186.00 26090.00 27365.00
28198.00 25746.00 27586.00
28222.00 26649.00 27030.00
28230.00 25613.00 27599.00
28243.00 26230.00 27196.00
28293.00 26907.00 26722.00
28315.00 25755.00 27391.00
28355.00 26893.00 26615.00
28357.00 25882.00 27276.00
28358.00 26430.00 26993.00
28363.00 26361.00 27041.00
28379.00 25940.00 27208.00
28440.00 26729.00 26752.00
28461.00 26863.00 26432.00
28483.00 26739.00 26666.00
28538.00 26751.00 26481.00
28562.00 26277.00 26625.00
28573.00 26107.00 26698.00
28578.00 26836.00 26171.00
27313.00 26454.00 27755.00
27350.00 26262.00 27872.00
27461.00 27254.00 26832.00
27477.00 26773.00 27509.00
27492.00 27100.00 27102.00
27523.00 26710.00 27518.00
27562.00 27047.00 27112.00
27568.00 26465.00 27717.00
27585.00 27378.00 26699.00
27589.00 26027.00 27954.00
27597.00 26879.00 27309.00
27638.00 25970.00 27960.00
27653.00 27109.00 27026.00
27668.00 26279.00 27792.00
27673.00 27309.00 26728.00
27700.00 26094.00 27911.00
27708.00 26735.00 27369.00
27755.00 27064.00 26992.00
27760.00 27264.00 26720.00
27785.00 26472.00 27580.00
27813.00 26867.00 27184.00
27841.00 26137.00 27827.00
27852.00 26507.00 27531.00
27874.00 27379.00 26394.00
27901.00 26678.00 27368.00
27902.00 26893.00 27099.00
27926.00 27225.00 26616.00
27930.00 26140.00 27784.00
27931.00 25767.00 27865.00
27988.00 26240.00 27691.00
27992.00 26050.00 27784.00
28005.00 27119.00 26821.00
28030.00 27131.00 26740.00
28054.00 27290.00 26328.00
28067.00 25618.00 27821.00
28067.00 26856.00 27022.00
28078.00 26363.00 27501.00
28081.00 26665.00 27185.00
28095.00 26551.00 27303.00
28112.00 26801.00 27080.00
28140.00 27171.00 26316.00
28151.00 27049.00 26757.00
28153.00 25664.00 27748.00
28154.00 26172.00 27546.00
28191.00 26039.00 27607.00
28205.00 26793.00 26981.00
28243.00 26079.00 27528.00
28253.00 26434.00 27354.00
28264.00 26207.00 27456.00
28272.00 25857.00 27631.00
28285.00 26998.00 26712.00
28301.00 27193.00 26082.00
28309.00 26671.00 27017.00
28321.00 25814.00 27596.00
28340.00 26395.00 27291.00
28364.00 27125.00 26020.00
28369.00 26944.00 26582.00
28374.00 26522.00 27177.00
28421.00 26825.00 26750.00
28448.00 25745.00 27462.00
28481.00 26995.00 26153.00
28484.00 26308.00 27149.00
28487.00 26106.00 27288.00
28494.00 25642.00 27409.00
28494.00 26496.00 26992.00
28514.00 26993.00 26089.00
28515.00 26351.00 27088.00
28519.00 26796.00 26682.00
28547.00 26876.00 26470.00
28571.00 26932.00 26117.00
28575.00 26760.00 26650.00
28576.00 26553.00 26864.00
28581.00 26740.00 26671.00
28679.00 25951.00 27048.00
28694.00 26678.00 26536.00
28704.00 26344.00 26719.00
28716.00 26180.00 26914.00
28716.00 26753.00 26441.00
28750.00 26287.00 26716.00
28770.00 26098.00 26958.00
28794.00 26608.00 26223.00
28906.00 26076.00 26598.00
28921.00 26009.00 26731.00
26842.00 27119.00 27573.00
26875.00 26722.00 27814.00
27049.00 26970.00 27595.00
27111.00 27145.00 27406.00
27135.00 27096.00 27458.00
27137.00 26722.00 27727.00
27178.00 27398.00 26993.00
27211.00 27434.00 26938.00
27234.00 26539.00 27839.00
27325.00 26948.00 27455.00
27337.00 26488.00 27809.00
27339.00 27577.00 26634.00
27369.00 27628.00 26563.00
27412.00 27202.00 27241.00
27417.00 27396.00 26883.00
27417.00 27779.00 25831.00
27446.00 26641.00 27685.00
27446.00 26810.00 27578.00
27476.00 27195.00 27226.00
27480.00 27061.00 27346.00
27505.00 27317.00 27076.00
27512.00 27697.00 26105.00
27531.00 27162.00 27231.00
27558.00 26219.00 27736.00
27563.00 26127.00 27766.00
27569.00 27735.00 25981.00
27576.00 26823.00 27537.00
27577.00 27440.00 26726.00
27578.00 26592.00 27618.00
27645.00 27503.00 26595.00
27660.00 27281.00 26950.00
27675.00 27589.00 26462.00
27679.00 27378.00 26780.00
27683.00 27609.00 26408.00
27705.00 27143.00 27061.00
27723.00 26926.00 27257.00
27748.00 26687.00 27460.00
27774.00 26869.00 27250.00
27781.00 27356.00 26722.00
27787.00 26427.00 27545.00
27800.00 27189.00 26992.00
27810.00 26642.00 27420.00
27839.00 26703.00 27387.00
27894.00 27039.00 27040.00
27928.00 27447.00 26455.00
27944.00 26649.00 27276.00
27951.00 27219.00 26832.00
27996.00 26917.00 27083.00
27996.00 27508.00 26244.00
27997.00 27403.00 26409.00
28000.00 26435.00 27318.00
28006.00 26368.00 27356.00
28039.00 26568.00 27230.00
28071.00 27074.00 26844.00
28076.00 27201.00 26630.00
28095.00 26478.00 27226.00
28096.00 26199.00 27358.00
28143.00 26146.00 27367.00
28147.00 27278.00 26448.00
28174.00 26988.00 26788.00
28187.00 26720.00 27079.00
28187.00 27386.00 26252.00
28194.00 26885.00 26977.00
28198.00 26737.00 27064.00
28231.00 27250.00 26343.00
28255.00 27129.00 26485.00
28264.00 27346.00 26228.00
28279.00 26916.00 26708.00
28338.00 26445.00 26998.00
28371.00 27205.00 26091.00
28416.00 26921.00 26528.00
28421.00 27052.00 26349.00
28427.00 27068.00 26292.00
28460.00 26735.00 26700.00
28467.00 26864.00 26521.00
28495.00 26671.00 26705.00
28550.00 26655.00 26636.00
28573.00 26885.00 26057.00
28607.00 26797.00 26122.00
27240.00 27048.00 27361.00
27254.00 26323.00 27871.00
27254.00 27207.00 27153.00
27262.00 27403.00 26845.00
27293.00 26637.00 27716.00
27322.00 27399.00 26806.00
27325.00 27239.00 27089.00
27342.00 26880.00 27497.00
27377.00 26767.00 27608.00
27390.00 26213.00 27852.00
27420.00 27441.00 26704.00
27422.00 26366.00 27821.00
27473.00 27505.00 26581.00
27474.00 26931.00 27385.00
27481.00 26781.00 27516.00
27542.00 27177.00 26994.00
27556.00 27275.00 26901.00
27557.00 26499.00 27733.00
27582.00 26661.00 27517.00
27626.00 27226.00 26871.00
27630.00 27081.00 27139.00
27646.00 26170.00 27723.00
27648.00 26808.00 27353.00
27654.00 26981.00 27222.00
27691.00 26929.00 27250.00
27713.00 27071.00 27051.00
27724.00 26495.00 27589.00
27726.00 26531.00 27531.00
27765.00 27432.00 26550.00
27778.00 25984.00 27765.00
27806.00 25956.00 27743.00
27835.00 26283.00 27624.00
27866.00 26929.00 27099.00
27876.00 26670.00 27365.00
27910.00 26036.00 27653.00
27916.00 27247.00 26613.00
27928.00 27218.00 26659.00
27976.00 27026.00 26910.00
27979.00 26877.00 27021.00
27998.00 26404.00 27526.00
28045.00 26988.00 26882.00
28047.00 26393.00 27463.00
28065.00 26337.00 27490.00
28075.00 27387.00 26319.00
28087.00 26688.00 27147.00
28099.00 26943.00 26878.00
28101.00 27295.00 26437.00
28107.00 27102.00 26712.00
28108.00 26614.00 27225.00
28138.00 26479.00 27302.00
28148.00 26064.00 27488.00
28154.00 27324.00 26358.00
28183.00 27107.00 26654.00
28189.00 25697.00 27564.00
28214.00 26096.00 27440.00
28243.00 26136.00 27407.00
28256.00 26721.00 26999.00
28259.00 27017.00 26666.00
28282.00 26576.00 27102.00
28286.00 26433.00 27191.00
28288.00 27124.00 26499.00
28296.00 26901.00 26736.00
28317.00 26521.00 27106.00
28317.00 27043.00 26596.00
28320.00 25804.00 27408.00
28352.00 25892.00 27344.00
28358.00 27130.00 26344.00
28377.00 26789.00 26823.00
28398.00 25848.00 27303.00
28412.00 27011.00 26472.00
28446.00 26916.00 26568.00
28452.00 26583.00 26898.00
28466.00 26339.00 27104.00
28471.00 26105.00 27168.00
28495.00 26088.00 27156.00
28501.00 26359.00 27073.00
28503.00 26413.00 27015.00
28555.00 26276.00 27025.00
28561.00 26583.00 26766.00
28620.00 26730.00 26267.00
28633.00 26771.00 26195.00
28634.00 26621.00 26653.00
