21670.00 25254.00 25005.00 24530.00
21704.00 25308.00 24964.00 24546.00
21849.00 25269.00 24883.00 24791.00
21895.00 25271.00 24837.00 24738.00
22088.00 25191.00 25115.00 24621.00
22192.00 25662.00 24854.00 24337.00
22227.00 25183.00 25170.00 24618.00
22414.00 24959.00 25091.00 25651.00
22469.00 25910.00 24832.00 24312.00
22477.00 25729.00 24688.00 24373.00
22568.00 25078.00 25838.00 24977.00
22591.00 25020.00 25855.00 24934.00
22598.00 26077.00 24259.00 23329.00
22701.00 24672.00 25890.00 24786.00
22740.00 24224.00 24466.00 25907.00
22827.00 24806.00 25144.00 25477.00
22861.00 24815.00 25623.00 24712.00
22943.00 24866.00 26007.00 24630.00
22955.00 25688.00 24948.00 22995.00
23030.00 23696.00 24282.00 26025.00
23053.00 26245.00 24564.00 22879.00
23090.00 26192.00 24150.00 23083.00
23142.00 24552.00 26189.00 24398.00
23168.00 23237.00 23999.00 26759.00
23214.00 24291.00 26479.00 24109.00
23337.00 23054.00 24100.00 26795.00
23339.00 26037.00 24858.00 23405.00
23354.00 25580.00 25290.00 23314.00
23383.00 26288.00 24516.00 22758.00
23457.00 24345.00 26375.00 24242.00
23476.00 26425.00 24401.00 22827.00
23497.00 23567.00 27138.00 23808.00
23514.00 25865.00 24448.00 22644.00
23537.00 22947.00 27505.00 23653.00
23559.00 25817.00 24524.00 22699.00
23584.00 23002.00 27449.00 23715.00
23592.00 23656.00 27035.00 23783.00
23600.00 23650.00 26899.00 23810.00
23629.00 24033.00 24641.00 25620.00
23641.00 23014.00 24338.00 26424.00
23653.00 23004.00 27318.00 23699.00
23655.00 23472.00 26844.00 23847.00
23707.00 22753.00 24652.00 25779.00
23772.00 22437.00 24078.00 26993.00
23823.00 22529.00 23922.00 27048.00
23882.00 22496.00 23691.00 27318.00
23912.00 22452.00 23776.00 27446.00
23924.00 22449.00 23959.00 27187.00
23976.00 22596.00 23880.00 26919.00
24049.00 22622.00 25970.00 24487.00
24054.00 25220.00 24791.00 22050.00
24148.00 22981.00 25554.00 24614.00
24153.00 22845.00 26647.00 23477.00
24165.00 22329.00 24520.00 26589.00
24197.00 22259.00 24058.00 26842.00
24211.00 22232.00 24019.00 26880.00
24239.00 23527.00 23581.00 26334.00
24327.00 22181.00 24439.00 26019.00
24352.00 24888.00 24679.00 22470.00
24370.00 25592.00 24447.00 22297.00
24448.00 23008.00 23007.00 26356.00
24459.00 21633.00 23878.00 26230.00
24475.00 21951.00 23695.00 26694.00
24539.00 24601.00 25287.00 22556.00
24611.00 21985.00 23437.00 26280.00
24621.00 23993.00 25441.00 24335.00
24651.00 24499.00 24557.00 23528.00
24661.00 23717.00 26505.00 24177.00
24669.00 23125.00 23111.00 26323.00
24691.00 21702.00 23572.00 26211.00
24803.00 21808.00 24664.00 25541.00
24846.00 21883.00 24696.00 25479.00
24885.00 22771.00 23294.00 25732.00
24949.00 21990.00 23752.00 26113.00
25007.00 22643.00 24580.00 25660.00
25170.00 23789.00 24550.00 25073.00
25203.00 24383.00 24946.00 23463.00
25301.00 21365.00 24125.00 25398.00
25329.00 21467.00 24416.00 24944.00
25399.00 22878.00 26101.00 23936.00
25428.00 22902.00 26022.00 24072.00
25526.00 22923.00 25832.00 24005.00
25540.00 21683.00 24368.00 25329.00
25582.00 24135.00 24758.00 23322.00
25687.00 21284.00 24193.00 25381.00
25695.00 21202.00 24266.00 25388.00
25698.00 22967.00 24204.00 25017.00
25802.00 23856.00 25411.00 24202.00
25814.00 23890.00 25389.00 24220.00
25902.00 24083.00 23900.00 23378.00
25958.00 23850.00 25311.00 24121.00
26105.00 23686.00 25321.00 24267.00
26234.00 23715.00 25252.00 24334.00
26375.00 23197.00 24829.00 24060.00
26463.00 23316.00 24872.00 24059.00
26502.00 23081.00 24301.00 24418.00
26653.00 23282.00 24804.00 23928.00
26858.00 23404.00 24627.00 24063.00
26905.00 23369.00 24642.00 24025.00
22488.00 24733.00 24779.00 24852.00
22560.00 24209.00 24712.00 25162.00
22611.00 24168.00 25305.00 24087.00
22640.00 24450.00 25126.00 24712.00
22666.00 24394.00 25135.00 24742.00
22748.00 24036.00 24813.00 25670.00
22830.00 24665.00 24680.00 25012.00
22953.00 24409.00 25108.00 24471.00
23029.00 26282.00 23819.00 23747.00
23080.00 25924.00 24549.00 23287.00
23112.00 26016.00 24142.00 23763.00
23143.00 26306.00 23766.00 23412.00
23192.00 26245.00 24175.00 23041.00
23219.00 26180.00 24124.00 23053.00
23241.00 25549.00 24199.00 23509.00
23261.00 26616.00 24001.00 23353.00
23273.00 26369.00 23958.00 23411.00
23314.00 25197.00 22564.00 24136.00
23320.00 26133.00 23887.00 23454.00
23325.00 24992.00 23614.00 24607.00
23362.00 26534.00 24038.00 23309.00
23393.00 25024.00 23537.00 24834.00
23509.00 25247.00 22317.00 24161.00
23542.00 25226.00 22273.00 24159.00
23612.00 25492.00 22524.00 23955.00
23623.00 25193.00 22173.00 24212.00
23633.00 25348.00 22673.00 23933.00
23737.00 25729.00 23123.00 23380.00
23740.00 24135.00 23933.00 26102.00
23741.00 25189.00 22761.00 23817.00
23750.00 24902.00 23102.00 23862.00
23767.00 25131.00 24285.00 22946.00
23770.00 23988.00 25688.00 25607.00
23811.00 24393.00 23387.00 25864.00
23874.00 23445.00 24980.00 26683.00
23911.00 24952.00 22959.00 23509.00
23928.00 23237.00 24957.00 26557.00
23966.00 24277.00 24016.00 24287.00
23977.00 23556.00 24813.00 26815.00
23999.00 23572.00 24742.00 26902.00
24037.00 24812.00 24945.00 22829.00
24054.00 24315.00 24080.00 24263.00
24091.00 23485.00 27304.00 24156.00
24110.00 23036.00 25527.00 26037.00
24121.00 23412.00 25277.00 25693.00
24124.00 23804.00 26808.00 24501.00
24139.00 23932.00 24776.00 26379.00
24160.00 23742.00 27042.00 23157.00
24171.00 22786.00 25789.00 25577.00
24173.00 23887.00 26922.00 23520.00
24213.00 22844.00 25478.00 26165.00
24214.00 22888.00 25446.00 26191.00
24219.00 23793.00 26875.00 23167.00
24228.00 23310.00 25186.00 25793.00
24252.00 22354.00 25710.00 25351.00
24255.00 25015.00 25047.00 22696.00
24272.00 23148.00 26965.00 24701.00
24274.00 23388.00 27682.00 23933.00
24283.00 23838.00 24683.00 26244.00
24308.00 23384.00 27735.00 23886.00
24354.00 22733.00 26346.00 25244.00
24375.00 23932.00 26375.00 24246.00
24407.00 23097.00 25618.00 25480.00
24410.00 22200.00 26300.00 24982.00
24437.00 24529.00 25984.00 23432.00
24472.00 23074.00 25657.00 25505.00
24479.00 23403.00 27089.00 24107.00
24576.00 22049.00 25984.00 25428.00
24601.00 23160.00 27321.00 24414.00
24608.00 22933.00 27471.00 24049.00
24671.00 22384.00 26090.00 25057.00
24715.00 23305.00 27209.00 24415.00
24751.00 22542.00 26539.00 24928.00
24797.00 22582.00 26505.00 24869.00
24799.00 21988.00 26106.00 25061.00
24830.00 21807.00 26465.00 24953.00
24830.00 23113.00 24427.00 24553.00
24948.00 22254.00 25578.00 25060.00
25055.00 22423.00 25847.00 24326.00
25066.00 22958.00 24668.00 25141.00
25066.00 23798.00 24492.00 22561.00
25145.00 23700.00 24644.00 22648.00
25218.00 21877.00 25973.00 24534.00
25263.00 21903.00 25905.00 24515.00
25290.00 21574.00 25869.00 24379.00
25296.00 21493.00 25876.00 24367.00
25403.00 22838.00 24894.00 22972.00
25431.00 22869.00 24908.00 22906.00
25504.00 22149.00 25521.00 24546.00
25585.00 23642.00 24279.00 23664.00
25628.00 23587.00 24335.00 24805.00
25754.00 23252.00 24613.00 24501.00
25884.00 23272.00 24813.00 24355.00
26062.00 22725.00 25179.00 24181.00
26097.00 22656.00 24913.00 23624.00
26141.00 22670.00 24904.00 23573.00
26169.00 22659.00 24890.00 23601.00
26410.00 23245.00 24844.00 23825.00
26509.00 23181.00 24445.00 23863.00
21978.00 23269.00 25213.00 25434.00
22103.00 23870.00 25082.00 25594.00
22139.00 23211.00 25492.00 25646.00
22310.00 24166.00 24697.00 25395.00
22331.00 24107.00 24716.00 25405.00
22388.00 24734.00 24954.00 25077.00
22404.00 23928.00 25002.00 25212.00
22502.00 22607.00 26141.00 25384.00
22559.00 24307.00 25040.00 24615.00
22694.00 22796.00 26415.00 24986.00
22852.00 24827.00 24570.00 24533.00
22925.00 23062.00 26782.00 23912.00
22973.00 23070.00 26743.00 23834.00
23036.00 22668.00 27014.00 24421.00
23069.00 22557.00 25105.00 26845.00
23074.00 22636.00 27075.00 24423.00
23104.00 22538.00 25081.00 26824.00
23124.00 22486.00 26501.00 25320.00
23161.00 22654.00 25212.00 26717.00
23197.00 22373.00 25820.00 26263.00
23227.00 22161.00 26296.00 25334.00
23227.00 22598.00 27241.00 24304.00
23239.00 22673.00 25200.00 26654.00
23307.00 22749.00 27455.00 24180.00
23335.00 22594.00 27313.00 24217.00
23341.00 22730.00 27398.00 24157.00
23366.00 21923.00 25986.00 25186.00
23378.00 22824.00 25745.00 25857.00
23415.00 22260.00 25638.00 26310.00
23422.00 23163.00 25569.00 25647.00
23426.00 22731.00 25859.00 25811.00
23450.00 25700.00 23011.00 23916.00
23468.00 22278.00 26878.00 24507.00
23523.00 25642.00 23085.00 23946.00
23542.00 21687.00 25693.00 24818.00
23554.00 26107.00 23909.00 23416.00
23726.00 25869.00 24040.00 23460.00
23753.00 25501.00 22871.00 23830.00
23759.00 25543.00 22877.00 23790.00
23812.00 25285.00 22436.00 23911.00
23813.00 21861.00 26521.00 24578.00
23823.00 21826.00 26420.00 24490.00
23835.00 25245.00 22494.00 23905.00
23902.00 22950.00 25224.00 25988.00
23948.00 25309.00 23602.00 23306.00
23967.00 25021.00 22261.00 23960.00
24022.00 24986.00 24119.00 22345.00
24040.00 24915.00 22086.00 23962.00
24097.00 21127.00 25327.00 24752.00
24134.00 21156.00 25316.00 24712.00
24175.00 24907.00 24087.00 23154.00
24189.00 23778.00 26009.00 22753.00
24191.00 20907.00 25138.00 24957.00
24214.00 20557.00 25181.00 25016.00
24234.00 23760.00 26220.00 22591.00
24247.00 23668.00 26103.00 22563.00
24248.00 20489.00 25137.00 24926.00
24261.00 21020.00 25074.00 24840.00
24321.00 25271.00 23447.00 22665.00
24351.00 25158.00 24548.00 21936.00
24428.00 24034.00 24365.00 22489.00
24489.00 20683.00 24941.00 24921.00
24509.00 24603.00 22144.00 24306.00
24513.00 24952.00 22699.00 23746.00
24570.00 25116.00 24010.00 22228.00
24592.00 24592.00 22169.00 24409.00
24600.00 24288.00 21945.00 24076.00
24618.00 24366.00 21957.00 24014.00
24624.00 21459.00 23684.00 24896.00
24630.00 21540.00 24577.00 24510.00
24640.00 21362.00 23564.00 24779.00
24716.00 24214.00 21681.00 24251.00
24794.00 24674.00 23274.00 23674.00
24838.00 23864.00 21774.00 24194.00
24887.00 24081.00 25176.00 21753.00
24902.00 24077.00 25182.00 21812.00
24983.00 23996.00 21628.00 24277.00
24990.00 20834.00 24213.00 24353.00
25010.00 24022.00 21545.00 24277.00
25029.00 24559.00 25127.00 21694.00
25047.00 24460.00 24315.00 22148.00
25219.00 23777.00 22322.00 23940.00
25269.00 23969.00 23558.00 22927.00
25309.00 21028.00 24163.00 24441.00
25350.00 23895.00 23666.00 23035.00
25369.00 23341.00 23164.00 23710.00
25385.00 23597.00 23116.00 23674.00
25393.00 23880.00 23815.00 23086.00
25423.00 22996.00 24668.00 23136.00
25495.00 23556.00 22775.00 23443.00
25588.00 22112.00 24782.00 23404.00
25627.00 22766.00 25004.00 22863.00
25676.00 23449.00 22959.00 23604.00
25725.00 23637.00 23983.00 23223.00
25822.00 23477.00 24253.00 22413.00
25999.00 22013.00 23897.00 23368.00
26115.00 23387.00 24557.00 22992.00
26265.00 23231.00 24367.00 22944.00
26524.00 23085.00 24117.00 23290.00
26535.00 23048.00 24156.00 23354.00
22635.00 23071.00 24590.00 26470.00
22688.00 23149.00 24755.00 26224.00
22778.00 22794.00 24259.00 26842.00
22821.00 22926.00 24200.00 26735.00
22882.00 23015.00 24178.00 26634.00
22904.00 22726.00 24897.00 26135.00
22966.00 22327.00 24279.00 27168.00
22987.00 22371.00 24186.00 27486.00
23036.00 22398.00 24111.00 27529.00
23050.00 22906.00 24181.00 27146.00
23078.00 22844.00 26336.00 24328.00
23099.00 22955.00 24902.00 25984.00
23115.00 23197.00 26013.00 25003.00
23133.00 22591.00 25887.00 25043.00
23134.00 22703.00 24196.00 27358.00
23135.00 22994.00 26612.00 23952.00
23187.00 23460.00 25624.00 25191.00
23202.00 23469.00 26459.00 23613.00
23218.00 25331.00 23714.00 24810.00
23272.00 23110.00 24351.00 25771.00
23325.00 23842.00 25953.00 24933.00
23345.00 25003.00 25503.00 22651.00
23358.00 23760.00 23344.00 25850.00
23387.00 24348.00 22726.00 25298.00
23394.00 23110.00 27531.00 23449.00
23418.00 23087.00 27506.00 23478.00
23420.00 25957.00 23426.00 23777.00
23445.00 22923.00 26813.00 23806.00
23454.00 25271.00 23171.00 24547.00
23468.00 24246.00 23001.00 25685.00
23502.00 24503.00 23597.00 24436.00
23519.00 22813.00 27168.00 23698.00
23542.00 26959.00 23642.00 22300.00
23554.00 26832.00 23626.00 22499.00
23563.00 26687.00 23656.00 22566.00
23573.00 25726.00 23897.00 23858.00
23577.00 22980.00 27362.00 23630.00
23600.00 25053.00 22161.00 24523.00
23615.00 24508.00 22587.00 25321.00
23677.00 24139.00 25792.00 24212.00
23714.00 26073.00 23478.00 23286.00
23728.00 26500.00 23271.00 23145.00
23737.00 27220.00 23461.00 22438.00
23747.00 27129.00 23586.00 22478.00
23771.00 22095.00 26479.00 23979.00
23796.00 24027.00 23114.00 25639.00
23888.00 22847.00 26919.00 23905.00
23919.00 26261.00 23126.00 23521.00
23961.00 26435.00 23176.00 23424.00
23973.00 25190.00 22782.00 24103.00
24002.00 23820.00 26271.00 22853.00
24036.00 25410.00 22326.00 24336.00
24072.00 25025.00 22864.00 24429.00
24083.00 26589.00 23697.00 22377.00
24105.00 23303.00 26711.00 23266.00
24111.00 25462.00 22433.00 24224.00
24131.00 25829.00 24546.00 22782.00
24167.00 21524.00 25470.00 24611.00
24175.00 21980.00 25559.00 24234.00
24180.00 22008.00 25532.00 24181.00
24195.00 21745.00 24395.00 24702.00
24219.00 22649.00 26248.00 23334.00
24226.00 21718.00 24357.00 24735.00
24280.00 21338.00 25392.00 24631.00
24319.00 21397.00 25400.00 24563.00
24338.00 24287.00 23459.00 23681.00
24368.00 22169.00 24879.00 24237.00
24433.00 23325.00 23784.00 24587.00
24517.00 25815.00 24076.00 22631.00
24520.00 21903.00 24626.00 24603.00
24531.00 24614.00 22506.00 23347.00
24604.00 22534.00 25741.00 23250.00
24663.00 25559.00 24327.00 22432.00
24771.00 24747.00 24518.00 22057.00
24906.00 23669.00 25666.00 22722.00
24973.00 23377.00 24468.00 24307.00
25079.00 24548.00 24258.00 22659.00
25206.00 24812.00 23860.00 22178.00
25206.00 24880.00 23864.00 22126.00
25295.00 23538.00 24959.00 23178.00
25337.00 22238.00 25196.00 23087.00
25379.00 24674.00 23920.00 21833.00
25386.00 23200.00 24173.00 24253.00
25452.00 22251.00 25094.00 23288.00
25563.00 23321.00 25240.00 22979.00
25637.00 24655.00 24399.00 22199.00
25694.00 24417.00 24376.00 22184.00
25801.00 22891.00 25620.00 22919.00
25819.00 22469.00 24960.00 22955.00
25918.00 22931.00 25412.00 22896.00
25946.00 23544.00 24848.00 22392.00
26069.00 24061.00 24222.00 21869.00
26214.00 23977.00 24505.00 22008.00
26238.00 23996.00 24544.00 22004.00
26406.00 23654.00 24409.00 22330.00
26597.00 23345.00 24664.00 22438.00
26712.00 23495.00 24570.00 22469.00
26852.00 23281.00 24820.00 22462.00
26932.00 23244.00 24698.00 22464.00
22070.00 23920.00 25929.00 24622.00
22079.00 23925.00 25902.00 24686.00
22205.00 23893.00 26015.00 24774.00
22368.00 23344.00 24899.00 25460.00
22396.00 24582.00 25066.00 24015.00
22550.00 23866.00 25475.00 24932.00
22715.00 23645.00 26917.00 24281.00
22817.00 24112.00 26049.00 24177.00
22843.00 23906.00 26178.00 23872.00
22936.00 23783.00 24425.00 24990.00
22946.00 22558.00 25677.00 24539.00
23017.00 23184.00 25302.00 25333.00
23049.00 23402.00 27407.00 23847.00
23050.00 24403.00 26583.00 23410.00
23140.00 25588.00 25716.00 23833.00
23191.00 23726.00 27600.00 23598.00
23202.00 25501.00 25681.00 23887.00
23232.00 22394.00 24204.00 26044.00
23268.00 22381.00 24190.00 26041.00
23270.00 22343.00 24235.00 26107.00
23274.00 22978.00 23973.00 26747.00
23311.00 26006.00 25006.00 23716.00
23318.00 25286.00 25772.00 23696.00
23347.00 23560.00 27840.00 23685.00
23362.00 22882.00 23760.00 26939.00
23369.00 25316.00 26096.00 23567.00
23415.00 23646.00 27239.00 24097.00
23446.00 22815.00 23824.00 27100.00
23450.00 22995.00 23660.00 26864.00
23452.00 22891.00 25553.00 25247.00
23497.00 25674.00 25703.00 23663.00
23532.00 24054.00 27161.00 23401.00
23540.00 26409.00 24663.00 23210.00
23543.00 26382.00 24856.00 22840.00
23546.00 22550.00 24078.00 26394.00
23550.00 23122.00 23639.00 26693.00
23558.00 23996.00 27099.00 23364.00
23573.00 26645.00 24774.00 23173.00
23581.00 23780.00 27047.00 23975.00
23618.00 24494.00 26204.00 22501.00
23664.00 25113.00 24060.00 24202.00
23706.00 24454.00 26472.00 23598.00
23728.00 26205.00 25056.00 22683.00
23736.00 22187.00 24457.00 26248.00
23795.00 21983.00 24385.00 25838.00
23873.00 21914.00 24665.00 25713.00
23927.00 25385.00 25472.00 23131.00
23972.00 25996.00 25218.00 23348.00
24022.00 22043.00 24583.00 25742.00
24023.00 22700.00 23888.00 26572.00
24064.00 22096.00 24164.00 25883.00
24099.00 22882.00 23079.00 26171.00
24105.00 24465.00 26712.00 22908.00
24123.00 23289.00 25488.00 24704.00
24206.00 22675.00 23735.00 26407.00
24222.00 25736.00 24783.00 22668.00
24283.00 23710.00 25346.00 23058.00
24354.00 25703.00 24917.00 22784.00
24407.00 23908.00 23119.00 24492.00
24433.00 23939.00 26631.00 22490.00
24435.00 23308.00 22798.00 25585.00
24459.00 23140.00 24803.00 25276.00
24490.00 24148.00 23015.00 24329.00
24566.00 23227.00 22873.00 25355.00
24628.00 24007.00 26392.00 22403.00
24658.00 24383.00 26280.00 22973.00
24720.00 24868.00 25183.00 21534.00
24754.00 23693.00 26015.00 22564.00
24779.00 24716.00 25371.00 21686.00
24816.00 23492.00 23381.00 24875.00
24821.00 24621.00 25068.00 22016.00
24871.00 23511.00 23320.00 24802.00
24905.00 24937.00 25168.00 21384.00
24917.00 24808.00 25304.00 21749.00
24988.00 24993.00 25164.00 21470.00
25024.00 24286.00 25010.00 21944.00
25052.00 24723.00 25000.00 21763.00
25062.00 24739.00 24633.00 22303.00
25105.00 22706.00 23816.00 25087.00
25192.00 25194.00 23888.00 23089.00
25280.00 23161.00 22725.00 24971.00
25367.00 22639.00 24084.00 25522.00
25394.00 24383.00 24842.00 22321.00
25429.00 24168.00 24957.00 22123.00
25463.00 23804.00 24891.00 21884.00
25526.00 23915.00 24289.00 23825.00
25568.00 22909.00 23841.00 25084.00
25671.00 23430.00 23932.00 24864.00
25710.00 23588.00 24617.00 23339.00
25735.00 23420.00 24007.00 24961.00
25997.00 23721.00 24744.00 22704.00
26029.00 23802.00 24741.00 22756.00
26191.00 23707.00 24113.00 23270.00
26291.00 23942.00 24551.00 22931.00
26391.00 23749.00 24017.00 23151.00
26624.00 23662.00 23939.00 23512.00
26664.00 23608.00 23901.00 23541.00
26835.00 23555.00 23940.00 23587.00
26960.00 23503.00 24026.00 23570.00
21718.00 24203.00 25849.00 24570.00
21763.00 24159.00 25836.00 24580.00
21855.00 24256.00 25893.00 24557.00
21929.00 24084.00 26342.00 24632.00
22122.00 23590.00 25748.00 24754.00
22224.00 24136.00 26167.00 24306.00
22239.00 24100.00 26166.00 24342.00
22375.00 23143.00 26011.00 25810.00
22454.00 23296.00 26516.00 24615.00
22497.00 24364.00 25340.00 24357.00
22511.00 24034.00 24877.00 24413.00
22594.00 24581.00 25677.00 24093.00
22665.00 23816.00 26671.00 24467.00
22861.00 24479.00 25934.00 23769.00
23016.00 22252.00 24831.00 26970.00
23035.00 24389.00 26243.00 23900.00
23073.00 22848.00 26459.00 25274.00
23099.00 23493.00 27303.00 23877.00
23139.00 22781.00 27261.00 24678.00
23153.00 22837.00 27165.00 24747.00
23167.00 23335.00 27614.00 23923.00
23178.00 22041.00 24496.00 27278.00
23180.00 23327.00 27393.00 24057.00
23186.00 22963.00 26931.00 24432.00
23227.00 22580.00 24593.00 26758.00
23253.00 23382.00 27511.00 24001.00
23285.00 23282.00 27436.00 24033.00
23377.00 21784.00 25154.00 26654.00
23379.00 22469.00 24153.00 27180.00
23391.00 22438.00 24266.00 26976.00
23433.00 21705.00 25036.00 26646.00
23469.00 22352.00 24979.00 26330.00
23491.00 22122.00 24235.00 27440.00
23511.00 22093.00 24238.00 27493.00
23532.00 24448.00 26051.00 23312.00
23579.00 23183.00 26995.00 24260.00
23594.00 23132.00 27020.00 24218.00
23615.00 23264.00 23682.00 25406.00
23628.00 23240.00 23697.00 25414.00
23647.00 23071.00 25611.00 24909.00
23655.00 22385.00 24252.00 27294.00
23670.00 22012.00 25358.00 26133.00
23712.00 23023.00 24524.00 26248.00
23722.00 22640.00 23353.00 26511.00
23739.00 21882.00 25204.00 26518.00
23751.00 22528.00 23974.00 25793.00
23778.00 21982.00 25304.00 26497.00
23782.00 26319.00 24353.00 22938.00
23799.00 21599.00 25691.00 25648.00
23808.00 21845.00 24199.00 25908.00
23825.00 22372.00 24132.00 26826.00
23853.00 21630.00 25811.00 25572.00
23896.00 26137.00 24514.00 22984.00
23932.00 26075.00 24619.00 23008.00
23948.00 22470.00 23550.00 26338.00
23949.00 21942.00 23979.00 26429.00
24030.00 25612.00 25235.00 22060.00
24042.00 25633.00 25201.00 22022.00
24054.00 25462.00 25363.00 22156.00
24055.00 23633.00 22777.00 24727.00
24094.00 25097.00 24336.00 23125.00
24116.00 25765.00 24665.00 22478.00
24181.00 23200.00 22505.00 25455.00
24181.00 24703.00 23284.00 23904.00
24186.00 21476.00 24535.00 26318.00
24188.00 22946.00 23893.00 26031.00
24239.00 22851.00 23502.00 26086.00
24289.00 25549.00 24766.00 22236.00
24291.00 23576.00 22436.00 25205.00
24311.00 25490.00 24715.00 22417.00
24329.00 22984.00 23149.00 25634.00
24390.00 22978.00 23200.00 25663.00
24396.00 23565.00 23050.00 25287.00
24430.00 23023.00 25532.00 24784.00
24432.00 21453.00 25089.00 25468.00
24496.00 21256.00 25078.00 25618.00
24496.00 21327.00 25117.00 25615.00
24516.00 23543.00 22662.00 25126.00
24583.00 25331.00 24756.00 22700.00
24706.00 25262.00 24288.00 22664.00
24761.00 23336.00 22959.00 25081.00
24895.00 25022.00 24809.00 22906.00
25009.00 23994.00 24345.00 24188.00
25076.00 23594.00 24034.00 23811.00
25078.00 24556.00 25446.00 23187.00
25207.00 24816.00 24536.00 23559.00
25264.00 24760.00 24545.00 23472.00
25272.00 24165.00 24297.00 23737.00
25389.00 23491.00 25496.00 23420.00
25471.00 24025.00 24426.00 23520.00
25495.00 23683.00 23233.00 24097.00
25541.00 23400.00 24927.00 23647.00
25772.00 24061.00 24348.00 23369.00
25852.00 23926.00 24667.00 23611.00
26005.00 24003.00 24914.00 23213.00
26071.00 23587.00 24850.00 23065.00
26361.00 23826.00 24451.00 23375.00
26372.00 23953.00 24264.00 23300.00
26503.00 23710.00 24434.00 23321.00
26567.00 23790.00 24396.00 23388.00
21642.00 24935.00 25580.00 24943.00
21710.00 24942.00 25524.00 24979.00
21759.00 24943.00 25747.00 24605.00
21863.00 24974.00 25701.00 24756.00
21869.00 25133.00 25675.00 24844.00
22006.00 24874.00 25420.00 25004.00
22016.00 24509.00 25314.00 25231.00
22221.00 24281.00 25454.00 25376.00
22255.00 24202.00 25381.00 25100.00
22297.00 24655.00 25636.00 24375.00
22338.00 24634.00 25594.00 24312.00
22389.00 25624.00 24996.00 23861.00
22451.00 24189.00 26150.00 24474.00
22457.00 24123.00 26079.00 24512.00
22497.00 26186.00 24252.00 23728.00
22579.00 25274.00 25244.00 24277.00
22634.00 26016.00 24393.00 23759.00
22712.00 23690.00 26185.00 24527.00
22754.00 24389.00 25828.00 23761.00
22816.00 23905.00 26811.00 23417.00
22854.00 26375.00 24408.00 23452.00
22868.00 26522.00 24216.00 23498.00
22918.00 24037.00 24992.00 24901.00
23093.00 23631.00 26747.00 23142.00
23210.00 24117.00 26596.00 23409.00
23258.00 25784.00 24127.00 23597.00
23317.00 24444.00 25759.00 23937.00
23343.00 23092.00 27706.00 22984.00
23384.00 23757.00 24977.00 24682.00
23502.00 23390.00 26446.00 23216.00
23520.00 23353.00 26455.00 23205.00
23538.00 22222.00 24388.00 26011.00
23568.00 22194.00 24466.00 25978.00
23597.00 25513.00 24142.00 23093.00
23655.00 24042.00 24878.00 24048.00
23678.00 22857.00 27446.00 22986.00
23688.00 23925.00 24006.00 23950.00
23787.00 22089.00 24483.00 26286.00
23796.00 22127.00 24422.00 26203.00
23818.00 22970.00 27499.00 22833.00
23866.00 24787.00 22815.00 23700.00
23905.00 24818.00 22879.00 23659.00
24002.00 22451.00 24596.00 25898.00
24027.00 22216.00 24036.00 25666.00
24042.00 22930.00 26960.00 22882.00
24053.00 24711.00 22669.00 23713.00
24129.00 24491.00 23178.00 24084.00
24172.00 22774.00 27142.00 22709.00
24213.00 22341.00 26700.00 22674.00
24275.00 22678.00 27019.00 22567.00
24286.00 22739.00 27016.00 22567.00
24462.00 21231.00 24947.00 23979.00
24509.00 23998.00 25481.00 21528.00
24530.00 21233.00 24964.00 23973.00
24600.00 23978.00 25502.00 21627.00
24618.00 23327.00 26433.00 22121.00
24636.00 22402.00 23856.00 25520.00
24743.00 20719.00 24761.00 23998.00
24768.00 22864.00 23230.00 24553.00
24791.00 23081.00 26104.00 21810.00
24801.00 20645.00 24684.00 23957.00
24853.00 21702.00 24078.00 24852.00
24933.00 22448.00 23349.00 23777.00
24936.00 24159.00 23559.00 22944.00
24993.00 23613.00 23308.00 23487.00
25013.00 20950.00 24685.00 23882.00
25147.00 21009.00 24488.00 24123.00
25255.00 23550.00 24407.00 22367.00
25361.00 22814.00 25885.00 22229.00
25374.00 22959.00 23789.00 22781.00
25446.00 22778.00 25987.00 22305.00
25532.00 21064.00 24278.00 23690.00
25560.00 20571.00 24359.00 23598.00
25593.00 21112.00 24307.00 23659.00
25685.00 23652.00 25124.00 21346.00
25710.00 22543.00 25247.00 21940.00
25726.00 23215.00 24782.00 21737.00
25727.00 23596.00 25096.00 21080.00
25762.00 23537.00 25112.00 21134.00
25830.00 23567.00 25079.00 21232.00
25831.00 23594.00 25059.00 21295.00
25920.00 23208.00 24889.00 21379.00
25953.00 23136.00 24884.00 21368.00
26053.00 22681.00 23078.00 23217.00
26112.00 23182.00 24617.00 21249.00
26151.00 21520.00 24301.00 23052.00
26236.00 21532.00 24378.00 23049.00
26272.00 23255.00 24494.00 21583.00
26416.00 22838.00 24785.00 21483.00
26577.00 21656.00 24254.00 22933.00
26717.00 22596.00 24126.00 21975.00
26730.00 22624.00 24098.00 21997.00
26852.00 22458.00 24426.00 22511.00
26997.00 22406.00 24445.00 22491.00
27040.00 22384.00 24514.00 22445.00
27145.00 21981.00 23726.00 21926.00
27323.00 21851.00 24087.00 22043.00
27465.00 21916.00 23899.00 22166.00
27557.00 21785.00 23993.00 22016.00
27558.00 21780.00 23959.00 22096.00
21667.00 23862.00 24596.00 24530.00
21721.00 23888.00 24480.00 24591.00
21854.00 23627.00 24675.00 24579.00
22006.00 23926.00 23971.00 24675.00
22120.00 23083.00 24254.00 25013.00
22316.00 23305.00 24531.00 24758.00
22390.00 24422.00 24448.00 24463.00
22505.00 22889.00 26167.00 24030.00
22562.00 25790.00 24193.00 23746.00
22596.00 26960.00 23539.00 23024.00
22618.00 26787.00 23388.00 22830.00
22651.00 25656.00 24399.00 23649.00
22681.00 23774.00 23469.00 25714.00
22698.00 23396.00 26311.00 24002.00
22723.00 26242.00 23625.00 23297.00
22753.00 23510.00 26371.00 23838.00
22773.00 26723.00 23750.00 23269.00
22795.00 22688.00 24024.00 26413.00
22798.00 26450.00 23876.00 23109.00
22845.00 25241.00 23365.00 24011.00
22883.00 26334.00 23587.00 23344.00
22908.00 22121.00 25690.00 24952.00
22962.00 25948.00 24010.00 23289.00
22975.00 23156.00 23224.00 26692.00
22989.00 24529.00 22397.00 24123.00
23039.00 25644.00 23202.00 23701.00
23061.00 22774.00 23542.00 26838.00
23139.00 23008.00 23286.00 27070.00
23155.00 23251.00 22753.00 25483.00
23164.00 22884.00 27208.00 23700.00
23192.00 22303.00 23714.00 26895.00
23212.00 22637.00 26560.00 23950.00
23215.00 22876.00 23227.00 27310.00
23225.00 22964.00 23299.00 27193.00
23257.00 23015.00 26747.00 23670.00
23267.00 23822.00 22585.00 25345.00
23318.00 22161.00 23917.00 26246.00
23323.00 22382.00 26849.00 24260.00
23345.00 22962.00 27058.00 23930.00
23349.00 25437.00 22991.00 23592.00
23368.00 22746.00 26954.00 23795.00
23372.00 24022.00 23148.00 25331.00
23413.00 25163.00 22869.00 23544.00
23431.00 22424.00 26777.00 24042.00
23466.00 22814.00 23217.00 26612.00
23486.00 23226.00 22480.00 25578.00
23525.00 21713.00 26001.00 24369.00
23544.00 23249.00 22444.00 25602.00
23605.00 23347.00 22245.00 25542.00
23634.00 23408.00 22183.00 25507.00
23639.00 20844.00 25526.00 24659.00
23708.00 23381.00 22205.00 25548.00
23767.00 25130.00 23621.00 23071.00
23804.00 24907.00 23390.00 23405.00
23820.00 20403.00 25206.00 25425.00
23850.00 20464.00 25283.00 25371.00
23863.00 21913.00 24197.00 26211.00
23870.00 25042.00 23379.00 23411.00
23912.00 22757.00 22854.00 26077.00
23931.00 24683.00 24842.00 21999.00
23948.00 20682.00 25535.00 25309.00
23972.00 21221.00 25188.00 25088.00
24000.00 20625.00 25147.00 25432.00
24020.00 24753.00 24524.00 22193.00
24069.00 20658.00 25645.00 25177.00
24105.00 20712.00 25354.00 25168.00
24144.00 24673.00 24792.00 21935.00
24161.00 20969.00 25278.00 24911.00
24184.00 24809.00 25065.00 21789.00
24242.00 22869.00 22941.00 25937.00
24312.00 21181.00 25086.00 25255.00
24375.00 22584.00 25492.00 23304.00
24441.00 20953.00 24889.00 24678.00
24469.00 23941.00 25212.00 22748.00
24532.00 20748.00 24868.00 24859.00
24567.00 24250.00 25434.00 22529.00
24627.00 24309.00 24516.00 21587.00
24652.00 24275.00 24547.00 21658.00
24706.00 23662.00 23040.00 23663.00
24784.00 21795.00 25769.00 24339.00
24790.00 21461.00 25367.00 24299.00
24864.00 21648.00 24542.00 25424.00
24934.00 22121.00 23919.00 25254.00
25010.00 24091.00 24647.00 22278.00
25163.00 21566.00 24600.00 24803.00
25164.00 21331.00 24375.00 24739.00
25268.00 24386.00 24108.00 22686.00
25384.00 23967.00 24633.00 22434.00
25436.00 23656.00 24727.00 22377.00
25447.00 22060.00 24569.00 23741.00
25547.00 23460.00 24592.00 22503.00
25617.00 22933.00 24937.00 23443.00
25898.00 22332.00 24568.00 23489.00
25914.00 23171.00 24746.00 22706.00
26061.00 22436.00 24421.00 23556.00
26314.00 22949.00 23952.00 23340.00
26420.00 22848.00 23872.00 23281.00
26567.00 23136.00 24295.00 22952.00
26573.00 23113.00 24280.00 22910.00
26746.00 23058.00 24069.00 23042.00
22468.00 22969.00 25624.00 26613.00
22478.00 23000.00 25558.00 26607.00
22554.00 23008.00 25567.00 26556.00
22571.00 22938.00 25428.00 26518.00
22590.00 24178.00 26271.00 24816.00
22729.00 23648.00 25488.00 25956.00
22809.00 22592.00 25048.00 26969.00
22810.00 22622.00 24981.00 27010.00
22900.00 24133.00 26028.00 25560.00
23010.00 22671.00 25517.00 26143.00
23098.00 23301.00 26269.00 25305.00
23103.00 23072.00 26184.00 25490.00
23161.00 23129.00 26176.00 25494.00
23192.00 24426.00 26579.00 24410.00
23236.00 24221.00 26786.00 24002.00
23262.00 24361.00 26703.00 24126.00
23263.00 24026.00 26543.00 24233.00
23390.00 23620.00 27515.00 23978.00
23417.00 22788.00 24704.00 27435.00
23442.00 22789.00 24630.00 27262.00
23447.00 25441.00 25407.00 24029.00
23451.00 23572.00 27296.00 23711.00
23459.00 23570.00 27371.00 23975.00
23486.00 23304.00 24771.00 26896.00
23493.00 23673.00 27199.00 23835.00
23494.00 23096.00 24826.00 27185.00
23619.00 23978.00 25832.00 25318.00
23657.00 22429.00 24736.00 26731.00
23670.00 22293.00 25620.00 25909.00
23768.00 22534.00 24784.00 26709.00
23769.00 23514.00 25815.00 25718.00
23771.00 25188.00 25002.00 23353.00
23817.00 23135.00 24717.00 26081.00
23881.00 23794.00 26497.00 24758.00
23936.00 23461.00 25918.00 25656.00
23951.00 22102.00 25584.00 25739.00
23958.00 22173.00 25681.00 25616.00
23968.00 26279.00 24506.00 23136.00
23984.00 26329.00 24467.00 23177.00
24035.00 26172.00 24603.00 23077.00
24045.00 23034.00 25117.00 25672.00
24083.00 22230.00 24693.00 25983.00
24122.00 24493.00 25962.00 23323.00
24132.00 25704.00 24859.00 23070.00
24152.00 22472.00 24482.00 26271.00
24169.00 25915.00 24525.00 23240.00
24177.00 22032.00 25261.00 25959.00
24187.00 22655.00 25671.00 25226.00
24195.00 23312.00 23979.00 26292.00
24208.00 24044.00 26920.00 23553.00
24219.00 23305.00 24099.00 26388.00
24267.00 25780.00 24674.00 23089.00
24270.00 22927.00 25967.00 24323.00
24296.00 25855.00 24641.00 23031.00
24304.00 24898.00 25655.00 22643.00
24324.00 25264.00 23659.00 23640.00
24336.00 24661.00 25707.00 22551.00
24377.00 24908.00 25646.00 22695.00
24395.00 24510.00 26140.00 22815.00
24414.00 25240.00 23724.00 23756.00
24496.00 23494.00 26090.00 23339.00
24526.00 25499.00 25310.00 22816.00
24537.00 24783.00 25521.00 22551.00
24596.00 25060.00 25380.00 22425.00
24704.00 23057.00 24753.00 24391.00
24741.00 24825.00 25429.00 22357.00
24759.00 24991.00 23755.00 23505.00
24767.00 25471.00 25153.00 22856.00
24779.00 24652.00 25599.00 22130.00
24822.00 24765.00 25426.00 22328.00
24845.00 21647.00 25067.00 25138.00
24864.00 25599.00 24894.00 22952.00
24877.00 24646.00 25278.00 22357.00
24985.00 23721.00 23789.00 24877.00
25077.00 25251.00 24938.00 22966.00
25190.00 24126.00 24770.00 22008.00
25238.00 21836.00 24839.00 24908.00
25250.00 22680.00 25231.00 24209.00
25345.00 22822.00 24600.00 23678.00
25418.00 22772.00 23955.00 25077.00
25507.00 24360.00 23265.00 24273.00
25510.00 24430.00 22869.00 24051.00
25541.00 23152.00 24243.00 24781.00
25629.00 23657.00 24056.00 24557.00
25645.00 24323.00 23191.00 24009.00
25717.00 24398.00 23094.00 24098.00
25790.00 24131.00 23281.00 23772.00
25872.00 24265.00 24384.00 23432.00
25950.00 24553.00 24391.00 23361.00
25960.00 24387.00 24363.00 23457.00
26063.00 22875.00 23925.00 24577.00
26101.00 23013.00 23591.00 24600.00
26194.00 22963.00 23619.00 24527.00
26424.00 23684.00 24178.00 23620.00
26452.00 24073.00 23522.00 23878.00
26500.00 23992.00 23442.00 23940.00
26571.00 23478.00 23451.00 23741.00
26732.00 22873.00 24160.00 23721.00
26832.00 23227.00 23832.00 23594.00
27134.00 23232.00 23768.00 23559.00
21549.00 24562.00 26223.00 25136.00
21653.00 24589.00 26190.00 25192.00
21747.00 24507.00 26341.00 25306.00
21819.00 24258.00 26451.00 25379.00
21903.00 23909.00 26426.00 25343.00
21981.00 23953.00 25703.00 25651.00
22105.00 24897.00 25081.00 24758.00
22135.00 24798.00 25824.00 25039.00
22250.00 24462.00 26211.00 24804.00
22362.00 24471.00 26092.00 25257.00
22396.00 24284.00 25906.00 24982.00
22489.00 24366.00 25580.00 25737.00
22495.00 22542.00 25490.00 25880.00
22539.00 23989.00 26005.00 25598.00
22653.00 23737.00 27194.00 24724.00
22692.00 25027.00 25174.00 24671.00
22731.00 23706.00 27086.00 24666.00
22760.00 23876.00 26815.00 25426.00
22787.00 23878.00 26827.00 25358.00
22871.00 24031.00 26721.00 24591.00
22888.00 24089.00 26692.00 24654.00
22955.00 22541.00 25468.00 25797.00
22967.00 22874.00 25007.00 26259.00
22969.00 25466.00 24548.00 24326.00
22985.00 22321.00 24764.00 26370.00
23046.00 23084.00 26133.00 25293.00
23067.00 22372.00 24717.00 26426.00
23096.00 22794.00 25894.00 24909.00
23103.00 23823.00 26922.00 24837.00
23126.00 23556.00 27010.00 24405.00
23196.00 22158.00 25447.00 25480.00
23244.00 25762.00 24547.00 24470.00
23309.00 23583.00 27412.00 24183.00
23324.00 22238.00 25147.00 26241.00
23447.00 23485.00 27539.00 24138.00
23519.00 25962.00 24724.00 23660.00
23579.00 23919.00 26360.00 24519.00
23594.00 22454.00 24469.00 26764.00
23597.00 23839.00 26532.00 23877.00
23670.00 22485.00 24366.00 26860.00
23699.00 22746.00 24021.00 26925.00
23709.00 22703.00 24053.00 27131.00
23712.00 22902.00 25096.00 25583.00
23722.00 25731.00 24693.00 23634.00
23744.00 22714.00 24018.00 26912.00
23761.00 22685.00 24047.00 27092.00
23770.00 23165.00 23727.00 26324.00
23865.00 23202.00 23766.00 26311.00
23888.00 26589.00 24108.00 23322.00
23889.00 22960.00 24065.00 26630.00
23926.00 26503.00 23935.00 23569.00
23966.00 26729.00 23870.00 23530.00
23976.00 26685.00 23879.00 23532.00
24028.00 21886.00 24402.00 25968.00
24055.00 24565.00 25405.00 22573.00
24065.00 26183.00 23546.00 23613.00
24133.00 26092.00 24116.00 23136.00
24151.00 25869.00 24458.00 23211.00
24152.00 21742.00 24485.00 25056.00
24212.00 25606.00 23281.00 24034.00
24234.00 22007.00 25048.00 24833.00
24258.00 21951.00 24919.00 24911.00
24269.00 25320.00 23040.00 24150.00
24347.00 24819.00 23400.00 24228.00
24425.00 25518.00 23820.00 24123.00
24473.00 24842.00 25272.00 22070.00
24561.00 25045.00 24726.00 23397.00
24587.00 22575.00 24387.00 25126.00
24648.00 24334.00 25697.00 21575.00
24686.00 24811.00 24943.00 21833.00
24699.00 25138.00 24796.00 22710.00
24735.00 25151.00 24743.00 22680.00
24742.00 24879.00 24864.00 22010.00
24758.00 25076.00 24663.00 22680.00
24775.00 24881.00 24847.00 21925.00
24780.00 24671.00 24930.00 22282.00
24824.00 24654.00 24894.00 22384.00
24915.00 24612.00 25507.00 21696.00
24935.00 24770.00 25252.00 21481.00
25023.00 24679.00 25499.00 21794.00
25027.00 23126.00 23430.00 25651.00
25195.00 24779.00 23952.00 23005.00
25327.00 23269.00 23252.00 24939.00
25443.00 23990.00 24154.00 24004.00
25520.00 24174.00 22913.00 23921.00
25545.00 24414.00 23658.00 23370.00
25678.00 24073.00 23500.00 24275.00
25678.00 24376.00 25168.00 22779.00
25727.00 22979.00 23770.00 24283.00
25793.00 23943.00 24533.00 22899.00
26008.00 24276.00 23280.00 23628.00
26052.00 23366.00 24255.00 24037.00
26170.00 24114.00 23743.00 23761.00
26196.00 23356.00 24490.00 23564.00
26374.00 23304.00 24149.00 23860.00
26408.00 23285.00 24166.00 23886.00
26472.00 23425.00 23938.00 23971.00
26552.00 23407.00 23921.00 24059.00
26624.00 23383.00 23933.00 23886.00
26760.00 23397.00 23895.00 24036.00
22368.00 23022.00 25892.00 26094.00
22381.00 22947.00 26112.00 25666.00
22546.00 22658.00 26110.00 25796.00
22684.00 23331.00 25739.00 26069.00
22863.00 22817.00 25555.00 26574.00
22880.00 23288.00 25719.00 25523.00
22982.00 22713.00 25598.00 26369.00
23042.00 23040.00 25617.00 25952.00
23094.00 23088.00 24960.00 26887.00
23135.00 23125.00 24944.00 26834.00
23200.00 24260.00 25097.00 25566.00
23224.00 23486.00 24899.00 27145.00
23236.00 23491.00 24868.00 27166.00
23249.00 23397.00 26202.00 25079.00
23280.00 23574.00 25986.00 24938.00
23300.00 23552.00 24779.00 27386.00
23301.00 23511.00 24818.00 27343.00
23305.00 23015.00 26340.00 25552.00
23313.00 24122.00 25673.00 24675.00
23356.00 24171.00 25746.00 24641.00
23430.00 25297.00 24923.00 23813.00
23441.00 23201.00 26673.00 25284.00
23445.00 23171.00 27109.00 24750.00
23462.00 22988.00 26994.00 24592.00
23566.00 23661.00 25301.00 26763.00
23598.00 24791.00 24698.00 25396.00
23673.00 22915.00 26911.00 24995.00
23686.00 22837.00 26871.00 24978.00
23704.00 23771.00 24353.00 26590.00
23733.00 23631.00 24363.00 26309.00
23743.00 21887.00 25273.00 26230.00
23753.00 22119.00 25295.00 26013.00
23830.00 23571.00 27579.00 24427.00
23900.00 23352.00 27692.00 24370.00
23918.00 23704.00 27959.00 24050.00
23938.00 23756.00 27783.00 23998.00
23958.00 21807.00 26011.00 25147.00
23985.00 23075.00 27315.00 24214.00
24054.00 23732.00 27495.00 24073.00
24099.00 23798.00 27469.00 24058.00
24175.00 25262.00 25211.00 23560.00
24210.00 21298.00 25272.00 25546.00
24259.00 26433.00 24652.00 23341.00
24273.00 22448.00 27069.00 23926.00
24273.00 26438.00 24685.00 23305.00
24312.00 26680.00 24525.00 23240.00
24350.00 22436.00 27036.00 23985.00
24406.00 21308.00 25375.00 25418.00
24430.00 22289.00 26778.00 24469.00
24469.00 21593.00 26478.00 24474.00
24491.00 21565.00 26519.00 24542.00
24502.00 23220.00 26672.00 23816.00
24513.00 26280.00 24585.00 23573.00
24534.00 26149.00 24404.00 23583.00
24543.00 26013.00 24426.00 23895.00
24597.00 26099.00 24514.00 23359.00
24622.00 21071.00 25434.00 25445.00
24638.00 21067.00 25473.00 25481.00
24707.00 21174.00 25022.00 25190.00
24765.00 24726.00 25322.00 22559.00
24817.00 25025.00 25089.00 22450.00
24838.00 25867.00 24083.00 23211.00
24858.00 24638.00 25326.00 22326.00
24892.00 24290.00 25199.00 22169.00
24896.00 20883.00 25565.00 25186.00
24911.00 21976.00 25328.00 25124.00
24933.00 25651.00 23865.00 23249.00
24935.00 20944.00 25409.00 25026.00
24979.00 25568.00 23796.00 23093.00
24997.00 21477.00 25180.00 25000.00
25050.00 25510.00 23820.00 23070.00
25168.00 22798.00 23658.00 24884.00
25191.00 24172.00 23258.00 24228.00
25231.00 24031.00 23330.00 23872.00
25268.00 22119.00 24643.00 25021.00
25281.00 23972.00 23606.00 24711.00
25339.00 21985.00 24909.00 24836.00
25564.00 24789.00 23179.00 23642.00
25590.00 22879.00 23544.00 24401.00
25683.00 23751.00 23075.00 24610.00
25754.00 24326.00 22779.00 23715.00
25762.00 24403.00 22699.00 23569.00
25791.00 24999.00 24381.00 22815.00
25829.00 24376.00 22813.00 23648.00
25916.00 24116.00 23248.00 24537.00
25928.00 22194.00 24973.00 23877.00
25941.00 24043.00 22908.00 24537.00
26011.00 24012.00 23048.00 24301.00
26162.00 24483.00 24716.00 23184.00
26175.00 24559.00 23930.00 23069.00
26246.00 23313.00 23999.00 23486.00
26417.00 24310.00 24056.00 22944.00
26501.00 24222.00 23854.00 22889.00
26503.00 24263.00 23735.00 22716.00
26615.00 24250.00 23457.00 22756.00
26708.00 23825.00 24141.00 23317.00
26875.00 23905.00 24292.00 22962.00
26951.00 23661.00 24162.00 23133.00
27123.00 23895.00 24263.00 23079.00
21053.00 23786.00 25153.00 26372.00
21070.00 23802.00 25224.00 26323.00
21235.00 23739.00 25095.00 26445.00
21291.00 23715.00 25113.00 26518.00
21515.00 23976.00 25283.00 26306.00
21529.00 23994.00 25313.00 26244.00
21802.00 24512.00 25105.00 25945.00
21915.00 23852.00 25141.00 26316.00
22087.00 23534.00 25698.00 26022.00
22109.00 24041.00 24846.00 25992.00
22169.00 23370.00 25012.00 26934.00
22265.00 24299.00 25384.00 25258.00
22288.00 23544.00 26241.00 25905.00
22447.00 24707.00 24776.00 24494.00
22465.00 23604.00 24617.00 27198.00
22541.00 23381.00 24586.00 27422.00
22572.00 23742.00 25561.00 26140.00
22636.00 23528.00 24498.00 26900.00
22780.00 23637.00 26081.00 25437.00
22885.00 23631.00 26805.00 25415.00
22982.00 23620.00 24690.00 26087.00
22996.00 23471.00 25235.00 26712.00
23023.00 25379.00 24726.00 24175.00
23024.00 23461.00 26240.00 25756.00
23220.00 22948.00 27444.00 24434.00
23232.00 23849.00 26198.00 23593.00
23339.00 23894.00 26137.00 23932.00
23424.00 21056.00 24468.00 25452.00
23445.00 21737.00 23562.00 25928.00
23482.00 21840.00 23626.00 25874.00
23516.00 21723.00 23734.00 25889.00
23523.00 25636.00 24784.00 23535.00
23529.00 25587.00 24824.00 23553.00
23552.00 26137.00 24458.00 23520.00
23610.00 26199.00 24471.00 23475.00
23666.00 22786.00 26233.00 25316.00
23777.00 23064.00 27838.00 24319.00
23796.00 25850.00 24485.00 23452.00
23799.00 22794.00 26483.00 25024.00
23836.00 24342.00 25956.00 23780.00
23841.00 23092.00 27956.00 24284.00
23883.00 21376.00 23840.00 25369.00
23930.00 23989.00 25210.00 24517.00
23934.00 23110.00 27697.00 24307.00
23947.00 22555.00 26986.00 24763.00
24003.00 22561.00 26940.00 24858.00
24010.00 23156.00 27600.00 24295.00
24050.00 22445.00 26595.00 25091.00
24070.00 21159.00 24138.00 25551.00
24075.00 24679.00 25836.00 23187.00
24096.00 21165.00 24167.00 25497.00
24098.00 21268.00 23611.00 25109.00
24098.00 23433.00 27310.00 23381.00
24120.00 23509.00 27233.00 23370.00
24133.00 22683.00 26835.00 25032.00
24211.00 23489.00 27138.00 23511.00
24289.00 22288.00 24832.00 24377.00
24311.00 24926.00 25441.00 23030.00
24319.00 23414.00 22929.00 25080.00
24331.00 24957.00 25434.00 22967.00
24506.00 22399.00 23345.00 25245.00
24647.00 23931.00 22659.00 24085.00
24671.00 22379.00 23692.00 24635.00
24771.00 23803.00 22603.00 24085.00
24772.00 22897.00 25530.00 23962.00
24796.00 23819.00 22534.00 24133.00
24877.00 23759.00 22319.00 23993.00
24879.00 23786.00 22319.00 23932.00
24892.00 23667.00 22786.00 24274.00
24922.00 23482.00 24943.00 22563.00
24943.00 23987.00 24632.00 23279.00
25018.00 25117.00 24537.00 22172.00
25054.00 24512.00 25244.00 22321.00
25058.00 24071.00 25581.00 22547.00
25060.00 25155.00 24593.00 21948.00
25147.00 24709.00 25321.00 22287.00
25155.00 25143.00 24605.00 21912.00
25259.00 24219.00 22975.00 23397.00
25411.00 22100.00 24384.00 23727.00
25518.00 24736.00 25117.00 22068.00
25599.00 21995.00 23994.00 24117.00
25692.00 24429.00 25006.00 22218.00
25830.00 23122.00 23202.00 23945.00
25879.00 22259.00 23969.00 24186.00
25900.00 22943.00 24310.00 23167.00
25905.00 23268.00 23262.00 23864.00
26052.00 23343.00 24568.00 23063.00
26124.00 23270.00 23663.00 23663.00
26322.00 22963.00 23701.00 23686.00
26336.00 23591.00 24363.00 22699.00
26350.00 23599.00 24343.00 22777.00
26507.00 22947.00 23452.00 23422.00
26707.00 22923.00 24141.00 23294.00
26713.00 23010.00 23877.00 23379.00
26826.00 23118.00 23941.00 23335.00
26995.00 23161.00 24003.00 23082.00
27034.00 23130.00 24055.00 23109.00
21510.00 23369.00 24470.00 25952.00
21549.00 23391.00 24441.00 26003.00
21694.00 23207.00 24221.00 26044.00
21787.00 23352.00 24495.00 25902.00
22025.00 23274.00 25293.00 25350.00
22032.00 23319.00 25328.00 25311.00
22204.00 23669.00 24283.00 25621.00
22373.00 24088.00 23536.00 24909.00
22510.00 23414.00 24197.00 26515.00
22541.00 22677.00 25189.00 25570.00
22622.00 23077.00 24579.00 26647.00
22648.00 22933.00 24420.00 26868.00
22677.00 23055.00 24554.00 26623.00
22719.00 22815.00 24122.00 27270.00
22775.00 23179.00 26426.00 24410.00
22783.00 22872.00 24161.00 27268.00
22789.00 23227.00 26414.00 24349.00
22854.00 22790.00 24330.00 26783.00
22861.00 22731.00 24289.00 27150.00
22926.00 22611.00 24254.00 26797.00
23023.00 23088.00 24094.00 27086.00
23045.00 23139.00 23795.00 26364.00
23073.00 25196.00 24657.00 24141.00
23104.00 22324.00 24786.00 26219.00
23198.00 23836.00 23111.00 25835.00
23202.00 25113.00 24864.00 24127.00
23251.00 23148.00 24198.00 26152.00
23380.00 22946.00 26803.00 24206.00
23427.00 25525.00 24365.00 23831.00
23451.00 23798.00 23803.00 25361.00
23526.00 21697.00 24687.00 25846.00
23530.00 21758.00 24695.00 25822.00
23562.00 25339.00 24595.00 23424.00
23633.00 25459.00 25172.00 22917.00
23686.00 23194.00 27476.00 23739.00
23724.00 23254.00 27417.00 23723.00
23754.00 21677.00 24806.00 25709.00
23762.00 26338.00 23731.00 23044.00
23773.00 25846.00 23366.00 23355.00
23785.00 24731.00 25797.00 22936.00
23813.00 24132.00 25935.00 24242.00
23825.00 26276.00 24196.00 22986.00
23838.00 26042.00 23523.00 23176.00
23867.00 23690.00 27040.00 23220.00
23869.00 23526.00 27277.00 23609.00
23880.00 26533.00 23877.00 22985.00
23911.00 23353.00 27914.00 23429.00
23954.00 22171.00 25256.00 25454.00
23979.00 23460.00 27655.00 23268.00
24000.00 23465.00 27612.00 23260.00
24004.00 22465.00 25333.00 25201.00
24080.00 26091.00 24002.00 23030.00
24135.00 22507.00 24979.00 25654.00
24198.00 25208.00 24787.00 23214.00
24256.00 21909.00 25404.00 25242.00
24317.00 24847.00 22722.00 24279.00
24321.00 24110.00 23127.00 24590.00
24348.00 24033.00 23015.00 24929.00
24364.00 22007.00 25452.00 25108.00
24413.00 25777.00 24126.00 22704.00
24427.00 25627.00 24160.00 22704.00
24428.00 24972.00 22842.00 24098.00
24432.00 25718.00 24116.00 22656.00
24442.00 24516.00 22543.00 24506.00
24447.00 24560.00 22439.00 24544.00
24506.00 24535.00 22431.00 24521.00
24543.00 23967.00 23717.00 24831.00
24589.00 24446.00 22632.00 24490.00
24636.00 25374.00 24377.00 22849.00
24647.00 24457.00 25630.00 22860.00
24686.00 23472.00 26965.00 23175.00
24690.00 24892.00 24511.00 22381.00
24744.00 22950.00 26599.00 23449.00
24767.00 23331.00 26178.00 23869.00
24790.00 23430.00 24556.00 24759.00
24821.00 24001.00 23392.00 24110.00
24877.00 25029.00 24383.00 22526.00
24957.00 22227.00 25140.00 24619.00
25008.00 22223.00 25084.00 24673.00
25039.00 23915.00 23488.00 24292.00
25136.00 23359.00 26277.00 23332.00
25200.00 23519.00 25851.00 23332.00
25226.00 24278.00 22957.00 24066.00
25305.00 24183.00 23286.00 24089.00
25353.00 23348.00 25942.00 23631.00
25401.00 22665.00 25043.00 24338.00
25492.00 23112.00 24101.00 24541.00
25696.00 23596.00 25108.00 23060.00
25783.00 24121.00 23941.00 23897.00
25834.00 23640.00 24884.00 23227.00
25977.00 23427.00 25434.00 23715.00
26025.00 23497.00 24919.00 23382.00
26190.00 23830.00 23656.00 23566.00
26347.00 24164.00 24321.00 23564.00
26475.00 24082.00 24034.00 23389.00
26773.00 23735.00 24518.00 23469.00
27043.00 23625.00 24546.00 23450.00
27188.00 23694.00 24435.00 23466.00
21918.00 23463.00 25071.00 26471.00
21970.00 23588.00 25110.00 26344.00
22046.00 23261.00 25033.00 26386.00
22198.00 23323.00 24982.00 26398.00
22349.00 23806.00 25655.00 25695.00
22439.00 24137.00 24891.00 25859.00
22441.00 23024.00 24808.00 26645.00
22622.00 23964.00 24806.00 25380.00
22634.00 22957.00 24832.00 26933.00
22666.00 22880.00 24821.00 26829.00
22734.00 22931.00 24463.00 26611.00
22778.00 22698.00 24670.00 26749.00
22877.00 23892.00 26007.00 25480.00
22909.00 22587.00 24901.00 26306.00
22912.00 23817.00 25787.00 25235.00
22935.00 23808.00 25840.00 25263.00
23042.00 25005.00 24812.00 24492.00
23165.00 22500.00 25123.00 26085.00
23204.00 24800.00 24844.00 25096.00
23233.00 24731.00 24833.00 25154.00
23287.00 22775.00 25170.00 25916.00
23337.00 22485.00 25443.00 25521.00
23398.00 24504.00 24580.00 24617.00
23411.00 22054.00 24486.00 26084.00
23503.00 21457.00 24988.00 24925.00
23527.00 25596.00 24647.00 24275.00
23541.00 22831.00 26377.00 24625.00
23595.00 23703.00 26031.00 24579.00
23611.00 25955.00 24736.00 23535.00
23631.00 26309.00 24650.00 23671.00
23656.00 26268.00 24686.00 23616.00
23692.00 26081.00 24673.00 23778.00
23719.00 25756.00 24762.00 23568.00
23749.00 24705.00 26073.00 23757.00
23771.00 22126.00 24942.00 25578.00
23829.00 25495.00 24426.00 23633.00
23857.00 21683.00 24398.00 25800.00
23863.00 23608.00 27237.00 23371.00
23868.00 24216.00 26180.00 23786.00
23894.00 25620.00 24568.00 23499.00
23913.00 25054.00 24537.00 24150.00
23948.00 23020.00 23579.00 25709.00
23958.00 25703.00 24303.00 24061.00
24010.00 24053.00 26985.00 23929.00
24014.00 25352.00 25383.00 23719.00
24080.00 24213.00 26260.00 24000.00
24147.00 23121.00 27383.00 23644.00
24267.00 23194.00 28069.00 23471.00
24288.00 23150.00 27998.00 23463.00
24292.00 25190.00 24248.00 23822.00
24307.00 23283.00 23214.00 25244.00
24323.00 24573.00 23893.00 24317.00
24379.00 23077.00 27821.00 23887.00
24421.00 24649.00 25692.00 23278.00
24467.00 22783.00 27425.00 23654.00
24540.00 20952.00 24734.00 24967.00
24562.00 21275.00 25553.00 24363.00
24601.00 23291.00 27660.00 23331.00
24647.00 24400.00 23456.00 24442.00
24654.00 23389.00 27543.00 23365.00
24656.00 21178.00 25517.00 24369.00
24656.00 23566.00 27159.00 23003.00
24690.00 23586.00 26717.00 22851.00
24700.00 23483.00 27140.00 23049.00
24750.00 20873.00 25044.00 25094.00
24761.00 20797.00 25016.00 24894.00
24779.00 21444.00 23793.00 24991.00
24902.00 24429.00 25281.00 23206.00
24918.00 20761.00 25085.00 25039.00
24954.00 22564.00 23659.00 24756.00
24996.00 23921.00 23373.00 24782.00
25052.00 23654.00 26548.00 22670.00
25100.00 23604.00 26633.00 22669.00
25142.00 22942.00 26826.00 23323.00
25176.00 23312.00 22943.00 24586.00
25219.00 23979.00 26435.00 22436.00
25337.00 23461.00 22729.00 24566.00
25401.00 23426.00 22786.00 24641.00
25480.00 22207.00 24441.00 24943.00
25512.00 22943.00 23528.00 24836.00
25554.00 23105.00 25557.00 22208.00
25646.00 22278.00 23714.00 24398.00
25684.00 23183.00 25539.00 22247.00
25819.00 21604.00 24655.00 24521.00
25878.00 21578.00 24657.00 24559.00
25913.00 23049.00 23318.00 24506.00
26038.00 22376.00 24759.00 23731.00
26069.00 22148.00 24261.00 24149.00
26155.00 23447.00 25168.00 22776.00
26218.00 23395.00 25227.00 22777.00
26312.00 22534.00 23996.00 22641.00
26388.00 22654.00 23973.00 22614.00
26471.00 21915.00 24375.00 24191.00
26501.00 21845.00 24283.00 24090.00
26508.00 21922.00 24244.00 24240.00
26513.00 22452.00 23613.00 23887.00
26649.00 22061.00 24374.00 23813.00
26758.00 22361.00 24089.00 23774.00
26816.00 22294.00 24043.00 23754.00
27015.00 22146.00 24134.00 23753.00
21851.00 23710.00 25467.00 26432.00
21894.00 23724.00 25436.00 26371.00
22030.00 23379.00 25396.00 26492.00
22041.00 23523.00 25381.00 26667.00
22128.00 23363.00 25493.00 26364.00
22183.00 23771.00 25316.00 26577.00
22249.00 23937.00 25307.00 26302.00
22538.00 24148.00 25079.00 25909.00
22617.00 23610.00 25315.00 26166.00
22695.00 23481.00 25734.00 26017.00
22711.00 24451.00 24312.00 25473.00
22756.00 23194.00 25172.00 26943.00
22760.00 23291.00 25096.00 27168.00
22795.00 23379.00 24905.00 27099.00
22913.00 24268.00 25269.00 25321.00
22975.00 23149.00 26201.00 25744.00
22981.00 23451.00 26146.00 25779.00
23065.00 23783.00 24775.00 26785.00
23074.00 23768.00 24768.00 26784.00
23099.00 23178.00 26489.00 25205.00
23126.00 24147.00 25469.00 24747.00
23232.00 23479.00 25957.00 25710.00
23293.00 23074.00 26433.00 25119.00
23354.00 23102.00 26264.00 25418.00
23462.00 23360.00 25777.00 25836.00
23556.00 23240.00 25002.00 26186.00
23583.00 24050.00 24220.00 26098.00
23643.00 22890.00 27077.00 24942.00
23650.00 24433.00 24803.00 25288.00
23685.00 22939.00 27124.00 24797.00
23702.00 22580.00 26231.00 24784.00
23735.00 23039.00 25724.00 25593.00
23806.00 22722.00 26978.00 24534.00
23819.00 24292.00 23981.00 25640.00
23920.00 24653.00 23805.00 25076.00
23965.00 23296.00 26751.00 23915.00
23990.00 23655.00 25850.00 23934.00
24001.00 22935.00 26568.00 24376.00
24109.00 25323.00 23278.00 24488.00
24162.00 24911.00 23726.00 25213.00
24200.00 25073.00 25055.00 22468.00
24243.00 22869.00 27612.00 24162.00
24261.00 22817.00 27687.00 23929.00
24324.00 26103.00 24132.00 23294.00
24352.00 25017.00 25067.00 22238.00
24392.00 25100.00 23484.00 24377.00
24414.00 22602.00 27328.00 24044.00
24477.00 26291.00 23921.00 23192.00
24480.00 22058.00 26379.00 24848.00
24499.00 26242.00 23991.00 23201.00
24503.00 22755.00 26377.00 24256.00
24505.00 25707.00 24258.00 22669.00
24525.00 25748.00 24210.00 23010.00
24563.00 23968.00 25599.00 23575.00
24579.00 26363.00 23854.00 23290.00
24632.00 24501.00 25721.00 22311.00
24690.00 22342.00 26924.00 23963.00
24719.00 25413.00 24983.00 22209.00
24725.00 22785.00 26609.00 23919.00
24817.00 24205.00 25726.00 22061.00
24867.00 25582.00 24105.00 23336.00
24901.00 25626.00 24021.00 22956.00
24924.00 25162.00 24771.00 22153.00
24995.00 25133.00 25228.00 21657.00
25032.00 25832.00 23912.00 23357.00
25041.00 24401.00 25676.00 21961.00
25104.00 21946.00 26062.00 24585.00
25107.00 24618.00 25591.00 22037.00
25161.00 22464.00 25751.00 24440.00
25187.00 21767.00 26065.00 24617.00
25225.00 21932.00 26083.00 24576.00
25291.00 24810.00 25357.00 21825.00
25299.00 24856.00 25349.00 21738.00
25409.00 25216.00 23435.00 24111.00
25482.00 22030.00 26015.00 24230.00
25487.00 24782.00 23912.00 22783.00
25545.00 23927.00 24866.00 23169.00
25582.00 22108.00 25927.00 24316.00
25639.00 22961.00 24690.00 24008.00
25698.00 22158.00 25638.00 24200.00
25806.00 22825.00 24608.00 24096.00
25834.00 24700.00 23621.00 23859.00
25882.00 24458.00 24265.00 23108.00
25910.00 23997.00 23879.00 23990.00
26013.00 24589.00 23987.00 22744.00
26135.00 24248.00 24282.00 23456.00
26166.00 24323.00 24307.00 23447.00
26240.00 24362.00 24266.00 23403.00
26297.00 23026.00 24424.00 23690.00
26313.00 22301.00 24903.00 23927.00
26361.00 24032.00 24975.00 22607.00
26536.00 24113.00 24597.00 23247.00
26660.00 23843.00 24842.00 22965.00
26770.00 23698.00 24631.00 23267.00
26794.00 23525.00 24388.00 23679.00
26825.00 23545.00 24718.00 23489.00
26889.00 23488.00 24591.00 23519.00
27022.00 23750.00 24363.00 23501.00
27126.00 23683.00 24420.00 23602.00
21745.00 23762.00 26857.00 24382.00
21896.00 23869.00 26336.00 24347.00
22078.00 23685.00 27002.00 24009.00
22127.00 23599.00 27046.00 24093.00
22305.00 23722.00 26802.00 24231.00
22417.00 23904.00 24314.00 25285.00
22473.00 24752.00 25870.00 23150.00
22513.00 23739.00 26266.00 24661.00
22653.00 23029.00 25965.00 24832.00
22715.00 23124.00 27226.00 23693.00
22815.00 25640.00 24706.00 22570.00
22951.00 25733.00 24424.00 22493.00
22956.00 25792.00 24689.00 22388.00
22980.00 22789.00 27824.00 23758.00
23002.00 22874.00 27791.00 23726.00
23041.00 22935.00 27041.00 24052.00
23073.00 21904.00 26322.00 24476.00
23098.00 22979.00 27711.00 23858.00
23128.00 25554.00 23157.00 23532.00
23133.00 22681.00 27443.00 23824.00
23201.00 23666.00 26457.00 21866.00
23213.00 21418.00 26616.00 23895.00
23277.00 22977.00 24242.00 26371.00
23307.00 23611.00 26402.00 21976.00
23310.00 22094.00 26680.00 23043.00
23325.00 25404.00 25347.00 22850.00
23346.00 22330.00 25536.00 25188.00
23428.00 21398.00 26537.00 24311.00
23450.00 25950.00 23936.00 22776.00
23458.00 23464.00 23812.00 25613.00
23465.00 24571.00 25805.00 21730.00
23467.00 21500.00 26529.00 24314.00
23518.00 23073.00 23976.00 26714.00
23540.00 23098.00 24034.00 26629.00
23610.00 26265.00 23859.00 23032.00
23638.00 26206.00 23874.00 22973.00
23647.00 26149.00 23853.00 23002.00
23675.00 23807.00 23573.00 25784.00
23727.00 23866.00 23591.00 25704.00
23743.00 23567.00 23735.00 25969.00
23754.00 24108.00 25746.00 21220.00
23763.00 24225.00 25776.00 21031.00
23797.00 23529.00 23753.00 26137.00
23848.00 24661.00 25701.00 23455.00
23857.00 25171.00 25207.00 23662.00
23864.00 24108.00 25791.00 20847.00
23867.00 22551.00 24633.00 25437.00
23885.00 24476.00 25594.00 21533.00
23894.00 23976.00 23365.00 25903.00
23914.00 23061.00 26364.00 22199.00
23923.00 24065.00 23142.00 25681.00
23944.00 25608.00 24057.00 22612.00
23993.00 23885.00 23290.00 25850.00
24044.00 22102.00 25069.00 24285.00
24048.00 24907.00 25493.00 23471.00
24093.00 22469.00 24316.00 25032.00
24093.00 24561.00 25441.00 21626.00
24102.00 24986.00 25104.00 22329.00
24140.00 22485.00 24294.00 25057.00
24163.00 24785.00 25309.00 21260.00
24206.00 24289.00 22806.00 24723.00
24239.00 24234.00 22798.00 24752.00
24270.00 21752.00 26350.00 23439.00
24336.00 24283.00 22638.00 24898.00
24365.00 24245.00 22678.00 24892.00
24371.00 24623.00 23335.00 23952.00
24399.00 25280.00 24124.00 23333.00
24421.00 24153.00 22932.00 25180.00
24426.00 23952.00 23045.00 25310.00
24451.00 22207.00 25910.00 23628.00
24483.00 24422.00 25200.00 21016.00
24487.00 24452.00 25236.00 20951.00
24511.00 21878.00 26213.00 23882.00
24530.00 22376.00 24905.00 24621.00
24560.00 21973.00 25836.00 23571.00
24687.00 23588.00 24961.00 22312.00
24754.00 22264.00 24570.00 24534.00
24775.00 24999.00 24315.00 23469.00
24834.00 24112.00 24878.00 21342.00
24926.00 23179.00 25740.00 22121.00
25029.00 23387.00 25538.00 22417.00
25067.00 23495.00 23200.00 24432.00
25122.00 24182.00 23698.00 23492.00
25170.00 21659.00 24953.00 24001.00
25210.00 22996.00 23464.00 24176.00
25310.00 23149.00 25697.00 22898.00
25403.00 23250.00 25495.00 23076.00
25567.00 22262.00 25027.00 23903.00
25708.00 23267.00 24766.00 21904.00
25816.00 23142.00 24018.00 23270.00
26009.00 23200.00 24252.00 22715.00
26009.00 23222.00 24227.00 22711.00
26253.00 23025.00 24784.00 23372.00
26265.00 22716.00 25236.00 23332.00
26408.00 22562.00 25106.00 23300.00
26517.00 22723.00 24662.00 23606.00
26689.00 22393.00 24817.00 22975.00
26736.00 22418.00 24793.00 22982.00
26893.00 22658.00 24532.00 23223.00
27026.00 22599.00 24514.00 23259.00
21888.00 23557.00 24221.00 25967.00
21952.00 23544.00 24240.00 26031.00
22173.00 23557.00 24385.00 25951.00
22330.00 23492.00 24032.00 26173.00
22347.00 23415.00 23980.00 26175.00
22428.00 23774.00 24133.00 26124.00
22503.00 24938.00 24939.00 24607.00
22569.00 23110.00 24380.00 26628.00
22634.00 25065.00 24980.00 24321.00
22690.00 23825.00 23546.00 25885.00
22712.00 23356.00 24958.00 25546.00
22814.00 24687.00 24283.00 24964.00
22848.00 23212.00 24318.00 26748.00
22935.00 24483.00 24265.00 25078.00
22959.00 22681.00 25380.00 25551.00
22974.00 23064.00 24402.00 26514.00
23027.00 23051.00 24314.00 27026.00
23055.00 23616.00 26712.00 23993.00
23089.00 22968.00 24375.00 26862.00
23189.00 23440.00 23750.00 26375.00
23240.00 22891.00 26535.00 24734.00
23273.00 22904.00 24344.00 26594.00
23291.00 22863.00 26583.00 24730.00
23321.00 22025.00 25319.00 25432.00
23337.00 23229.00 27976.00 23661.00
23378.00 22080.00 25308.00 25359.00
23397.00 23333.00 27814.00 23622.00
23464.00 22719.00 24412.00 26386.00
23515.00 23312.00 26491.00 23550.00
23540.00 26378.00 24841.00 23718.00
23549.00 23934.00 23317.00 25713.00
23587.00 22723.00 27282.00 23745.00
23587.00 23100.00 27632.00 23626.00
23593.00 23637.00 23511.00 25391.00
23638.00 23170.00 23951.00 26231.00
23645.00 24797.00 24618.00 24475.00
23661.00 23263.00 27461.00 23370.00
23701.00 24055.00 22837.00 25272.00
23703.00 26463.00 24679.00 23451.00
23715.00 26557.00 24646.00 23390.00
23734.00 24125.00 23172.00 25202.00
23740.00 25532.00 24175.00 24174.00
23745.00 22333.00 27098.00 24046.00
23756.00 24101.00 22955.00 25125.00
23770.00 25785.00 24267.00 24137.00
23778.00 25459.00 24211.00 24218.00
23826.00 26215.00 24503.00 23512.00
23845.00 26058.00 24700.00 23238.00
23860.00 26114.00 24516.00 23537.00
23911.00 24255.00 23736.00 24624.00
23915.00 24343.00 26525.00 23150.00
23950.00 24279.00 26104.00 23006.00
23995.00 22082.00 26414.00 23927.00
24009.00 25316.00 24091.00 23879.00
24014.00 25185.00 23594.00 24258.00
24040.00 22811.00 26908.00 23890.00
24047.00 22617.00 24116.00 25739.00
24105.00 21539.00 26017.00 24287.00
24141.00 25779.00 24636.00 23085.00
24192.00 23884.00 24935.00 23826.00
24323.00 24168.00 25118.00 23642.00
24350.00 20853.00 25709.00 24451.00
24369.00 24421.00 26076.00 23162.00
24419.00 20899.00 25689.00 24435.00
24429.00 21130.00 25458.00 24700.00
24457.00 21131.00 25506.00 24590.00
24478.00 23743.00 26277.00 22477.00
24494.00 21084.00 25465.00 24647.00
24524.00 23782.00 26190.00 22504.00
24538.00 24592.00 25559.00 22562.00
24564.00 24259.00 25186.00 22352.00
24579.00 21613.00 25677.00 24333.00
24640.00 25024.00 24664.00 22628.00
24751.00 21966.00 25959.00 24058.00
24806.00 24877.00 24557.00 22826.00
24808.00 21684.00 25665.00 23796.00
24892.00 21495.00 25231.00 24473.00
24906.00 21395.00 25292.00 24385.00
24961.00 21332.00 25309.00 24412.00
25047.00 23799.00 25818.00 22373.00
25134.00 23662.00 25846.00 22430.00
25216.00 21847.00 25255.00 24144.00
25268.00 21821.00 24984.00 23869.00
25280.00 23169.00 25049.00 22540.00
25564.00 23841.00 24992.00 22387.00
25610.00 23396.00 25047.00 22123.00
25726.00 23991.00 24769.00 22251.00
25811.00 23878.00 24897.00 21976.00
25860.00 23944.00 24780.00 21833.00
25908.00 23862.00 24858.00 21744.00
25992.00 22305.00 25153.00 23316.00
26175.00 23107.00 23865.00 23420.00
26268.00 22433.00 24615.00 23806.00
26313.00 22959.00 24800.00 22897.00
26394.00 22193.00 24586.00 23625.00
26468.00 22611.00 24510.00 22719.00
26640.00 22736.00 24461.00 23356.00
26790.00 22529.00 24485.00 23256.00
26906.00 22486.00 24573.00 23239.00
22003.00 23272.00 25761.00 26156.00
22106.00 23294.00 25778.00 26100.00
22248.00 23755.00 26113.00 25701.00
22311.00 23786.00 26148.00 25666.00
22639.00 23400.00 25685.00 26389.00
22712.00 23253.00 25837.00 25983.00
22751.00 23260.00 25809.00 26017.00
22832.00 23292.00 25458.00 26569.00
22896.00 23315.00 26407.00 25455.00
22903.00 23653.00 26497.00 24880.00
22943.00 23682.00 25356.00 26765.00
22963.00 23236.00 26950.00 24917.00
23011.00 24106.00 25511.00 25715.00
23098.00 23616.00 25093.00 27128.00
23129.00 23623.00 25047.00 27002.00
23227.00 22457.00 26183.00 24935.00
23236.00 23318.00 25270.00 26662.00
23307.00 23211.00 27566.00 24612.00
23380.00 23842.00 25976.00 25875.00
23424.00 22623.00 25643.00 26086.00
23435.00 22510.00 25920.00 25464.00
23463.00 23271.00 27324.00 24596.00
23483.00 23352.00 27310.00 24695.00
23490.00 24152.00 24905.00 26537.00
23500.00 24074.00 25149.00 25140.00
23539.00 22554.00 25306.00 25969.00
23587.00 23532.00 27642.00 24417.00
23597.00 23444.00 27476.00 24549.00
23704.00 23203.00 26701.00 24807.00
23763.00 24160.00 24859.00 25929.00
23830.00 23137.00 25583.00 25638.00
23873.00 23636.00 27960.00 24097.00
23874.00 23558.00 28067.00 24117.00
23908.00 22344.00 24814.00 25370.00
23923.00 23419.00 26807.00 24709.00
23945.00 23489.00 27812.00 24203.00
23952.00 23480.00 27782.00 24179.00
24041.00 25296.00 25542.00 24406.00
24075.00 25047.00 25616.00 24619.00
24103.00 23509.00 27169.00 24496.00
24159.00 22172.00 26139.00 25077.00
24184.00 24915.00 24966.00 25022.00
24216.00 25528.00 24090.00 24364.00
24251.00 23873.00 24066.00 25542.00
24254.00 21674.00 25257.00 25354.00
24319.00 25674.00 24662.00 23657.00
24349.00 21450.00 25290.00 25286.00
24401.00 25463.00 24252.00 24474.00
24436.00 21352.00 25321.00 25334.00
24465.00 23971.00 26033.00 22687.00
24487.00 26255.00 24400.00 24144.00
24490.00 22862.00 26110.00 24443.00
24491.00 23693.00 27110.00 23809.00
24504.00 21893.00 25733.00 24833.00
24524.00 26171.00 24368.00 24131.00
24554.00 23058.00 23571.00 25069.00
24567.00 22841.00 26153.00 24445.00
24616.00 23887.00 26555.00 23312.00
24652.00 25992.00 24297.00 23886.00
24659.00 24129.00 26023.00 22852.00
24682.00 25953.00 24287.00 23839.00
24765.00 25729.00 24586.00 23872.00
24773.00 25159.00 24500.00 23496.00
24785.00 25829.00 23925.00 23960.00
24812.00 23953.00 25248.00 23801.00
24957.00 24830.00 25333.00 23132.00
25082.00 23829.00 25312.00 23377.00
25170.00 24629.00 25142.00 22496.00
25199.00 25509.00 23821.00 23929.00
25219.00 24691.00 25045.00 22171.00
25264.00 24641.00 24548.00 22071.00
25292.00 24295.00 24090.00 23209.00
25343.00 22000.00 24668.00 24363.00
25380.00 24812.00 24997.00 22025.00
25387.00 22161.00 24769.00 24350.00
25419.00 24772.00 24936.00 21892.00
25458.00 24722.00 24931.00 21840.00
25504.00 24543.00 25180.00 22615.00
25521.00 24461.00 25085.00 22402.00
25540.00 23442.00 23773.00 24372.00
25591.00 23736.00 22950.00 24187.00
25648.00 24620.00 25045.00 22647.00
25809.00 23269.00 24751.00 24313.00
25822.00 24353.00 24122.00 22867.00
25823.00 24152.00 24579.00 22905.00
25863.00 23041.00 24808.00 24233.00
25936.00 23607.00 23430.00 24282.00
25983.00 24269.00 23976.00 23275.00
26064.00 23815.00 24208.00 24061.00
26185.00 24211.00 24336.00 23323.00
26279.00 23742.00 23675.00 23712.00
26339.00 23237.00 24054.00 24340.00
26399.00 23477.00 24217.00 23207.00
26578.00 23801.00 23260.00 23548.00
26626.00 23875.00 23236.00 23563.00
26786.00 23317.00 24450.00 23691.00
26959.00 23727.00 23608.00 23739.00
27143.00 23652.00 24158.00 23752.00
22121.00 22507.00 25790.00 25959.00
22196.00 22765.00 25575.00 25930.00
22302.00 22597.00 25325.00 26022.00
22351.00 22764.00 24458.00 26210.00
22406.00 21750.00 24805.00 26714.00
22440.00 22256.00 24521.00 26666.00
22536.00 22482.00 25725.00 26097.00
22614.00 21711.00 25454.00 26463.00
22646.00 22345.00 24943.00 26486.00
22734.00 21777.00 25536.00 26402.00
22797.00 22047.00 24042.00 27322.00
22821.00 21984.00 24228.00 27400.00
22843.00 22036.00 24145.00 27426.00
22858.00 22064.00 24028.00 27308.00
22902.00 22173.00 24046.00 27266.00
22902.00 22197.00 24012.00 27228.00
22909.00 21967.00 24236.00 27478.00
22944.00 22391.00 24181.00 26876.00
22958.00 21805.00 24363.00 27179.00
23010.00 22388.00 24165.00 26895.00
23046.00 22317.00 25196.00 26227.00
23115.00 22773.00 23960.00 26611.00
23126.00 22365.00 23426.00 26815.00
23209.00 21643.00 24900.00 26275.00
23224.00 22971.00 23891.00 26470.00
23361.00 23172.00 24575.00 25738.00
23406.00 22867.00 24417.00 25793.00
23431.00 21632.00 24314.00 26783.00
23458.00 23280.00 23103.00 25861.00
23470.00 23050.00 26125.00 24931.00
23476.00 23293.00 27070.00 24863.00
23535.00 22595.00 26701.00 25377.00
23569.00 23580.00 25702.00 25090.00
23570.00 22543.00 26708.00 25360.00
23603.00 25099.00 23833.00 23907.00
23619.00 23261.00 27283.00 24766.00
23640.00 23277.00 27222.00 24721.00
23661.00 23230.00 22965.00 26307.00
23704.00 25246.00 25221.00 23634.00
23737.00 22734.00 24922.00 25689.00
23742.00 23520.00 26919.00 24347.00
23784.00 23431.00 23716.00 25601.00
23787.00 23743.00 25951.00 24983.00
23818.00 22884.00 26515.00 25250.00
23821.00 23309.00 26789.00 24655.00
23831.00 22943.00 26455.00 25246.00
23834.00 23871.00 22569.00 25526.00
23861.00 22837.00 26712.00 25228.00
23894.00 23404.00 22860.00 25996.00
23924.00 23830.00 26524.00 24302.00
23999.00 23922.00 22443.00 25657.00
24002.00 26234.00 24290.00 23007.00
24016.00 23948.00 22452.00 25633.00
24034.00 26250.00 24276.00 23074.00
24055.00 26023.00 24368.00 23124.00
24077.00 23332.00 25759.00 24579.00
24181.00 25636.00 24848.00 23747.00
24271.00 24834.00 23792.00 24285.00
24344.00 24523.00 22913.00 24721.00
24379.00 23490.00 23675.00 25216.00
24403.00 25026.00 23818.00 23796.00
24424.00 24048.00 26261.00 24000.00
24427.00 24614.00 24978.00 24059.00
24429.00 23874.00 26329.00 24471.00
24557.00 25613.00 25071.00 21566.00
24590.00 25711.00 24989.00 22637.00
24600.00 25579.00 25132.00 21548.00
24612.00 24887.00 25670.00 22477.00
24617.00 23814.00 23632.00 25194.00
24619.00 25754.00 24566.00 23464.00
24634.00 24756.00 25991.00 22518.00
24643.00 25707.00 25009.00 22631.00
24668.00 25381.00 24331.00 23686.00
24772.00 24238.00 23399.00 24420.00
24814.00 25139.00 25610.00 22367.00
24819.00 23657.00 26254.00 23772.00
24900.00 25440.00 25356.00 21929.00
24997.00 24196.00 24681.00 24466.00
25163.00 23993.00 23042.00 24705.00
25172.00 25076.00 24627.00 23374.00
25177.00 25290.00 25303.00 22091.00
25262.00 24280.00 25341.00 23298.00
25297.00 25263.00 24982.00 22213.00
25319.00 23939.00 23217.00 24967.00
25408.00 23690.00 25706.00 24199.00
25514.00 23556.00 25806.00 24135.00
25698.00 23803.00 25440.00 23571.00
25703.00 24525.00 25296.00 23679.00
25822.00 24676.00 25198.00 22833.00
25847.00 24932.00 25181.00 23002.00
25884.00 24981.00 25110.00 22937.00
26017.00 24417.00 24742.00 23265.00
26150.00 23986.00 25254.00 23882.00
26236.00 24415.00 24841.00 23132.00
26256.00 24406.00 24890.00 23081.00
26329.00 24110.00 25085.00 23501.00
26391.00 24135.00 25021.00 23459.00
26491.00 24350.00 24935.00 23427.00
26628.00 24353.00 25018.00 23396.00
26687.00 24327.00 24993.00 23316.00
21830.00 23513.00 25532.00 25706.00
21943.00 23667.00 25338.00 25592.00
22092.00 23482.00 25920.00 25964.00
22176.00 22992.00 25541.00 26150.00
22392.00 23061.00 25077.00 26624.00
22415.00 23730.00 25936.00 25384.00
22471.00 23204.00 25027.00 26538.00
22487.00 23272.00 25049.00 26499.00
22559.00 24578.00 25230.00 24577.00
22611.00 23184.00 25005.00 26419.00
22649.00 22843.00 25368.00 26240.00
22676.00 25016.00 24974.00 24710.00
22737.00 23123.00 25103.00 26278.00
22748.00 23932.00 26191.00 24572.00
22797.00 23250.00 24817.00 26940.00
22899.00 23302.00 26029.00 25523.00
22967.00 25101.00 24486.00 24730.00
23006.00 23732.00 26869.00 24477.00
23016.00 25530.00 24563.00 24318.00
23062.00 23810.00 25847.00 24704.00
23066.00 23196.00 24910.00 26951.00
23146.00 23623.00 26462.00 24795.00
23181.00 24805.00 25541.00 24077.00
23233.00 22868.00 24723.00 27445.00
23294.00 22853.00 24728.00 27359.00
23320.00 22767.00 24823.00 27334.00
23351.00 24075.00 25792.00 24592.00
23352.00 22945.00 24655.00 27200.00
23381.00 23351.00 27664.00 23520.00
23390.00 22908.00 24680.00 27093.00
23414.00 22685.00 24309.00 26765.00
23427.00 22659.00 24314.00 26724.00
23469.00 26171.00 24281.00 24121.00
23512.00 25661.00 24912.00 23965.00
23535.00 23397.00 27209.00 23496.00
23556.00 25783.00 24178.00 24300.00
23562.00 24059.00 24078.00 26052.00
23590.00 23368.00 27239.00 23507.00
23621.00 25318.00 25005.00 23656.00
23660.00 24732.00 23993.00 24672.00
23686.00 25153.00 25448.00 23708.00
23711.00 23122.00 26679.00 24188.00
23713.00 25837.00 24563.00 24254.00
23721.00 24895.00 24957.00 24411.00
23727.00 23303.00 27381.00 23369.00
23736.00 23358.00 27442.00 23368.00
23760.00 21810.00 25570.00 25136.00
23804.00 22516.00 24889.00 25806.00
23817.00 26012.00 24298.00 24159.00
23820.00 25948.00 24251.00 24121.00
23824.00 26362.00 24338.00 23886.00
23828.00 26405.00 24294.00 23900.00
23850.00 22613.00 25167.00 25639.00
23910.00 22810.00 26079.00 24165.00
23910.00 23165.00 26993.00 24019.00
23922.00 25504.00 24028.00 24015.00
23999.00 22049.00 24760.00 25541.00
24024.00 21633.00 25507.00 24926.00
24044.00 25663.00 24087.00 23759.00
24172.00 23988.00 23829.00 25468.00
24178.00 22202.00 25255.00 25102.00
24220.00 23092.00 24813.00 24961.00
24264.00 24014.00 25994.00 23255.00
24303.00 21540.00 25409.00 25002.00
24326.00 22010.00 25288.00 25137.00
24343.00 21514.00 25433.00 25018.00
24391.00 24418.00 23914.00 24720.00
24401.00 24227.00 23656.00 24369.00
24425.00 23858.00 24168.00 25283.00
24477.00 21739.00 24925.00 25103.00
24549.00 21883.00 24855.00 25402.00
24572.00 24485.00 23374.00 24385.00
24642.00 24374.00 23542.00 24528.00
24648.00 24350.00 23494.00 24654.00
24723.00 24282.00 23614.00 24657.00
24764.00 24485.00 24758.00 23203.00
24782.00 24073.00 23388.00 24720.00
24872.00 23073.00 24158.00 24487.00
24929.00 24480.00 24731.00 23231.00
25057.00 23520.00 25689.00 22681.00
25076.00 23592.00 25708.00 22631.00
25130.00 22253.00 24393.00 24561.00
25245.00 23755.00 25191.00 23641.00
25245.00 23806.00 25137.00 23644.00
25358.00 24166.00 23996.00 23620.00
25363.00 22923.00 25684.00 23061.00
25466.00 22923.00 25633.00 23139.00
25530.00 23620.00 24522.00 24101.00
25600.00 23686.00 25170.00 22744.00
25775.00 23363.00 24653.00 23820.00
25828.00 24202.00 24114.00 23426.00
25878.00 23481.00 24522.00 23659.00
25942.00 24129.00 24930.00 23619.00
25994.00 23792.00 25083.00 23472.00
26191.00 23238.00 24861.00 23538.00
26351.00 23405.00 24772.00 22969.00
26454.00 23317.00 24375.00 23101.00
26537.00 23388.00 24663.00 22877.00
26567.00 23440.00 24659.00 22848.00
