17484.00 20012.00
17523.00 19997.00
17561.00 19987.00
17605.00 19973.00
17624.00 19965.00
17642.00 19933.00
17669.00 19928.00
17721.00 19904.00
17781.00 19883.00
17788.00 19868.00
17841.00 19855.00
17892.00 19846.00
17907.00 19843.00
17931.00 19793.00
17975.00 19792.00
17987.00 19778.00
18003.00 19767.00
18045.00 19751.00
18084.00 19739.00
18090.00 19715.00
18131.00 19711.00
18183.00 19695.00
18202.00 19653.00
18210.00 19619.00
18250.00 19611.00
18299.00 19594.00
18332.00 19558.00
18370.00 19554.00
18378.00 19533.00
18411.00 19530.00
18459.00 19509.00
18493.00 19484.00
18516.00 19458.00
18555.00 19453.00
18560.00 19431.00
18586.00 19410.00
18590.00 19390.00
18607.00 19375.00
18632.00 19339.00
18659.00 19337.00
18713.00 19314.00
18758.00 19283.00
18763.00 19261.00
18806.00 19229.00
18830.00 19194.00
18850.00 19166.00
18892.00 19124.00
18896.00 19108.00
18923.00 19096.00
18985.00 19064.00
18998.00 19003.00
19038.00 18966.00
19039.00 18933.00
19071.00 18930.00
19097.00 18885.00
19113.00 18847.00
19118.00 18812.00
19136.00 18804.00
19171.00 18785.00
19177.00 18751.00
19187.00 18747.00
19209.00 18723.00
19230.00 18669.00
19248.00 18614.00
19256.00 18568.00
19260.00 18521.00
19296.00 18494.00
19324.00 18464.00
19326.00 18407.00
19331.00 18389.00
19400.00 18355.00
19420.00 18270.00
19424.00 18182.00
19437.00 18119.00
19444.00 18085.00
17496.00 19965.00
17536.00 19954.00
17661.00 19939.00
17701.00 19936.00
17717.00 19925.00
17756.00 19921.00
17772.00 19893.00
17818.00 19874.00
17829.00 19847.00
17886.00 19837.00
17896.00 19812.00
17969.00 19807.00
18018.00 19786.00
18032.00 19785.00
18075.00 19751.00
18092.00 19749.00
18096.00 19719.00
18143.00 19713.00
18157.00 19692.00
18200.00 19690.00
18271.00 19660.00
18308.00 19625.00
18351.00 19591.00
18359.00 19571.00
18386.00 19555.00
18410.00 19530.00
18440.00 19524.00
18465.00 19510.00
18517.00 19491.00
18548.00 19455.00
18564.00 19426.00
18617.00 19394.00
18640.00 19369.00
18670.00 19361.00
18692.00 19329.00
18707.00 19326.00
18719.00 19287.00
18725.00 19276.00
18750.00 19261.00
18774.00 19248.00
18801.00 19214.00
18844.00 19176.00
18874.00 19142.00
18885.00 19103.00
18914.00 19069.00
18946.00 19035.00
18955.00 18989.00
18998.00 18968.00
19004.00 18961.00
19019.00 18913.00
19065.00 18895.00
19098.00 18857.00
19101.00 18815.00
19138.00 18784.00
19150.00 18735.00
19187.00 18728.00
19188.00 18678.00
19209.00 18616.00
19222.00 18609.00
19250.00 18583.00
19260.00 18544.00
19281.00 18490.00
19304.00 18455.00
19341.00 18448.00
19349.00 18395.00
19354.00 18393.00
19362.00 18361.00
19372.00 18324.00
19403.00 18279.00
19421.00 18247.00
19435.00 18199.00
19441.00 18168.00
19448.00 18157.00
19482.00 18145.00
17698.00 19934.00
17734.00 19910.00
17751.00 19902.00
17794.00 19899.00
17818.00 19871.00
17854.00 19857.00
17895.00 19829.00
17930.00 19824.00
17963.00 19800.00
17988.00 19798.00
18026.00 19775.00
18047.00 19747.00
18088.00 19725.00
18099.00 19715.00
18123.00 19714.00
18170.00 19688.00
18173.00 19668.00
18194.00 19660.00
18241.00 19653.00
18255.00 19619.00
18293.00 19610.00
18339.00 19591.00
18368.00 19580.00
18406.00 19553.00
18435.00 19512.00
18489.00 19497.00
18504.00 19458.00
18511.00 19456.00
18548.00 19448.00
18562.00 19425.00
18612.00 19407.00
18621.00 19396.00
18638.00 19365.00
18662.00 19357.00
18717.00 19327.00
18758.00 19290.00
18771.00 19271.00
18780.00 19235.00
18797.00 19221.00
18835.00 19197.00
18845.00 19169.00
18861.00 19132.00
18896.00 19118.00
18918.00 19104.00
18935.00 19091.00
18951.00 19064.00
18979.00 19043.00
18999.00 19033.00
19006.00 18966.00
19036.00 18955.00
19055.00 18902.00
19062.00 18875.00
19076.00 18844.00
19090.00 18837.00
19103.00 18823.00
19131.00 18793.00
19151.00 18749.00
19169.00 18707.00
19190.00 18686.00
19197.00 18641.00
19217.00 18624.00
19222.00 18623.00
19262.00 18566.00
19277.00 18528.00
19287.00 18493.00
19297.00 18453.00
19313.00 18428.00
19329.00 18394.00
19334.00 18348.00
19342.00 18271.00
19354.00 18235.00
19367.00 18193.00
19368.00 18120.00
17374.00 20028.00
17431.00 20015.00
17483.00 20005.00
17517.00 19988.00
17574.00 19971.00
17627.00 19935.00
17646.00 19906.00
17750.00 19893.00
17776.00 19879.00
17786.00 19866.00
17798.00 19844.00
17822.00 19841.00
17864.00 19827.00
17929.00 19801.00
17956.00 19796.00
18003.00 19782.00
18007.00 19780.00
18056.00 19765.00
18073.00 19723.00
18083.00 19713.00
18138.00 19700.00
18166.00 19677.00
18203.00 19653.00
18253.00 19631.00
18277.00 19615.00
18312.00 19596.00
18349.00 19581.00
18388.00 19540.00
18407.00 19533.00
18417.00 19497.00
18448.00 19493.00
18458.00 19474.00
18499.00 19471.00
18520.00 19425.00
18561.00 19409.00
18596.00 19390.00
18613.00 19356.00
18624.00 19333.00
18656.00 19318.00
18668.00 19286.00
18712.00 19274.00
18721.00 19234.00
18766.00 19214.00
18785.00 19186.00
18793.00 19180.00
18820.00 19166.00
18866.00 19128.00
18895.00 19077.00
18918.00 19044.00
18958.00 19023.00
18960.00 19011.00
18989.00 18979.00
19001.00 18948.00
19035.00 18922.00
19070.00 18903.00
19082.00 18857.00
19102.00 18833.00
19103.00 18817.00
19132.00 18754.00
19153.00 18718.00
19177.00 18688.00
19198.00 18642.00
19228.00 18620.00
19263.00 18603.00
19275.00 18557.00
19300.00 18515.00
19306.00 18454.00
19309.00 18434.00
19340.00 18416.00
19361.00 18387.00
19372.00 18370.00
19378.00 18316.00
19382.00 18272.00
19385.00 18267.00
19401.00 18226.00
19422.00 18172.00
19438.00 18138.00
17510.00 19984.00
17574.00 19969.00
17575.00 19958.00
17631.00 19957.00
17639.00 19947.00
17657.00 19906.00
17709.00 19904.00
17723.00 19898.00
17758.00 19886.00
17765.00 19865.00
17782.00 19864.00
17797.00 19847.00
17844.00 19845.00
17873.00 19833.00
17925.00 19807.00
17954.00 19798.00
18002.00 19794.00
18017.00 19753.00
18036.00 19743.00
18069.00 19741.00
18112.00 19726.00
18141.00 19714.00
18153.00 19682.00
18210.00 19670.00
18243.00 19657.00
18253.00 19623.00
18265.00 19619.00
18298.00 19611.00
18336.00 19599.00
18365.00 19587.00
18367.00 19559.00
18396.00 19547.00
18430.00 19530.00
18460.00 19524.00
18488.00 19498.00
18515.00 19474.00
18531.00 19438.00
18565.00 19417.00
18579.00 19386.00
18596.00 19381.00
18620.00 19352.00
18677.00 19339.00
18708.00 19294.00
18718.00 19251.00
18744.00 19226.00
18768.00 19211.00
18771.00 19203.00
18800.00 19163.00
18825.00 19157.00
18835.00 19127.00
18863.00 19121.00
18870.00 19075.00
18894.00 19045.00
18933.00 19041.00
18942.00 18996.00
18944.00 18978.00
18982.00 18976.00
18991.00 18950.00
19017.00 18921.00
19053.00 18906.00
19084.00 18831.00
19135.00 18798.00
19166.00 18781.00
19170.00 18762.00
19176.00 18746.00
19186.00 18707.00
19210.00 18670.00
19219.00 18667.00
19234.00 18603.00
19250.00 18585.00
19262.00 18531.00
19285.00 18519.00
19311.00 18496.00
19330.00 18451.00
19345.00 18441.00
19357.00 18411.00
19370.00 18365.00
19395.00 18333.00
19400.00 18298.00
19413.00 18250.00
19419.00 18228.00
19442.00 18204.00
19467.00 18136.00
17437.00 19959.00
17492.00 19947.00
17533.00 19938.00
17578.00 19918.00
17652.00 19912.00
17678.00 19907.00
17727.00 19894.00
17747.00 19880.00
17785.00 19852.00
17832.00 19847.00
17878.00 19836.00
17894.00 19829.00
17937.00 19793.00
17970.00 19769.00
17984.00 19737.00
18015.00 19736.00
18034.00 19706.00
18073.00 19686.00
18121.00 19685.00
18144.00 19660.00
18172.00 19650.00
18208.00 19637.00
18254.00 19631.00
18265.00 19597.00
18280.00 19580.00
18323.00 19569.00
18408.00 19548.00
18432.00 19524.00
18437.00 19496.00
18471.00 19493.00
18510.00 19472.00
18544.00 19442.00
18560.00 19408.00
18587.00 19394.00
18620.00 19388.00
18621.00 19346.00
18636.00 19333.00
18677.00 19322.00
18713.00 19293.00
18729.00 19246.00
18769.00 19236.00
18799.00 19212.00
18833.00 19192.00
18853.00 19152.00
18865.00 19105.00
18876.00 19089.00
18912.00 19065.00
18928.00 19053.00
18931.00 19002.00
18976.00 18985.00
19001.00 18961.00
19021.00 18929.00
19040.00 18886.00
19052.00 18881.00
19078.00 18875.00
19116.00 18846.00
19124.00 18795.00
19153.00 18755.00
19169.00 18728.00
19186.00 18679.00
19226.00 18643.00
19239.00 18603.00
19260.00 18570.00
19282.00 18530.00
19310.00 18526.00
19311.00 18510.00
19316.00 18462.00
19325.00 18456.00
19343.00 18400.00
19347.00 18398.00
19360.00 18340.00
19375.00 18310.00
19402.00 18271.00
19405.00 18247.00
19416.00 18206.00
19418.00 18179.00
19428.00 18175.00
17433.00 19971.00
17461.00 19952.00
17508.00 19942.00
17559.00 19932.00
17610.00 19922.00
17675.00 19918.00
17728.00 19910.00
17731.00 19893.00
17763.00 19883.00
17781.00 19870.00
17841.00 19852.00
17844.00 19822.00
17859.00 19820.00
17903.00 19806.00
17955.00 19803.00
17995.00 19795.00
18049.00 19759.00
18062.00 19735.00
18092.00 19733.00
18155.00 19722.00
18170.00 19691.00
18210.00 19683.00
18222.00 19661.00
18272.00 19639.00
18276.00 19629.00
18299.00 19616.00
18335.00 19588.00
18375.00 19585.00
18387.00 19564.00
18432.00 19527.00
18490.00 19509.00
18534.00 19484.00
18552.00 19475.00
18573.00 19470.00
18603.00 19450.00
18617.00 19423.00
18643.00 19409.00
18655.00 19376.00
18700.00 19360.00
18730.00 19325.00
18765.00 19286.00
18803.00 19277.00
18837.00 19241.00
18864.00 19198.00
18883.00 19161.00
18917.00 19145.00
18941.00 19117.00
18949.00 19063.00
18959.00 19050.00
18972.00 19029.00
18976.00 19018.00
19032.00 18960.00
19054.00 18891.00
19082.00 18869.00
19089.00 18860.00
19112.00 18828.00
19141.00 18773.00
19147.00 18758.00
19152.00 18729.00
19168.00 18715.00
19175.00 18660.00
19206.00 18614.00
19221.00 18582.00
19246.00 18575.00
19280.00 18500.00
19292.00 18476.00
19320.00 18452.00
19355.00 18395.00
19368.00 18321.00
19374.00 18303.00
19403.00 18270.00
19407.00 18220.00
19426.00 18169.00
19454.00 18165.00
19464.00 18032.00
19474.00 18026.00
19477.00 17977.00
19493.00 17934.00
17651.00 19932.00
17685.00 19921.00
17712.00 19910.00
17751.00 19901.00
17764.00 19895.00
17806.00 19875.00
17830.00 19851.00
17864.00 19846.00
17891.00 19835.00
17902.00 19819.00
17943.00 19809.00
17954.00 19786.00
17986.00 19780.00
17990.00 19771.00
18035.00 19766.00
18062.00 19754.00
18079.00 19742.00
18087.00 19732.00
18125.00 19709.00
18158.00 19693.00
18187.00 19673.00
18201.00 19664.00
18249.00 19653.00
18282.00 19646.00
18306.00 19618.00
18328.00 19608.00
18381.00 19598.00
18412.00 19562.00
18427.00 19528.00
18466.00 19513.00
18491.00 19498.00
18502.00 19470.00
18564.00 19455.00
18602.00 19441.00
18639.00 19407.00
18656.00 19371.00
18677.00 19344.00
18703.00 19333.00
18716.00 19326.00
18719.00 19299.00
18741.00 19290.00
18776.00 19264.00
18777.00 19222.00
18811.00 19218.00
18846.00 19204.00
18849.00 19155.00
18886.00 19143.00
18916.00 19132.00
18935.00 19095.00
18968.00 19084.00
18995.00 19056.00
19007.00 19023.00
19042.00 19000.00
19047.00 18951.00
19062.00 18934.00
19082.00 18901.00
19098.00 18883.00
19126.00 18856.00
19149.00 18821.00
19164.00 18775.00
19179.00 18773.00
19185.00 18710.00
19219.00 18696.00
19231.00 18661.00
19259.00 18647.00
19261.00 18603.00
19283.00 18594.00
19306.00 18564.00
19321.00 18527.00
19331.00 18492.00
19354.00 18418.00
19358.00 18367.00
19386.00 18341.00
19404.00 18298.00
17380.00 20035.00
17444.00 20023.00
17454.00 20021.00
17494.00 20009.00
17543.00 20003.00
17591.00 19979.00
17617.00 19976.00
17644.00 19959.00
17683.00 19958.00
17704.00 19944.00
17721.00 19933.00
17748.00 19926.00
17755.00 19914.00
17782.00 19907.00
17828.00 19893.00
17830.00 19879.00
17861.00 19863.00
17873.00 19842.00
17900.00 19833.00
17959.00 19826.00
17979.00 19813.00
18008.00 19796.00
18022.00 19783.00
18029.00 19758.00
18081.00 19757.00
18094.00 19743.00
18122.00 19709.00
18149.00 19696.00
18154.00 19675.00
18266.00 19673.00
18300.00 19662.00
18316.00 19619.00
18358.00 19612.00
18376.00 19591.00
18419.00 19584.00
18428.00 19557.00
18450.00 19552.00
18477.00 19515.00
18501.00 19501.00
18540.00 19470.00
18589.00 19448.00
18621.00 19425.00
18627.00 19418.00
18672.00 19399.00
18680.00 19375.00
18688.00 19372.00
18721.00 19347.00
18746.00 19310.00
18779.00 19280.00
18804.00 19251.00
18835.00 19223.00
18862.00 19191.00
18887.00 19152.00
18892.00 19137.00
18914.00 19122.00
18931.00 19120.00
18953.00 19097.00
18972.00 19089.00
18997.00 19057.00
19010.00 19022.00
19037.00 18997.00
19047.00 18969.00
19054.00 18953.00
19061.00 18935.00
19066.00 18915.00
19094.00 18899.00
19118.00 18876.00
19173.00 18835.00
19177.00 18809.00
19193.00 18761.00
19195.00 18743.00
19202.00 18725.00
19224.00 18709.00
19234.00 18708.00
19238.00 18670.00
19245.00 18661.00
19258.00 18620.00
19266.00 18578.00
19278.00 18564.00
19294.00 18561.00
19297.00 18495.00
19298.00 18454.00
17435.00 20040.00
17482.00 20008.00
17514.00 19984.00
17549.00 19973.00
17616.00 19957.00
17642.00 19950.00
17675.00 19930.00
17714.00 19906.00
17742.00 19889.00
17803.00 19878.00
17841.00 19865.00
17879.00 19835.00
17937.00 19833.00
17949.00 19784.00
18057.00 19772.00
18087.00 19761.00
18092.00 19739.00
18118.00 19727.00
18130.00 19700.00
18162.00 19699.00
18194.00 19674.00
18223.00 19664.00
18228.00 19640.00
18258.00 19627.00
18291.00 19599.00
18306.00 19587.00
18358.00 19581.00
18394.00 19563.00
18404.00 19537.00
18464.00 19522.00
18477.00 19495.00
18509.00 19490.00
18523.00 19459.00
18557.00 19441.00
18588.00 19434.00
18594.00 19410.00
18641.00 19398.00
18664.00 19371.00
18708.00 19354.00
18730.00 19309.00
18746.00 19279.00
18768.00 19247.00
18797.00 19214.00
18825.00 19189.00
18870.00 19162.00
18884.00 19131.00
18896.00 19105.00
18924.00 19100.00
18934.00 19061.00
18951.00 19034.00
18971.00 19030.00
18999.00 18998.00
19002.00 18991.00
19048.00 18930.00
19054.00 18921.00
19079.00 18898.00
19092.00 18858.00
19127.00 18821.00
19149.00 18806.00
19153.00 18767.00
19172.00 18758.00
19176.00 18722.00
19209.00 18682.00
19225.00 18645.00
19232.00 18599.00
19252.00 18574.00
19295.00 18546.00
19297.00 18492.00
19309.00 18485.00
19316.00 18441.00
19336.00 18426.00
19350.00 18395.00
19373.00 18384.00
19384.00 18276.00
19406.00 18180.00
19418.00 18133.00
19435.00 18118.00
17443.00 19962.00
17501.00 19955.00
17553.00 19949.00
17584.00 19940.00
17636.00 19918.00
17786.00 19907.00
17796.00 19879.00
17849.00 19875.00
17911.00 19870.00
17931.00 19845.00
17989.00 19831.00
18004.00 19794.00
18018.00 19787.00
18069.00 19772.00
18132.00 19746.00
18146.00 19745.00
18171.00 19717.00
18222.00 19697.00
18239.00 19676.00
18246.00 19669.00
18279.00 19660.00
18303.00 19629.00
18351.00 19628.00
18359.00 19604.00
18407.00 19586.00
18447.00 19551.00
18491.00 19525.00
18521.00 19514.00
18557.00 19490.00
18579.00 19458.00
18604.00 19448.00
18616.00 19418.00
18648.00 19414.00
18660.00 19391.00
18683.00 19356.00
18713.00 19345.00
18739.00 19302.00
18762.00 19299.00
18788.00 19277.00
18815.00 19253.00
18840.00 19233.00
18888.00 19176.00
18932.00 19132.00
18937.00 19101.00
18959.00 19092.00
18976.00 19058.00
19014.00 19031.00
19034.00 18994.00
19037.00 18975.00
19067.00 18964.00
19101.00 18914.00
19112.00 18887.00
19134.00 18855.00
19143.00 18847.00
19149.00 18792.00
19171.00 18766.00
19187.00 18736.00
19204.00 18707.00
19220.00 18694.00
19241.00 18663.00
19260.00 18629.00
19289.00 18600.00
19308.00 18571.00
19318.00 18527.00
19349.00 18486.00
19371.00 18430.00
19374.00 18380.00
19384.00 18359.00
19390.00 18319.00
19406.00 18303.00
19419.00 18212.00
19434.00 18162.00
19450.00 18107.00
17475.00 20038.00
17500.00 19995.00
17576.00 19992.00
17616.00 19983.00
17658.00 19952.00
17686.00 19946.00
17697.00 19932.00
17738.00 19928.00
17764.00 19903.00
17799.00 19872.00
17803.00 19870.00
17859.00 19865.00
17900.00 19857.00
17901.00 19823.00
17919.00 19816.00
17958.00 19804.00
18012.00 19780.00
18036.00 19755.00
18084.00 19752.00
18097.00 19723.00
18141.00 19719.00
18162.00 19714.00
18200.00 19688.00
18210.00 19670.00
18256.00 19668.00
18272.00 19631.00
18302.00 19604.00
18308.00 19598.00
18343.00 19597.00
18357.00 19586.00
18404.00 19574.00
18407.00 19549.00
18437.00 19540.00
18439.00 19528.00
18473.00 19519.00
18480.00 19501.00
18512.00 19497.00
18523.00 19474.00
18555.00 19467.00
18569.00 19436.00
18608.00 19429.00
18620.00 19410.00
18665.00 19378.00
18677.00 19339.00
18711.00 19303.00
18731.00 19289.00
18757.00 19261.00
18760.00 19255.00
18779.00 19236.00
18796.00 19207.00
18803.00 19194.00
18849.00 19185.00
18854.00 19155.00
18863.00 19154.00
18885.00 19125.00
18899.00 19088.00
18911.00 19083.00
18947.00 19064.00
18954.00 19061.00
18982.00 18997.00
19026.00 18963.00
19044.00 18951.00
19050.00 18908.00
19087.00 18871.00
19099.00 18840.00
19114.00 18826.00
19129.00 18788.00
19136.00 18765.00
19156.00 18754.00
19173.00 18711.00
19180.00 18694.00
19191.00 18639.00
19194.00 18624.00
19231.00 18611.00
19234.00 18591.00
19237.00 18573.00
19277.00 18533.00
19285.00 18521.00
19286.00 18492.00
19311.00 18477.00
19319.00 18450.00
19324.00 18427.00
19332.00 18403.00
19339.00 18363.00
19347.00 18339.00
17583.00 19925.00
17713.00 19911.00
17738.00 19892.00
17786.00 19887.00
17830.00 19885.00
17845.00 19869.00
17878.00 19866.00
17897.00 19845.00
17905.00 19824.00
17949.00 19817.00
17989.00 19810.00
18008.00 19800.00
18034.00 19798.00
18055.00 19780.00
18062.00 19761.00
18065.00 19755.00
18144.00 19746.00
18150.00 19727.00
18182.00 19719.00
18205.00 19696.00
18214.00 19686.00
18230.00 19667.00
18246.00 19658.00
18295.00 19655.00
18302.00 19650.00
18337.00 19635.00
18352.00 19613.00
18370.00 19609.00
18401.00 19592.00
18409.00 19565.00
18434.00 19555.00
18462.00 19535.00
18464.00 19516.00
18481.00 19514.00
18501.00 19493.00
18519.00 19489.00
18554.00 19478.00
18579.00 19451.00
18601.00 19422.00
18612.00 19398.00
18641.00 19380.00
18656.00 19374.00
18677.00 19342.00
18708.00 19331.00
18742.00 19310.00
18756.00 19279.00
18773.00 19274.00
18784.00 19248.00
18807.00 19217.00
18832.00 19208.00
18861.00 19172.00
18871.00 19140.00
18901.00 19135.00
18923.00 19095.00
18937.00 19073.00
18972.00 19059.00
18973.00 19026.00
18983.00 19018.00
19018.00 19009.00
19020.00 18977.00
19035.00 18956.00
19051.00 18945.00
19060.00 18920.00
19100.00 18909.00
19112.00 18871.00
19125.00 18841.00
19149.00 18823.00
19155.00 18773.00
19158.00 18726.00
19175.00 18713.00
19183.00 18676.00
19228.00 18638.00
19236.00 18601.00
19240.00 18565.00
19252.00 18552.00
19261.00 18519.00
19276.00 18505.00
19281.00 18502.00
17647.00 19900.00
17766.00 19879.00
17770.00 19868.00
17820.00 19864.00
17837.00 19845.00
17869.00 19841.00
17915.00 19840.00
17943.00 19818.00
17960.00 19797.00
17995.00 19794.00
18032.00 19793.00
18042.00 19765.00
18077.00 19762.00
18100.00 19737.00
18128.00 19736.00
18144.00 19709.00
18163.00 19698.00
18185.00 19677.00
18190.00 19662.00
18219.00 19658.00
18224.00 19642.00
18250.00 19628.00
18292.00 19616.00
18303.00 19601.00
18331.00 19585.00
18369.00 19584.00
18378.00 19558.00
18401.00 19545.00
18434.00 19538.00
18455.00 19499.00
18483.00 19494.00
18505.00 19464.00
18520.00 19458.00
18548.00 19437.00
18556.00 19403.00
18567.00 19386.00
18598.00 19382.00
18603.00 19360.00
18619.00 19358.00
18641.00 19337.00
18665.00 19315.00
18668.00 19299.00
18688.00 19285.00
18721.00 19272.00
18752.00 19258.00
18761.00 19243.00
18795.00 19194.00
18797.00 19192.00
18824.00 19175.00
18830.00 19161.00
18852.00 19144.00
18882.00 19133.00
18892.00 19100.00
18907.00 19094.00
18954.00 19093.00
18983.00 19057.00
18984.00 19028.00
19008.00 19018.00
19021.00 18994.00
19043.00 18965.00
19050.00 18938.00
19057.00 18921.00
19086.00 18916.00
19090.00 18872.00
19111.00 18868.00
19149.00 18849.00
19164.00 18824.00
19174.00 18811.00
19196.00 18789.00
19198.00 18781.00
19224.00 18741.00
19231.00 18705.00
19237.00 18674.00
19248.00 18664.00
19265.00 18634.00
19273.00 18621.00
19274.00 18594.00
19287.00 18569.00
19305.00 18553.00
19316.00 18516.00
19319.00 18513.00
19337.00 18454.00
19338.00 18435.00
19366.00 18416.00
17537.00 19941.00
17549.00 19934.00
17601.00 19930.00
17660.00 19924.00
17662.00 19913.00
17718.00 19912.00
17777.00 19887.00
17827.00 19866.00
17866.00 19862.00
17868.00 19854.00
17918.00 19834.00
17966.00 19810.00
18006.00 19779.00
18053.00 19763.00
18083.00 19757.00
18103.00 19739.00
18140.00 19720.00
18162.00 19707.00
18202.00 19686.00
18207.00 19666.00
18237.00 19655.00
18285.00 19643.00
18297.00 19620.00
18335.00 19611.00
18367.00 19586.00
18398.00 19544.00
18430.00 19522.00
18461.00 19496.00
18478.00 19489.00
18499.00 19482.00
18537.00 19454.00
18578.00 19432.00
18608.00 19387.00
18633.00 19382.00
18665.00 19346.00
18678.00 19327.00
18712.00 19318.00
18734.00 19289.00
18774.00 19272.00
18784.00 19224.00
18815.00 19218.00
18831.00 19184.00
18862.00 19162.00
18876.00 19134.00
18893.00 19125.00
18899.00 19113.00
18925.00 19090.00
18932.00 19050.00
18938.00 19048.00
18975.00 19035.00
18991.00 18994.00
18999.00 18967.00
19043.00 18950.00
19049.00 18910.00
19079.00 18882.00
19087.00 18841.00
19116.00 18823.00
19122.00 18783.00
19135.00 18767.00
19156.00 18727.00
19191.00 18700.00
19201.00 18647.00
19224.00 18602.00
19245.00 18578.00
19264.00 18520.00
19304.00 18490.00
19316.00 18459.00
19321.00 18447.00
19333.00 18384.00
19350.00 18360.00
19367.00 18323.00
19371.00 18254.00
19390.00 18212.00
19401.00 18168.00
17331.00 20007.00
17397.00 20003.00
17405.00 19986.00
17437.00 19985.00
17481.00 19983.00
17529.00 19972.00
17577.00 19965.00
17597.00 19941.00
17623.00 19934.00
17629.00 19918.00
17679.00 19909.00
17731.00 19902.00
17792.00 19888.00
17799.00 19872.00
17869.00 19848.00
17915.00 19831.00
17931.00 19804.00
17988.00 19787.00
18070.00 19752.00
18106.00 19735.00
18135.00 19722.00
18189.00 19697.00
18206.00 19676.00
18239.00 19655.00
18249.00 19644.00
18283.00 19638.00
18294.00 19614.00
18353.00 19585.00
18404.00 19573.00
18406.00 19554.00
18454.00 19552.00
18480.00 19523.00
18510.00 19512.00
18518.00 19476.00
18566.00 19474.00
18588.00 19446.00
18613.00 19418.00
18646.00 19413.00
18672.00 19383.00
18684.00 19353.00
18714.00 19342.00
18739.00 19318.00
18742.00 19296.00
18797.00 19276.00
18821.00 19247.00
18846.00 19224.00
18860.00 19181.00
18892.00 19116.00
18911.00 19102.00
18948.00 19084.00
18963.00 19067.00
18969.00 19036.00
18989.00 19015.00
19011.00 18989.00
19035.00 18960.00
19071.00 18919.00
19088.00 18904.00
19101.00 18876.00
19104.00 18849.00
19114.00 18794.00
19144.00 18743.00
19169.00 18717.00
19170.00 18692.00
19190.00 18647.00
19213.00 18638.00
19218.00 18587.00
19248.00 18562.00
19263.00 18528.00
19279.00 18485.00
19292.00 18463.00
19305.00 18437.00
19312.00 18426.00
19331.00 18397.00
19348.00 18390.00
19360.00 18359.00
19392.00 18287.00
19399.00 18228.00
19438.00 18190.00
17728.00 19870.00
17764.00 19869.00
17785.00 19851.00
17887.00 19847.00
17898.00 19827.00
17925.00 19820.00
17976.00 19796.00
18024.00 19783.00
18051.00 19747.00
18084.00 19741.00
18122.00 19734.00
18145.00 19711.00
18181.00 19705.00
18183.00 19684.00
18220.00 19677.00
18239.00 19648.00
18273.00 19637.00
18296.00 19612.00
18331.00 19603.00
18382.00 19579.00
18404.00 19555.00
18440.00 19539.00
18443.00 19524.00
18461.00 19509.00
18494.00 19485.00
18528.00 19482.00
18529.00 19453.00
18565.00 19447.00
18585.00 19416.00
18607.00 19396.00
18645.00 19381.00
18661.00 19359.00
18668.00 19332.00
18710.00 19324.00
18738.00 19292.00
18762.00 19287.00
18766.00 19263.00
18797.00 19260.00
18805.00 19238.00
18819.00 19233.00
18851.00 19194.00
18854.00 19182.00
18880.00 19174.00
18900.00 19142.00
18929.00 19121.00
18963.00 19097.00
18986.00 19049.00
19013.00 19001.00
19046.00 18965.00
19060.00 18926.00
19067.00 18925.00
19095.00 18885.00
19097.00 18876.00
19133.00 18869.00
19136.00 18834.00
19163.00 18810.00
19170.00 18735.00
19195.00 18707.00
19197.00 18660.00
19218.00 18644.00
19238.00 18641.00
19261.00 18585.00
19270.00 18582.00
19298.00 18523.00
19310.00 18492.00
19311.00 18446.00
19344.00 18437.00
19359.00 18397.00
19372.00 18353.00
19388.00 18322.00
19392.00 18286.00
19401.00 18268.00
19431.00 18227.00
19433.00 18152.00
19439.00 18137.00
19443.00 18098.00
19451.00 18085.00
19473.00 18052.00
19508.00 18023.00
19510.00 17965.00
17642.00 19934.00
17650.00 19923.00
17667.00 19907.00
17697.00 19899.00
17813.00 19884.00
17849.00 19871.00
17884.00 19851.00
17912.00 19828.00
17952.00 19810.00
18039.00 19799.00
18041.00 19770.00
18048.00 19768.00
18065.00 19728.00
18108.00 19722.00
18132.00 19708.00
18135.00 19691.00
18149.00 19685.00
18161.00 19663.00
18201.00 19661.00
18251.00 19656.00
18256.00 19652.00
18290.00 19629.00
18296.00 19597.00
18333.00 19579.00
18364.00 19578.00
18397.00 19556.00
18417.00 19526.00
18423.00 19517.00
18477.00 19508.00
18498.00 19476.00
18540.00 19473.00
18573.00 19441.00
18585.00 19420.00
18608.00 19416.00
18621.00 19395.00
18649.00 19388.00
18662.00 19359.00
18696.00 19350.00
18707.00 19312.00
18728.00 19287.00
18779.00 19269.00
18786.00 19242.00
18809.00 19227.00
18836.00 19215.00
18871.00 19202.00
18881.00 19144.00
18901.00 19116.00
18940.00 19085.00
18949.00 19068.00
18959.00 19055.00
18987.00 19030.00
19018.00 18996.00
19024.00 18960.00
19036.00 18938.00
19051.00 18914.00
19054.00 18909.00
19084.00 18887.00
19087.00 18880.00
19111.00 18823.00
19120.00 18787.00
19152.00 18785.00
19161.00 18749.00
19172.00 18710.00
19187.00 18697.00
19199.00 18671.00
19208.00 18669.00
19223.00 18631.00
19236.00 18626.00
19249.00 18579.00
19263.00 18575.00
19284.00 18537.00
19295.00 18516.00
19296.00 18491.00
19316.00 18478.00
19317.00 18395.00
19335.00 18369.00
19364.00 18329.00
19377.00 18289.00
19384.00 18284.00
17672.00 19929.00
17698.00 19907.00
17727.00 19895.00
17775.00 19893.00
17804.00 19881.00
17815.00 19845.00
17859.00 19842.00
17885.00 19807.00
17943.00 19806.00
17972.00 19794.00
17995.00 19781.00
18029.00 19766.00
18075.00 19746.00
18080.00 19729.00
18138.00 19727.00
18154.00 19700.00
18171.00 19691.00
18209.00 19679.00
18232.00 19648.00
18262.00 19640.00
18299.00 19620.00
18311.00 19610.00
18341.00 19593.00
18370.00 19581.00
18378.00 19557.00
18394.00 19551.00
18409.00 19540.00
18437.00 19528.00
18441.00 19504.00
18465.00 19474.00
18478.00 19452.00
18513.00 19446.00
18561.00 19442.00
18572.00 19404.00
18607.00 19400.00
18624.00 19372.00
18640.00 19361.00
18669.00 19343.00
18677.00 19315.00
18700.00 19313.00
18718.00 19289.00
18740.00 19263.00
18750.00 19254.00
18783.00 19248.00
18804.00 19215.00
18831.00 19193.00
18856.00 19165.00
18873.00 19155.00
18877.00 19100.00
18880.00 19098.00
18913.00 19084.00
18921.00 19071.00
18941.00 19044.00
18952.00 19032.00
18963.00 19022.00
18968.00 19010.00
18993.00 18992.00
19005.00 18961.00
19021.00 18940.00
19035.00 18904.00
19050.00 18873.00
19081.00 18866.00
19092.00 18831.00
19104.00 18807.00
19109.00 18796.00
19138.00 18782.00
19150.00 18752.00
19162.00 18721.00
19183.00 18692.00
19189.00 18687.00
19201.00 18656.00
19236.00 18617.00
19247.00 18569.00
19256.00 18537.00
19262.00 18536.00
19265.00 18497.00
19273.00 18484.00
19285.00 18455.00
19296.00 18453.00
19298.00 18411.00
19312.00 18410.00
19313.00 18357.00
19325.00 18343.00
17664.00 19971.00
17685.00 19953.00
17694.00 19943.00
17746.00 19920.00
17765.00 19912.00
17803.00 19902.00
17804.00 19894.00
17844.00 19890.00
17863.00 19860.00
17905.00 19840.00
17956.00 19833.00
17984.00 19820.00
17989.00 19797.00
18012.00 19774.00
18051.00 19767.00
18113.00 19750.00
18140.00 19726.00
18149.00 19705.00
18243.00 19704.00
18278.00 19690.00
18318.00 19658.00
18352.00 19647.00
18381.00 19628.00
18402.00 19610.00
18426.00 19586.00
18449.00 19547.00
18484.00 19542.00
18490.00 19509.00
18548.00 19495.00
18578.00 19484.00
18610.00 19449.00
18619.00 19408.00
18666.00 19396.00
18709.00 19373.00
18717.00 19337.00
18733.00 19319.00
18756.00 19307.00
18808.00 19283.00
18819.00 19252.00
18844.00 19230.00
18860.00 19192.00
18879.00 19163.00
18908.00 19136.00
18926.00 19110.00
18962.00 19099.00
18972.00 19059.00
18978.00 19051.00
19002.00 19020.00
19021.00 18984.00
19052.00 18964.00
19055.00 18943.00
19086.00 18925.00
19087.00 18900.00
19108.00 18879.00
19126.00 18853.00
19141.00 18815.00
19156.00 18802.00
19176.00 18773.00
19180.00 18725.00
19198.00 18724.00
19236.00 18697.00
19242.00 18650.00
19250.00 18641.00
19258.00 18608.00
19265.00 18592.00
19291.00 18563.00
19300.00 18547.00
19306.00 18506.00
19316.00 18504.00
19339.00 18447.00
19359.00 18413.00
19380.00 18359.00
19392.00 18339.00
19408.00 18296.00
19415.00 18274.00
19419.00 18231.00
19453.00 18207.00
19457.00 18057.00
19470.00 18036.00
19477.00 18018.00
