7591.00 9274.00 8535.00
7779.00 9002.00 8800.00
7810.00 8824.00 8910.00
7945.00 9110.00 8716.00
7958.00 8271.00 9230.00
7976.00 8657.00 9058.00
8045.00 8967.00 8905.00
8060.00 8787.00 8982.00
8099.00 8899.00 8837.00
8118.00 8476.00 9111.00
8136.00 9103.00 8782.00
8165.00 9250.00 8531.00
8177.00 8586.00 9083.00
8179.00 8739.00 8923.00
8181.00 8984.00 8701.00
8207.00 8825.00 8894.00
8263.00 8449.00 9040.00
8281.00 9202.00 8623.00
8298.00 8406.00 9144.00
8298.00 8622.00 8985.00
8303.00 8712.00 8874.00
8304.00 8972.00 8739.00
8305.00 8287.00 9056.00
8308.00 8122.00 9171.00
8308.00 9077.00 8648.00
8327.00 9137.00 8519.00
8382.00 8537.00 8921.00
8388.00 9320.00 8404.00
8389.00 8813.00 8841.00
8425.00 8419.00 9019.00
8454.00 9063.00 8643.00
8459.00 9369.00 8278.00
8463.00 8940.00 8786.00
8506.00 8276.00 9000.00
8511.00 9079.00 8485.00
8523.00 9390.00 8108.00
8542.00 8057.00 9091.00
8543.00 8653.00 8902.00
8571.00 8960.00 8584.00
8587.00 8424.00 8965.00
8588.00 8138.00 8981.00
8604.00 9376.00 8261.00
8644.00 9242.00 8362.00
8652.00 8958.00 8737.00
8660.00 8823.00 8631.00
8666.00 8611.00 8783.00
8666.00 9156.00 8415.00
8689.00 8804.00 8768.00
8693.00 8504.00 8912.00
8695.00 9090.00 8482.00
8698.00 9255.00 8205.00
8735.00 8127.00 8986.00
8752.00 8331.00 8835.00
8756.00 9282.00 8059.00
8770.00 8918.00 8623.00
8794.00 8774.00 8724.00
8805.00 8574.00 8733.00
8812.00 9026.00 8553.00
8850.00 8337.00 8742.00
8850.00 9117.00 8378.00
8860.00 9153.00 8252.00
8863.00 8276.00 8904.00
8872.00 7930.00 8824.00
8873.00 9098.00 8005.00
8882.00 8899.00 8470.00
8888.00 9019.00 8450.00
8913.00 7835.00 8902.00
8917.00 8274.00 8719.00
8937.00 8783.00 8441.00
8945.00 8609.00 8629.00
8967.00 8440.00 8700.00
8973.00 8680.00 8523.00
8981.00 8069.00 8796.00
8992.00 9085.00 8409.00
9042.00 8975.00 8273.00
9047.00 8280.00 8684.00
9053.00 8527.00 8632.00
9058.00 8723.00 8429.00
9064.00 7847.00 8630.00
9065.00 9002.00 8047.00
9093.00 8801.00 8266.00
9094.00 8371.00 8580.00
9130.00 8556.00 8483.00
9132.00 8594.00 8340.00
9148.00 8261.00 8551.00
9213.00 8059.00 8569.00
9230.00 8918.00 8246.00
9234.00 8374.00 8545.00
9239.00 8145.00 8425.00
9267.00 8516.00 8405.00
9278.00 8386.00 8282.00
9307.00 8278.00 8362.00
9323.00 8567.00 8177.00
9327.00 8096.00 8222.00
9370.00 8366.00 8121.00
9371.00 8610.00 7952.00
9382.00 8231.00 8208.00
9384.00 8479.00 8055.00
9472.00 8059.00 8149.00
9552.00 8258.00 7967.00
7693.00 8811.00 9075.00
7749.00 8572.00 9177.00
7777.00 9188.00 8637.00
7792.00 9350.00 8513.00
7832.00 9094.00 8733.00
7898.00 8779.00 9133.00
7901.00 8778.00 9019.00
7915.00 8934.00 9016.00
7932.00 9432.00 8356.00
7965.00 9230.00 8585.00
7967.00 9010.00 8873.00
8016.00 9440.00 8212.00
8021.00 8673.00 9152.00
8033.00 8261.00 9217.00
8057.00 9141.00 8713.00
8075.00 8321.00 9091.00
8092.00 8888.00 8916.00
8104.00 9294.00 8436.00
8113.00 8781.00 9000.00
8115.00 9476.00 8034.00
8129.00 9217.00 8561.00
8134.00 8615.00 8996.00
8137.00 8055.00 9087.00
8139.00 9029.00 8820.00
8172.00 9383.00 8277.00
8183.00 8538.00 9085.00
8198.00 8668.00 8902.00
8214.00 9147.00 8653.00
8260.00 8974.00 8865.00
8262.00 8853.00 8901.00
8275.00 9407.00 8107.00
8287.00 9334.00 8389.00
8290.00 8986.00 8705.00
8292.00 8383.00 9019.00
8309.00 9443.00 7947.00
8320.00 9520.00 7824.00
8377.00 8648.00 8917.00
8385.00 9076.00 8558.00
8389.00 9348.00 8251.00
8392.00 8837.00 8852.00
8401.00 9289.00 8134.00
8413.00 8975.00 8650.00
8421.00 8863.00 8715.00
8437.00 8557.00 8995.00
8452.00 8128.00 8963.00
8458.00 9461.00 7774.00
8464.00 9260.00 8429.00
8474.00 8771.00 8741.00
8527.00 8650.00 8833.00
8529.00 9031.00 8592.00
8550.00 9180.00 8521.00
8553.00 8892.00 8620.00
8577.00 8572.00 8947.00
8577.00 9245.00 8189.00
8578.00 9159.00 8333.00
8583.00 9350.00 7922.00
8593.00 8779.00 8717.00
8616.00 9305.00 8083.00
8669.00 8674.00 8827.00
8693.00 8955.00 8609.00
8709.00 9158.00 8393.00
8713.00 8411.00 8876.00
8717.00 9079.00 8307.00
8737.00 8721.00 8710.00
8739.00 8820.00 8625.00
8744.00 9333.00 7894.00
8757.00 9236.00 8059.00
8770.00 9046.00 8498.00
8778.00 8502.00 8758.00
8835.00 9199.00 7803.00
8838.00 8935.00 8511.00
8845.00 9146.00 8175.00
8875.00 9039.00 8379.00
8889.00 8667.00 8611.00
8903.00 8874.00 8607.00
8903.00 9166.00 8017.00
8972.00 8535.00 8658.00
8988.00 8845.00 8427.00
8998.00 9155.00 8157.00
9007.00 8751.00 8576.00
9030.00 8340.00 8634.00
9038.00 8972.00 8287.00
9059.00 8731.00 8434.00
9059.00 9181.00 8005.00
9096.00 8872.00 8122.00
9111.00 9006.00 7793.00
9113.00 8950.00 7953.00
9160.00 8533.00 8480.00
9164.00 8654.00 8385.00
9210.00 8840.00 8363.00
9233.00 8757.00 8067.00
9272.00 8735.00 8277.00
9278.00 8552.00 8379.00
9320.00 8861.00 8047.00
9338.00 8717.00 8051.00
9380.00 8537.00 8248.00
9413.00 8737.00 7917.00
9414.00 8632.00 8181.00
9449.00 8548.00 7973.00
9501.00 8291.00 8073.00
7773.00 9252.00 8557.00
7837.00 8971.00 8811.00
7847.00 8724.00 9018.00
7944.00 8662.00 9021.00
7953.00 8165.00 9196.00
7980.00 8448.00 9153.00
7988.00 8341.00 9148.00
8027.00 9227.00 8630.00
8064.00 8793.00 8991.00
8130.00 8262.00 9157.00
8152.00 9247.00 8532.00
8179.00 8723.00 8967.00
8188.00 8544.00 9103.00
8198.00 8855.00 8935.00
8199.00 9206.00 8660.00
8209.00 9052.00 8698.00
8224.00 8970.00 8839.00
8291.00 8818.00 8773.00
8295.00 9326.00 8438.00
8314.00 8745.00 8943.00
8325.00 8500.00 9123.00
8372.00 9012.00 8733.00
8376.00 8413.00 9097.00
8405.00 8690.00 8851.00
8415.00 8940.00 8673.00
8424.00 8478.00 8960.00
8426.00 8809.00 8842.00
8435.00 9408.00 8234.00
8479.00 8895.00 8742.00
8501.00 9136.00 8662.00
8533.00 9000.00 8604.00
8534.00 9404.00 8081.00
8535.00 8712.00 8707.00
8541.00 9242.00 8514.00
8545.00 9321.00 8233.00
8551.00 9490.00 7993.00
8563.00 8116.00 9047.00
8575.00 8608.00 8932.00
8583.00 8367.00 8982.00
8597.00 9317.00 8050.00
8631.00 8640.00 8822.00
8632.00 9220.00 8413.00
8637.00 9112.00 8437.00
8658.00 9091.00 8552.00
8681.00 9111.00 8342.00
8686.00 8361.00 8964.00
8692.00 9251.00 8130.00
8701.00 8709.00 8739.00
8705.00 8356.00 8832.00
8713.00 8544.00 8821.00
8723.00 9318.00 7993.00
8730.00 9040.00 8411.00
8734.00 9216.00 8331.00
8735.00 7936.00 8942.00
8735.00 8947.00 8625.00
8797.00 9077.00 8336.00
8834.00 8254.00 8877.00
8834.00 8598.00 8753.00
8849.00 8646.00 8631.00
8849.00 9227.00 8100.00
8858.00 8106.00 8872.00
8858.00 8841.00 8615.00
8866.00 9002.00 8509.00
8867.00 8431.00 8739.00
8874.00 9173.00 8263.00
8890.00 9249.00 7890.00
8891.00 8797.00 8454.00
8917.00 9012.00 8351.00
8951.00 8982.00 8223.00
8953.00 9141.00 8030.00
8981.00 8344.00 8808.00
8983.00 8543.00 8661.00
8995.00 9096.00 8187.00
8999.00 8914.00 8328.00
9004.00 8772.00 8629.00
9029.00 9187.00 7913.00
9036.00 8430.00 8732.00
9058.00 8774.00 8431.00
9103.00 8684.00 8509.00
9110.00 8508.00 8618.00
9128.00 8788.00 8294.00
9176.00 8677.00 8414.00
9180.00 8420.00 8542.00
9190.00 8919.00 8272.00
9203.00 8126.00 8530.00
9208.00 9095.00 8095.00
9220.00 8551.00 8424.00
9225.00 7977.00 8525.00
9228.00 8927.00 8064.00
9229.00 8653.00 8293.00
9235.00 8241.00 8427.00
9253.00 8081.00 8334.00
9260.00 8762.00 7944.00
9278.00 8758.00 8041.00
9337.00 8756.00 8214.00
9360.00 8584.00 8212.00
9373.00 8540.00 8105.00
9381.00 8282.00 8238.00
9442.00 8595.00 7923.00
9520.00 8528.00 7912.00
7618.00 9048.00 8816.00
7761.00 9091.00 8643.00
7797.00 8347.00 9151.00
7857.00 8044.00 9218.00
7987.00 8192.00 9140.00
7993.00 9011.00 8789.00
8002.00 8547.00 9016.00
8029.00 8383.00 9084.00
8031.00 8913.00 8925.00
8075.00 9205.00 8578.00
8088.00 9320.00 8372.00
8090.00 8723.00 8955.00
8174.00 8952.00 8895.00
8206.00 8476.00 9075.00
8217.00 8787.00 8840.00
8224.00 8218.00 9104.00
8247.00 9345.00 8242.00
8253.00 9296.00 8353.00
8254.00 9204.00 8580.00
8255.00 8042.00 9155.00
8263.00 9481.00 7971.00
8300.00 9061.00 8767.00
8322.00 8581.00 8961.00
8327.00 8336.00 9042.00
8340.00 8712.00 8900.00
8351.00 9042.00 8601.00
8356.00 9192.00 8449.00
8359.00 9230.00 8266.00
8417.00 8211.00 9085.00
8417.00 8545.00 8869.00
8443.00 8388.00 9023.00
8445.00 9323.00 8204.00
8450.00 8951.00 8774.00
8463.00 9453.00 8085.00
8499.00 9119.00 8558.00
8505.00 8519.00 8988.00
8516.00 8909.00 8678.00
8519.00 8723.00 8837.00
8519.00 9350.00 7963.00
8524.00 8010.00 9062.00
8535.00 9126.00 8375.00
8547.00 8205.00 8984.00
8577.00 8614.00 8866.00
8577.00 9231.00 8190.00
8606.00 8449.00 8934.00
8612.00 9347.00 7845.00
8615.00 9017.00 8631.00
8646.00 8279.00 8822.00
8663.00 8888.00 8700.00
8666.00 8072.00 8887.00
8694.00 9109.00 8475.00
8712.00 9294.00 7929.00
8731.00 8813.00 8801.00
8734.00 8649.00 8789.00
8735.00 8486.00 8790.00
8776.00 9172.00 8240.00
8783.00 9257.00 7804.00
8819.00 8724.00 8695.00
8822.00 9246.00 8039.00
8824.00 8999.00 8622.00
8841.00 8383.00 8688.00
8869.00 8562.00 8673.00
8878.00 8172.00 8739.00
8886.00 9072.00 8349.00
8896.00 9138.00 7939.00
8907.00 7965.00 8794.00
8907.00 9088.00 8186.00
8930.00 9043.00 8048.00
8932.00 8960.00 8483.00
8934.00 8811.00 8573.00
8994.00 8625.00 8611.00
8997.00 8949.00 8227.00
8999.00 9199.00 7768.00
9001.00 8381.00 8628.00
9015.00 9018.00 7849.00
9037.00 8217.00 8581.00
9043.00 8880.00 8500.00
9069.00 8680.00 8495.00
9092.00 8728.00 8325.00
9096.00 8541.00 8545.00
9104.00 8812.00 8207.00
9105.00 8988.00 8115.00
9107.00 8583.00 8342.00
9130.00 8790.00 8051.00
9146.00 8179.00 8673.00
9166.00 8390.00 8524.00
9169.00 8977.00 7962.00
9219.00 8862.00 7781.00
9252.00 8738.00 7894.00
9270.00 8705.00 8283.00
9284.00 8556.00 8290.00
9310.00 8537.00 8144.00
9321.00 8577.00 8032.00
9322.00 8207.00 8469.00
9324.00 8502.00 8452.00
9356.00 8154.00 8377.00
9389.00 8403.00 8350.00
9417.00 8535.00 8169.00
9471.00 8370.00 8229.00
9500.00 8300.00 8067.00
7495.00 8661.00 9095.00
7711.00 8346.00 9282.00
7785.00 9385.00 8355.00
7793.00 9034.00 8744.00
7841.00 8249.00 9199.00
7869.00 8899.00 8787.00
7871.00 8793.00 8988.00
7910.00 8423.00 9191.00
7941.00 8529.00 9083.00
7988.00 8965.00 8742.00
8034.00 9251.00 8588.00
8042.00 8699.00 9007.00
8053.00 8511.00 9170.00
8080.00 9525.00 8065.00
8096.00 9297.00 8451.00
8126.00 8268.00 9198.00
8138.00 8611.00 9052.00
8143.00 9153.00 8619.00
8156.00 8890.00 8860.00
8162.00 8766.00 8955.00
8170.00 9448.00 8200.00
8173.00 8975.00 8732.00
8189.00 8016.00 9128.00
8210.00 9505.00 7976.00
8218.00 8475.00 9105.00
8248.00 8611.00 8918.00
8284.00 9279.00 8452.00
8291.00 9431.00 8131.00
8298.00 9280.00 8223.00
8300.00 9139.00 8647.00
8322.00 8139.00 9103.00
8328.00 9162.00 8512.00
8345.00 8878.00 8876.00
8354.00 8355.00 9075.00
8354.00 8522.00 9031.00
8370.00 9050.00 8723.00
8386.00 7922.00 9094.00
8414.00 9273.00 8376.00
8455.00 8588.00 8954.00
8462.00 8943.00 8653.00
8470.00 8687.00 8863.00
8478.00 9316.00 8219.00
8482.00 8898.00 8778.00
8507.00 8211.00 9043.00
8528.00 8513.00 8847.00
8530.00 8357.00 9032.00
8530.00 9128.00 8628.00
8530.00 9490.00 8053.00
8600.00 9380.00 7834.00
8605.00 9275.00 8302.00
8619.00 8642.00 8763.00
8644.00 9282.00 8112.00
8653.00 8171.00 9067.00
8657.00 8839.00 8729.00
8670.00 8334.00 9011.00
8683.00 9030.00 8555.00
8711.00 8501.00 8968.00
8762.00 8086.00 8976.00
8785.00 8930.00 8694.00
8808.00 9098.00 8470.00
8809.00 9238.00 8282.00
8812.00 8343.00 8951.00
8816.00 8761.00 8592.00
8823.00 8596.00 8623.00
8848.00 8962.00 8368.00
8870.00 8485.00 8870.00
8884.00 9074.00 8278.00
8887.00 8196.00 8807.00
8904.00 8955.00 8498.00
8910.00 8532.00 8744.00
8930.00 7861.00 8793.00
8932.00 8896.00 8305.00
8948.00 9198.00 8193.00
8965.00 8045.00 8720.00
8965.00 8396.00 8707.00
8971.00 8697.00 8550.00
8971.00 9006.00 8008.00
8973.00 8987.00 8175.00
9030.00 8321.00 8616.00
9040.00 8846.00 8100.00
9083.00 8819.00 8461.00
9097.00 8641.00 8315.00
9111.00 8818.00 8278.00
9118.00 8556.00 8501.00
9119.00 8146.00 8698.00
9159.00 8494.00 8301.00
9161.00 8368.00 8458.00
9189.00 8296.00 8304.00
9206.00 8741.00 8173.00
9224.00 8216.00 8553.00
9224.00 8865.00 7991.00
9237.00 8398.00 8205.00
9252.00 8602.00 7909.00
9301.00 8080.00 8276.00
9329.00 7968.00 8425.00
9334.00 8565.00 8160.00
9387.00 8270.00 8273.00
9408.00 8266.00 8021.00
9415.00 8395.00 7757.00
9472.00 8106.00 8087.00
7828.00 8815.00 9064.00
7949.00 8563.00 9099.00
7954.00 9192.00 8659.00
7959.00 9448.00 8459.00
7962.00 9027.00 8863.00
7966.00 8950.00 9016.00
7971.00 8757.00 9070.00
8048.00 8657.00 9017.00
8054.00 9417.00 8234.00
8072.00 9187.00 8680.00
8103.00 9387.00 8396.00
8116.00 9308.00 8337.00
8124.00 9076.00 8777.00
8143.00 9271.00 8596.00
8157.00 8910.00 8993.00
8159.00 8537.00 9097.00
8163.00 8932.00 8850.00
8191.00 8715.00 8957.00
8210.00 8393.00 9209.00
8218.00 9382.00 8306.00
8225.00 9179.00 8659.00
8259.00 8455.00 9098.00
8264.00 9283.00 8491.00
8268.00 9008.00 8836.00
8279.00 9014.00 8719.00
8285.00 8213.00 9240.00
8307.00 8277.00 9089.00
8312.00 8616.00 9042.00
8332.00 8765.00 8875.00
8344.00 9037.00 8638.00
8346.00 8934.00 8775.00
8348.00 9296.00 8381.00
8349.00 9414.00 8194.00
8386.00 8403.00 9087.00
8419.00 9006.00 8770.00
8431.00 9094.00 8554.00
8440.00 8180.00 9079.00
8444.00 8542.00 8925.00
8470.00 9279.00 8478.00
8479.00 8956.00 8627.00
8492.00 8694.00 8922.00
8503.00 9306.00 8376.00
8505.00 8413.00 8971.00
8508.00 9382.00 8042.00
8517.00 9163.00 8553.00
8519.00 8832.00 8815.00
8547.00 9372.00 8256.00
8587.00 8158.00 9030.00
8592.00 9072.00 8475.00
8593.00 8633.00 8866.00
8614.00 9343.00 7829.00
8622.00 8465.00 8943.00
8649.00 9002.00 8601.00
8654.00 8306.00 9009.00
8656.00 8742.00 8854.00
8674.00 9326.00 8284.00
8697.00 8497.00 8836.00
8699.00 8827.00 8811.00
8707.00 8818.00 8656.00
8735.00 8670.00 8830.00
8745.00 8410.00 9001.00
8752.00 9078.00 8421.00
8799.00 8500.00 8680.00
8822.00 9334.00 8128.00
8830.00 8448.00 8877.00
8832.00 8289.00 8967.00
8861.00 9231.00 8386.00
8878.00 8374.00 8790.00
8881.00 9002.00 8435.00
8883.00 8894.00 8585.00
8892.00 9213.00 8102.00
8919.00 8146.00 8784.00
8931.00 9100.00 8326.00
8943.00 8864.00 8407.00
8958.00 8744.00 8495.00
8982.00 8639.00 8652.00
8983.00 8536.00 8673.00
8992.00 9156.00 7973.00
9015.00 9119.00 8091.00
9029.00 9031.00 8269.00
9060.00 8927.00 8310.00
9063.00 8410.00 8707.00
9078.00 8213.00 8708.00
9078.00 8690.00 8618.00
9099.00 8578.00 8461.00
9115.00 9060.00 7949.00
9116.00 9035.00 8185.00
9120.00 8797.00 8357.00
9121.00 8714.00 8457.00
9132.00 8851.00 8202.00
9145.00 8263.00 8576.00
9183.00 8458.00 8570.00
9208.00 8323.00 8455.00
9222.00 8620.00 8262.00
9223.00 8913.00 8057.00
9310.00 8822.00 8247.00
9324.00 8783.00 7898.00
9333.00 8472.00 7904.00
9377.00 8231.00 8350.00
9487.00 8429.00 8128.00
7860.00 8341.00 9195.00
7937.00 8491.00 9164.00
7989.00 8766.00 9104.00
8078.00 8333.00 9202.00
8135.00 8488.00 9157.00
8162.00 8682.00 9034.00
8224.00 8179.00 9160.00
8247.00 8547.00 9024.00
8256.00 8770.00 8950.00
8271.00 8639.00 8936.00
8282.00 9115.00 8714.00
8286.00 8421.00 9046.00
8290.00 8296.00 9098.00
8350.00 9044.00 8668.00
8380.00 8499.00 9035.00
8423.00 8243.00 9061.00
8440.00 9093.00 8613.00
8478.00 8374.00 9031.00
8482.00 8736.00 8838.00
8487.00 8594.00 9020.00
8500.00 9175.00 8397.00
8507.00 8032.00 9047.00
8518.00 9171.00 8582.00
8544.00 9308.00 8276.00
8554.00 8491.00 8945.00
8584.00 8987.00 8651.00
8591.00 9386.00 8031.00
8596.00 8578.00 8884.00
8600.00 9045.00 8499.00
8616.00 8254.00 9033.00
8622.00 8885.00 8772.00
8659.00 9206.00 8367.00
8684.00 9144.00 8488.00
8688.00 8717.00 8868.00
8701.00 8760.00 8733.00
8715.00 8407.00 8972.00
8745.00 8901.00 8659.00
8747.00 8147.00 8984.00
8759.00 9292.00 8223.00
8775.00 9170.00 8323.00
8783.00 9348.00 7845.00
8787.00 8523.00 8907.00
8797.00 8644.00 8782.00
8798.00 8389.00 8895.00
8798.00 9156.00 8199.00
8812.00 9002.00 8543.00
8839.00 9080.00 8439.00
8862.00 9269.00 7954.00
8864.00 8262.00 8950.00
8866.00 8975.00 8359.00
8869.00 8878.00 8512.00
8882.00 8429.00 8854.00
8899.00 9236.00 8100.00
8902.00 9101.00 8264.00
8905.00 8784.00 8633.00
8923.00 7969.00 8795.00
8923.00 8676.00 8657.00
8952.00 9043.00 8119.00
8953.00 8819.00 8541.00
8957.00 8962.00 8482.00
8997.00 8356.00 8789.00
9004.00 9175.00 8012.00
9025.00 8934.00 8319.00
9026.00 8855.00 8415.00
9029.00 8575.00 8620.00
9043.00 8436.00 8629.00
9079.00 8174.00 8767.00
9083.00 8697.00 8502.00
9109.00 8999.00 8271.00
9110.00 8923.00 8072.00
9111.00 8324.00 8680.00
9122.00 8907.00 8194.00
9159.00 8519.00 8597.00
9182.00 8653.00 8576.00
9189.00 8789.00 8448.00
9191.00 9048.00 8021.00
9193.00 8677.00 8382.00
9196.00 8285.00 8558.00
9196.00 8974.00 7922.00
9203.00 8982.00 7710.00
9218.00 8391.00 8469.00
9236.00 8859.00 8268.00
9237.00 8517.00 8383.00
9238.00 8890.00 8135.00
9242.00 8747.00 8188.00
9254.00 8819.00 7966.00
9281.00 8239.00 8472.00
9292.00 8568.00 8245.00
9332.00 8711.00 7970.00
9333.00 8861.00 7828.00
9338.00 8773.00 7750.00
9341.00 8212.00 8300.00
9356.00 8410.00 8240.00
9364.00 8489.00 8098.00
9371.00 8222.00 8118.00
9376.00 8313.00 8013.00
9438.00 8617.00 8009.00
9447.00 8469.00 7873.00
9480.00 8658.00 7845.00
9544.00 8358.00 7831.00
7576.00 9100.00 8996.00
7653.00 9090.00 8827.00
7662.00 8430.00 9221.00
7701.00 8664.00 9211.00
7795.00 8832.00 9029.00
7805.00 9115.00 8821.00
7816.00 8965.00 8895.00
7836.00 9394.00 8440.00
7864.00 8459.00 9199.00
7891.00 8168.00 9293.00
7945.00 9128.00 8736.00
7946.00 9314.00 8464.00
7974.00 8996.00 8801.00
7977.00 8665.00 9195.00
8009.00 8783.00 9106.00
8067.00 9223.00 8648.00
8085.00 8537.00 9132.00
8108.00 8345.00 9125.00
8109.00 9125.00 8767.00
8137.00 8877.00 8871.00
8155.00 8812.00 9058.00
8160.00 9214.00 8493.00
8183.00 8992.00 8798.00
8224.00 9202.00 8625.00
8250.00 9471.00 8212.00
8261.00 9089.00 8691.00
8274.00 8849.00 8875.00
8299.00 8514.00 9070.00
8299.00 8733.00 8994.00
8323.00 8250.00 9091.00
8333.00 9353.00 8359.00
8334.00 8003.00 9088.00
8345.00 9016.00 8613.00
8350.00 9237.00 8421.00
8373.00 8667.00 8861.00
8390.00 9405.00 7949.00
8409.00 8985.00 8822.00
8423.00 8868.00 8735.00
8439.00 9167.00 8582.00
8443.00 8455.00 8940.00
8485.00 9170.00 8343.00
8500.00 9351.00 8328.00
8501.00 9314.00 8069.00
8503.00 9478.00 7782.00
8506.00 8321.00 8949.00
8516.00 9266.00 8204.00
8539.00 8996.00 8726.00
8540.00 8103.00 8985.00
8582.00 8483.00 8925.00
8583.00 8956.00 8603.00
8587.00 8842.00 8848.00
8595.00 9288.00 7824.00
8610.00 9235.00 8122.00
8632.00 8664.00 8898.00
8640.00 8783.00 8684.00
8650.00 9063.00 8504.00
8655.00 9374.00 7699.00
8688.00 9167.00 8383.00
8724.00 8901.00 8586.00
8734.00 8317.00 8917.00
8745.00 8596.00 8764.00
8757.00 9211.00 7893.00
8777.00 9200.00 8092.00
8794.00 9043.00 8425.00
8817.00 9318.00 7741.00
8826.00 8013.00 8828.00
8839.00 8729.00 8736.00
8842.00 8681.00 8574.00
8876.00 8504.00 8766.00
8877.00 8952.00 8375.00
8890.00 8876.00 8498.00
8894.00 9097.00 8285.00
8923.00 9198.00 8153.00
8928.00 7842.00 8836.00
8962.00 8607.00 8730.00
9008.00 8618.00 8583.00
9015.00 8290.00 8826.00
9042.00 8822.00 8497.00
9053.00 8909.00 8357.00
9056.00 9076.00 8041.00
9057.00 9048.00 8227.00
9075.00 8502.00 8474.00
9093.00 8501.00 8649.00
9108.00 8239.00 8659.00
9130.00 8035.00 8797.00
9156.00 7996.00 8614.00
9156.00 8740.00 8412.00
9157.00 8603.00 8410.00
9165.00 8764.00 8225.00
9233.00 8950.00 8207.00
9247.00 8458.00 8397.00
9249.00 8361.00 8591.00
9278.00 8941.00 7958.00
9283.00 8844.00 8089.00
9289.00 8582.00 8342.00
9298.00 8277.00 8458.00
9309.00 8177.00 8347.00
9337.00 8799.00 8224.00
9386.00 8606.00 8180.00
9416.00 8195.00 8124.00
7508.00 8658.00 9131.00
7619.00 8745.00 9018.00
7641.00 8288.00 9220.00
7772.00 8793.00 8996.00
7774.00 9000.00 8947.00
7843.00 8612.00 9055.00
7870.00 9134.00 8803.00
7890.00 8462.00 9136.00
7938.00 9456.00 8169.00
7966.00 8728.00 8996.00
7986.00 9372.00 8366.00
8006.00 8983.00 8902.00
8035.00 9120.00 8820.00
8054.00 8297.00 9151.00
8060.00 9274.00 8531.00
8139.00 8725.00 8974.00
8146.00 9419.00 8129.00
8162.00 9008.00 8788.00
8169.00 8888.00 8903.00
8175.00 8579.00 9115.00
8230.00 9265.00 8525.00
8244.00 8239.00 9124.00
8249.00 9148.00 8652.00
8266.00 9352.00 8353.00
8267.00 8787.00 8957.00
8272.00 8796.00 8811.00
8299.00 9143.00 8766.00
8313.00 8572.00 9024.00
8335.00 9015.00 8771.00
8338.00 9405.00 8192.00
8363.00 9300.00 8307.00
8370.00 8584.00 8840.00
8378.00 9234.00 8537.00
8417.00 9407.00 8034.00
8418.00 8790.00 8829.00
8435.00 8306.00 9114.00
8447.00 9123.00 8585.00
8465.00 8924.00 8787.00
8472.00 9217.00 8332.00
8477.00 8493.00 9053.00
8485.00 8278.00 9002.00
8486.00 9210.00 8459.00
8512.00 8682.00 8802.00
8528.00 8544.00 8805.00
8579.00 9365.00 8197.00
8592.00 8829.00 8726.00
8614.00 8523.00 8886.00
8619.00 8328.00 8982.00
8625.00 9359.00 8033.00
8628.00 9048.00 8583.00
8628.00 9184.00 8549.00
8635.00 9294.00 8330.00
8674.00 8972.00 8677.00
8686.00 9243.00 8137.00
8692.00 9112.00 8370.00
8693.00 8976.00 8465.00
8701.00 9314.00 7901.00
8716.00 8816.00 8754.00
8726.00 8531.00 8844.00
8739.00 9227.00 8002.00
8745.00 8352.00 8895.00
8749.00 9200.00 8290.00
8754.00 9076.00 8145.00
8780.00 8667.00 8744.00
8802.00 8873.00 8681.00
8807.00 8973.00 8608.00
8840.00 8227.00 8796.00
8863.00 8974.00 8425.00
8863.00 9277.00 7875.00
8864.00 8812.00 8576.00
8864.00 9168.00 8103.00
8886.00 8700.00 8677.00
8898.00 8528.00 8751.00
8928.00 9025.00 8038.00
8950.00 9010.00 8282.00
8978.00 9173.00 7990.00
9005.00 8904.00 8483.00
9019.00 9037.00 7823.00
9034.00 8497.00 8645.00
9052.00 8986.00 8066.00
9072.00 8895.00 8314.00
9080.00 8710.00 8618.00
9092.00 8305.00 8631.00
9111.00 8556.00 8477.00
9124.00 8331.00 8503.00
9139.00 8766.00 8443.00
9141.00 8878.00 8155.00
9147.00 8682.00 8351.00
9154.00 8861.00 7918.00
9182.00 8741.00 8171.00
9264.00 8631.00 8407.00
9289.00 8648.00 8248.00
9295.00 8480.00 8389.00
9311.00 8419.00 8277.00
9333.00 8607.00 8008.00
9368.00 8369.00 8188.00
9382.00 8320.00 8363.00
9389.00 8543.00 8160.00
9513.00 8515.00 7974.00
9531.00 8343.00 8000.00
7872.00 8545.00 9151.00
7957.00 8365.00 9162.00
7998.00 8973.00 8892.00
8013.00 8951.00 9021.00
8070.00 8764.00 9056.00
8113.00 9102.00 8743.00
8131.00 8847.00 8912.00
8146.00 8562.00 9057.00
8162.00 8353.00 9118.00
8182.00 9002.00 8858.00
8211.00 8459.00 9101.00
8228.00 8762.00 9010.00
8247.00 9217.00 8615.00
8269.00 8319.00 9109.00
8295.00 8855.00 8897.00
8306.00 9319.00 8435.00
8318.00 8617.00 8974.00
8328.00 8958.00 8817.00
8361.00 9432.00 8224.00
8372.00 8462.00 8995.00
8406.00 8871.00 8832.00
8429.00 8345.00 9107.00
8450.00 9096.00 8614.00
8453.00 9191.00 8433.00
8487.00 8796.00 8953.00
8511.00 8329.00 9026.00
8520.00 8445.00 8965.00
8525.00 9083.00 8760.00
8542.00 8617.00 8896.00
8546.00 9431.00 8067.00
8550.00 8896.00 8712.00
8552.00 8809.00 8797.00
8562.00 8703.00 8768.00
8588.00 9301.00 8294.00
8592.00 8102.00 8945.00
8609.00 9056.00 8595.00
8623.00 8451.00 8920.00
8629.00 9353.00 8157.00
8630.00 8517.00 8823.00
8659.00 9258.00 8404.00
8684.00 9000.00 8692.00
8686.00 9099.00 8469.00
8703.00 8743.00 8730.00
8717.00 8580.00 8820.00
8730.00 8849.00 8692.00
8755.00 8800.00 8565.00
8759.00 9257.00 8193.00
8776.00 8398.00 8834.00
8785.00 9304.00 7942.00
8786.00 9176.00 8353.00
8789.00 8901.00 8531.00
8815.00 9011.00 8527.00
8822.00 8255.00 8913.00
8828.00 9165.00 8014.00
8834.00 8077.00 8856.00
8845.00 9033.00 8300.00
8850.00 8637.00 8818.00
8855.00 7943.00 8866.00
8862.00 8545.00 8735.00
8877.00 8829.00 8503.00
8885.00 9163.00 8148.00
8894.00 9202.00 7825.00
8895.00 8132.00 8774.00
8898.00 8305.00 8743.00
8901.00 9024.00 8444.00
8903.00 8903.00 8420.00
8915.00 8713.00 8698.00
8943.00 9093.00 7943.00
8947.00 8994.00 8294.00
8979.00 8787.00 8591.00
9017.00 8550.00 8718.00
9018.00 7992.00 8749.00
9031.00 8337.00 8692.00
9048.00 9063.00 8217.00
9052.00 8969.00 8133.00
9058.00 9131.00 7828.00
9059.00 8782.00 8495.00
9064.00 8577.00 8544.00
9079.00 8903.00 8282.00
9100.00 8871.00 8392.00
9116.00 8094.00 8666.00
9128.00 8708.00 8322.00
9154.00 8151.00 8561.00
9165.00 8860.00 8101.00
9167.00 8661.00 8526.00
9177.00 9017.00 8004.00
9186.00 9074.00 7867.00
9187.00 8186.00 8452.00
9210.00 8491.00 8434.00
9253.00 8791.00 8281.00
9268.00 8668.00 8116.00
9279.00 8850.00 7917.00
9288.00 8155.00 8430.00
9295.00 8841.00 7802.00
9311.00 8740.00 8110.00
9334.00 8623.00 8397.00
9367.00 8243.00 8375.00
9371.00 8501.00 8106.00
9375.00 8483.00 8262.00
9445.00 8386.00 7815.00
7668.00 9061.00 8828.00
7789.00 9197.00 8731.00
7863.00 9095.00 8773.00
7882.00 9291.00 8701.00
7904.00 9348.00 8577.00
7924.00 8805.00 8955.00
7937.00 9036.00 8916.00
7956.00 9479.00 8322.00
8004.00 9259.00 8612.00
8017.00 9164.00 8766.00
8022.00 8622.00 9076.00
8066.00 8107.00 9181.00
8094.00 9012.00 8916.00
8110.00 8923.00 8813.00
8114.00 9440.00 8395.00
8123.00 8708.00 8974.00
8132.00 8785.00 8882.00
8141.00 9536.00 8201.00
8142.00 8477.00 9060.00
8198.00 9543.00 8052.00
8207.00 7950.00 9120.00
8214.00 8234.00 9077.00
8214.00 9172.00 8607.00
8232.00 9401.00 8539.00
8245.00 9104.00 8727.00
8256.00 9488.00 8232.00
8295.00 8570.00 8974.00
8296.00 9329.00 8407.00
8336.00 8817.00 8830.00
8347.00 8182.00 9037.00
8352.00 8445.00 8988.00
8367.00 9138.00 8606.00
8373.00 8995.00 8796.00
8389.00 7928.00 9073.00
8414.00 9296.00 8601.00
8418.00 9490.00 8219.00
8437.00 8564.00 8984.00
8445.00 8357.00 8986.00
8455.00 9412.00 8377.00
8470.00 8905.00 8695.00
8485.00 9416.00 8127.00
8497.00 9109.00 8672.00
8497.00 9432.00 7929.00
8503.00 8028.00 9002.00
8526.00 8703.00 8952.00
8544.00 8509.00 8917.00
8562.00 8654.00 8828.00
8562.00 9391.00 8282.00
8569.00 9302.00 8176.00
8592.00 8848.00 8777.00
8603.00 8168.00 8882.00
8613.00 9239.00 8479.00
8629.00 9366.00 8063.00
8644.00 9062.00 8504.00
8649.00 8394.00 8872.00
8650.00 9225.00 8323.00
8651.00 9001.00 8684.00
8662.00 9364.00 7871.00
8730.00 8067.00 8968.00
8734.00 8258.00 8876.00
8740.00 9066.00 8360.00
8756.00 8549.00 8870.00
8760.00 8785.00 8755.00
8765.00 8970.00 8579.00
8769.00 8344.00 8776.00
8787.00 9333.00 8040.00
8830.00 9183.00 8204.00
8842.00 9184.00 7987.00
8859.00 9052.00 8436.00
8875.00 8661.00 8726.00
8879.00 8948.00 8674.00
8885.00 8798.00 8574.00
8897.00 8474.00 8684.00
8916.00 8216.00 8822.00
8955.00 9162.00 7874.00
8963.00 8943.00 8440.00
8987.00 8605.00 8593.00
9030.00 8779.00 8592.00
9036.00 9155.00 8086.00
9042.00 8256.00 8763.00
9044.00 8895.00 8315.00
9045.00 8391.00 8741.00
9054.00 9089.00 8217.00
9055.00 8669.00 8514.00
9057.00 8384.00 8601.00
9063.00 8499.00 8530.00
9066.00 8858.00 8464.00
9135.00 8199.00 8596.00
9151.00 8756.00 8426.00
9195.00 8690.00 8169.00
9200.00 8652.00 8342.00
9200.00 8780.00 7865.00
9251.00 8416.00 8567.00
9265.00 8315.00 8417.00
9329.00 8570.00 8412.00
9329.00 8645.00 8280.00
9359.00 8330.00 8299.00
9361.00 8502.00 8258.00
9434.00 8068.00 8200.00
9508.00 8308.00 8095.00
7661.00 9468.00 8250.00
7670.00 9219.00 8644.00
7783.00 9320.00 8385.00
7825.00 9522.00 8211.00
7846.00 9254.00 8531.00
7950.00 9054.00 8854.00
7963.00 8898.00 8888.00
7970.00 9512.00 8061.00
8048.00 8446.00 9070.00
8055.00 9057.00 8691.00
8062.00 8733.00 8863.00
8124.00 9420.00 8356.00
8133.00 8905.00 8847.00
8151.00 9476.00 8146.00
8172.00 9300.00 8419.00
8198.00 9188.00 8674.00
8240.00 8880.00 8745.00
8252.00 9040.00 8656.00
8258.00 8736.00 8849.00
8273.00 9293.00 8302.00
8280.00 9230.00 8474.00
8291.00 8486.00 9063.00
8314.00 8191.00 9085.00
8341.00 9472.00 8242.00
8351.00 8770.00 8761.00
8358.00 9539.00 7948.00
8373.00 8982.00 8729.00
8380.00 9450.00 8101.00
8405.00 9226.00 8512.00
8415.00 9252.00 8367.00
8422.00 8717.00 8954.00
8428.00 9133.00 8626.00
8466.00 8594.00 9032.00
8470.00 8676.00 8823.00
8517.00 8750.00 8696.00
8541.00 8970.00 8671.00
8546.00 9277.00 8311.00
8553.00 8393.00 9059.00
8559.00 9152.00 8390.00
8583.00 9418.00 8243.00
8593.00 8588.00 8866.00
8596.00 8161.00 8958.00
8606.00 9567.00 7931.00
8608.00 9459.00 7993.00
8650.00 8437.00 8880.00
8670.00 9110.00 8631.00
8684.00 8886.00 8667.00
8690.00 9312.00 8215.00
8693.00 9438.00 7778.00
8709.00 8539.00 8808.00
8732.00 9370.00 8009.00
8745.00 8688.00 8745.00
8761.00 9021.00 8589.00
8765.00 9341.00 7854.00
8769.00 8901.00 8522.00
8783.00 9171.00 8328.00
8800.00 8174.00 8869.00
8822.00 9303.00 8167.00
8835.00 8375.00 8805.00
8855.00 8565.00 8738.00
8862.00 8933.00 8370.00
8867.00 8816.00 8589.00
8933.00 9194.00 8142.00
8940.00 8177.00 8797.00
8953.00 8435.00 8738.00
8962.00 9278.00 7998.00
8971.00 9031.00 8368.00
8993.00 9091.00 8241.00
9002.00 8952.00 8268.00
9002.00 9041.00 8028.00
9005.00 9142.00 7782.00
9007.00 8888.00 8422.00
9012.00 8631.00 8648.00
9043.00 8772.00 8583.00
9055.00 8978.00 8176.00
9057.00 8784.00 8261.00
9058.00 8388.00 8691.00
9075.00 8611.00 8507.00
9116.00 8103.00 8709.00
9118.00 9120.00 7937.00
9120.00 8944.00 7975.00
9137.00 8476.00 8636.00
9168.00 8090.00 8539.00
9170.00 8897.00 8162.00
9184.00 8782.00 8371.00
9200.00 9078.00 7740.00
9208.00 8961.00 7634.00
9210.00 8698.00 8506.00
9213.00 8435.00 8456.00
9242.00 8910.00 7898.00
9262.00 8948.00 7766.00
9287.00 8724.00 8230.00
9305.00 8636.00 8368.00
9324.00 8802.00 8022.00
9360.00 8481.00 8219.00
9377.00 8472.00 8401.00
9387.00 8244.00 8202.00
9444.00 8621.00 8089.00
9457.00 8754.00 7833.00
9512.00 8316.00 8130.00
7561.00 8987.00 8858.00
7687.00 8911.00 8972.00
7740.00 9046.00 8835.00
7789.00 9446.00 8398.00
7820.00 8956.00 8935.00
7822.00 9178.00 8779.00
7850.00 9566.00 8190.00
7884.00 8837.00 9009.00
7911.00 8567.00 9211.00
7955.00 9470.00 8304.00
7968.00 9421.00 8503.00
8000.00 9036.00 8839.00
8026.00 8754.00 9066.00
8032.00 9188.00 8760.00
8047.00 9498.00 8041.00
8090.00 9430.00 8397.00
8098.00 8932.00 8872.00
8100.00 9084.00 8675.00
8121.00 8619.00 9100.00
8124.00 9238.00 8593.00
8153.00 8436.00 9168.00
8172.00 9446.00 8210.00
8215.00 8993.00 8749.00
8216.00 9393.00 8483.00
8241.00 8808.00 8976.00
8245.00 8731.00 9077.00
8272.00 9476.00 7981.00
8285.00 9319.00 8337.00
8328.00 9409.00 8223.00
8337.00 9192.00 8630.00
8345.00 8563.00 9105.00
8352.00 8926.00 8949.00
8371.00 8941.00 8734.00
8390.00 8371.00 8979.00
8410.00 8615.00 8907.00
8436.00 9317.00 8382.00
8444.00 8857.00 8901.00
8458.00 9437.00 8094.00
8473.00 8438.00 8916.00
8484.00 9162.00 8671.00
8499.00 9273.00 8551.00
8524.00 8306.00 9002.00
8525.00 9160.00 8417.00
8545.00 9405.00 8239.00
8565.00 8745.00 8902.00
8569.00 8901.00 8816.00
8582.00 9305.00 8136.00
8592.00 9155.00 8586.00
8592.00 9295.00 8405.00
8600.00 9425.00 8072.00
8605.00 8883.00 8691.00
8624.00 9208.00 8226.00
8647.00 8284.00 8893.00
8656.00 8437.00 8825.00
8667.00 8967.00 8567.00
8682.00 9206.00 8108.00
8709.00 9151.00 8523.00
8723.00 8703.00 8798.00
8731.00 9199.00 8294.00
8754.00 8900.00 8672.00
8755.00 9058.00 8212.00
8756.00 9014.00 8463.00
8759.00 8368.00 8871.00
8769.00 9332.00 7949.00
8784.00 8516.00 8824.00
8799.00 9162.00 8020.00
8847.00 8761.00 8647.00
8851.00 9054.00 8312.00
8854.00 8830.00 8549.00
8865.00 8615.00 8670.00
8874.00 8567.00 8788.00
8899.00 9126.00 8145.00
8908.00 9047.00 8438.00
8948.00 9060.00 7892.00
8963.00 8173.00 8772.00
8969.00 8429.00 8693.00
8975.00 8805.00 8577.00
9030.00 9034.00 8075.00
9032.00 8664.00 8660.00
9053.00 9001.00 8247.00
9058.00 8724.00 8523.00
9075.00 8891.00 8470.00
9084.00 8787.00 8282.00
9132.00 8600.00 8518.00
9165.00 8407.00 8584.00
9171.00 8756.00 8431.00
9190.00 8981.00 8086.00
9197.00 8940.00 7843.00
9199.00 8774.00 8126.00
9228.00 8718.00 8324.00
9233.00 8873.00 7953.00
9243.00 8529.00 8515.00
9256.00 8124.00 8518.00
9330.00 8603.00 8461.00
9333.00 8826.00 7831.00
9339.00 8490.00 8388.00
9343.00 8562.00 8218.00
9364.00 8710.00 8126.00
9435.00 8363.00 8218.00
9451.00 8573.00 7999.00
7824.00 8677.00 9099.00
7878.00 9090.00 8857.00
7923.00 8155.00 9163.00
7971.00 8883.00 8933.00
7983.00 8728.00 9078.00
7983.00 9006.00 8886.00
7994.00 9396.00 8471.00
8024.00 9557.00 7663.00
8044.00 9461.00 8284.00
8070.00 8180.00 9104.00
8076.00 9556.00 7957.00
8080.00 9011.00 8812.00
8089.00 8623.00 8987.00
8100.00 8335.00 9019.00
8106.00 9181.00 8786.00
8135.00 9267.00 8575.00
8143.00 9488.00 8160.00
8184.00 8720.00 8917.00
8197.00 9437.00 8321.00
8200.00 8869.00 8839.00
8224.00 9376.00 8480.00
8238.00 9203.00 8444.00
8249.00 9015.00 8748.00
8294.00 9467.00 8105.00
8310.00 9479.00 7936.00
8320.00 8583.00 9010.00
8340.00 9096.00 8551.00
8347.00 8746.00 8902.00
8381.00 8878.00 8813.00
8401.00 8639.00 8921.00
8404.00 9368.00 8427.00
8419.00 9064.00 8654.00
8476.00 9380.00 8218.00
8492.00 8970.00 8779.00
8497.00 9446.00 7964.00
8511.00 8828.00 8874.00
8530.00 9467.00 7581.00
8533.00 9268.00 8344.00
8536.00 9155.00 8533.00
8559.00 8985.00 8670.00
8561.00 8448.00 8955.00
8599.00 8589.00 8903.00
8619.00 8872.00 8721.00
8644.00 8163.00 8931.00
8644.00 8687.00 8779.00
8648.00 9402.00 8108.00
8669.00 8408.00 8852.00
8671.00 8901.00 8626.00
8672.00 9358.00 8287.00
8674.00 9116.00 8437.00
8684.00 9081.00 8582.00
8690.00 9329.00 7893.00
8713.00 8270.00 8772.00
8737.00 9233.00 8093.00
8749.00 9004.00 8358.00
8776.00 8523.00 8770.00
8783.00 9216.00 8353.00
8795.00 8842.00 8710.00
8814.00 8994.00 8612.00
8827.00 9113.00 8264.00
8839.00 8866.00 8504.00
8840.00 8655.00 8704.00
8864.00 9303.00 7941.00
8872.00 8899.00 8339.00
8917.00 9076.00 8323.00
8932.00 8807.00 8570.00
8934.00 9188.00 7821.00
8950.00 8811.00 8303.00
8952.00 8580.00 8687.00
8965.00 9060.00 8164.00
8989.00 8336.00 8727.00
8989.00 8732.00 8667.00
9017.00 9179.00 7972.00
9050.00 8885.00 8071.00
9059.00 9169.00 7785.00
9070.00 8505.00 8719.00
9080.00 8882.00 8216.00
9087.00 8757.00 8452.00
9123.00 8546.00 8562.00
9134.00 9023.00 8040.00
9153.00 9039.00 7845.00
9157.00 8898.00 7814.00
9169.00 8402.00 8413.00
9187.00 8876.00 7963.00
9198.00 8808.00 8141.00
9201.00 8806.00 8360.00
9242.00 8574.00 8101.00
9250.00 8987.00 7723.00
9259.00 8327.00 8447.00
9279.00 8211.00 8302.00
9294.00 8402.00 8212.00
9302.00 8775.00 8045.00
9351.00 8692.00 7915.00
9358.00 8526.00 8040.00
9376.00 8608.00 7840.00
9378.00 8379.00 8066.00
9415.00 8262.00 7959.00
9420.00 8449.00 7735.00
9424.00 8408.00 7896.00
9425.00 8105.00 8197.00
7747.00 9031.00 8829.00
7811.00 9377.00 8549.00
7837.00 8484.00 9177.00
7859.00 9226.00 8699.00
7885.00 8663.00 9132.00
7912.00 9058.00 8826.00
7935.00 8905.00 8890.00
7970.00 8831.00 9076.00
7976.00 8468.00 9248.00
8008.00 8141.00 9206.00
8009.00 8591.00 9041.00
8009.00 9510.00 8442.00
8084.00 9650.00 8164.00
8085.00 9124.00 8817.00
8086.00 8741.00 9017.00
8092.00 8587.00 9128.00
8101.00 8986.00 8887.00
8118.00 8875.00 8988.00
8129.00 8322.00 9185.00
8129.00 8992.00 8758.00
8138.00 8790.00 8911.00
8146.00 9228.00 8615.00
8161.00 8877.00 8867.00
8163.00 9108.00 8742.00
8196.00 9405.00 8521.00
8198.00 8506.00 9171.00
8206.00 9430.00 8363.00
8218.00 9292.00 8492.00
8237.00 9558.00 8327.00
8255.00 8598.00 9028.00
8262.00 8480.00 8956.00
8262.00 9521.00 8122.00
8264.00 8969.00 8811.00
8281.00 8671.00 8923.00
8290.00 9045.00 8705.00
8311.00 9486.00 8260.00
8313.00 9227.00 8659.00
8325.00 8797.00 8873.00
8366.00 9280.00 8455.00
8379.00 8424.00 9066.00
8413.00 8259.00 9006.00
8419.00 8930.00 8795.00
8421.00 9484.00 8341.00
8427.00 8643.00 8884.00
8433.00 8360.00 8915.00
8436.00 9443.00 8099.00
8438.00 9444.00 7869.00
8443.00 9387.00 8241.00
8465.00 9389.00 7760.00
8473.00 9303.00 8358.00
8498.00 9018.00 8668.00
8499.00 9263.00 8520.00
8540.00 8881.00 8743.00
8542.00 8743.00 8842.00
8547.00 9090.00 8558.00
8560.00 8502.00 8884.00
8590.00 9316.00 8225.00
8596.00 8087.00 9077.00
8644.00 9228.00 8477.00
8649.00 8242.00 9010.00
8711.00 8628.00 8841.00
8716.00 8985.00 8652.00
8730.00 8791.00 8653.00
8737.00 9340.00 8066.00
8770.00 9134.00 8378.00
8771.00 9189.00 8190.00
8787.00 8494.00 8843.00
8806.00 9056.00 8518.00
8841.00 8995.00 8620.00
8857.00 8911.00 8577.00
8883.00 8682.00 8801.00
8889.00 9175.00 8272.00
8894.00 9093.00 8180.00
8912.00 8190.00 8680.00
8915.00 9275.00 8125.00
8933.00 9174.00 7828.00
8950.00 8523.00 8638.00
8963.00 8732.00 8599.00
8971.00 8820.00 8556.00
8984.00 8972.00 8511.00
8992.00 8308.00 8606.00
8999.00 9037.00 8148.00
9015.00 8688.00 8416.00
9043.00 9003.00 8336.00
9050.00 9089.00 8059.00
9094.00 8638.00 8574.00
9095.00 8945.00 8165.00
9098.00 8554.00 8451.00
9114.00 9012.00 7974.00
9132.00 8708.00 8368.00
9138.00 8775.00 8217.00
9163.00 8485.00 8399.00
9236.00 8363.00 8514.00
9258.00 8964.00 8070.00
9294.00 8744.00 8328.00
9295.00 8810.00 7975.00
9310.00 8671.00 8113.00
9317.00 8279.00 8286.00
9380.00 8657.00 8226.00
9406.00 8600.00 7947.00
7717.00 8566.00 9150.00
7722.00 9190.00 8604.00
7858.00 8567.00 9049.00
7900.00 8892.00 8903.00
7901.00 9089.00 8625.00
7918.00 9269.00 8516.00
7932.00 8445.00 9168.00
7969.00 8717.00 8991.00
8036.00 8527.00 9042.00
8038.00 8122.00 9166.00
8079.00 8882.00 8875.00
8089.00 9206.00 8489.00
8095.00 8796.00 8967.00
8111.00 8314.00 9147.00
8145.00 7968.00 9108.00
8190.00 9375.00 8337.00
8201.00 8811.00 8895.00
8217.00 8553.00 9022.00
8250.00 8978.00 8833.00
8261.00 8984.00 8716.00
8308.00 7865.00 9162.00
8310.00 9182.00 8380.00
8312.00 8382.00 9088.00
8315.00 9177.00 8607.00
8372.00 8828.00 8894.00
8374.00 8940.00 8750.00
8399.00 8674.00 9016.00
8414.00 8268.00 9058.00
8436.00 8414.00 9047.00
8437.00 8713.00 8905.00
8459.00 9392.00 8299.00
8478.00 9260.00 8312.00
8494.00 9371.00 8091.00
8496.00 8867.00 8846.00
8496.00 9034.00 8576.00
8498.00 8980.00 8708.00
8504.00 8497.00 9014.00
8513.00 8248.00 8999.00
8517.00 8009.00 9090.00
8536.00 7824.00 9057.00
8549.00 9170.00 8436.00
8572.00 8734.00 8803.00
8597.00 9331.00 8272.00
8603.00 8351.00 8957.00
8621.00 8878.00 8662.00
8631.00 8591.00 8844.00
8665.00 9061.00 8534.00
8684.00 9347.00 8009.00
8696.00 8846.00 8754.00
8716.00 8714.00 8834.00
8725.00 8480.00 8943.00
8730.00 9197.00 8370.00
8733.00 8946.00 8576.00
8741.00 9337.00 8248.00
8763.00 9317.00 8098.00
8777.00 9090.00 8440.00
8796.00 8617.00 8760.00
8798.00 8842.00 8591.00
8814.00 9201.00 8225.00
8820.00 8777.00 8700.00
8827.00 8340.00 8909.00
8830.00 8546.00 8868.00
8833.00 8987.00 8532.00
8844.00 8176.00 8858.00
8848.00 9168.00 8360.00
8856.00 9044.00 8321.00
8876.00 8826.00 8509.00
8909.00 8091.00 8826.00
8917.00 8722.00 8616.00
8957.00 9172.00 8082.00
8960.00 9116.00 8292.00
8973.00 8956.00 8487.00
8987.00 8579.00 8804.00
8997.00 8902.00 8273.00
9005.00 8683.00 8724.00
9031.00 8489.00 8657.00
9038.00 8786.00 8605.00
9039.00 8828.00 8449.00
9057.00 9076.00 8161.00
9071.00 8636.00 8628.00
9093.00 8894.00 8172.00
9123.00 8974.00 8027.00
9148.00 8347.00 8592.00
9148.00 8513.00 8493.00
9148.00 8810.00 8282.00
9180.00 8954.00 7819.00
9190.00 8705.00 8398.00
9204.00 8937.00 8103.00
9211.00 8689.00 8278.00
9213.00 8724.00 8097.00
9214.00 8860.00 7938.00
9225.00 8250.00 8608.00
9255.00 8882.00 7791.00
9278.00 8536.00 8379.00
9292.00 8407.00 8566.00
9365.00 8642.00 8292.00
9376.00 8513.00 8172.00
9382.00 8416.00 8245.00
9415.00 8672.00 8144.00
9428.00 8584.00 8005.00
7748.00 8221.00 9240.00
7852.00 8548.00 9082.00
7864.00 8365.00 9192.00
7917.00 8058.00 9262.00
7933.00 8837.00 8964.00
8044.00 8967.00 8821.00
8045.00 8483.00 9096.00
8067.00 8637.00 8962.00
8113.00 8360.00 9130.00
8132.00 9277.00 8533.00
8137.00 8210.00 9196.00
8147.00 8876.00 8840.00
8147.00 9365.00 8205.00
8153.00 9033.00 8708.00
8172.00 9269.00 8343.00
8215.00 8601.00 9035.00
8254.00 8112.00 9067.00
8265.00 8803.00 8803.00
8298.00 8365.00 9041.00
8303.00 8980.00 8691.00
8350.00 9343.00 8098.00
8355.00 9232.00 8548.00
8397.00 8608.00 8992.00
8402.00 9300.00 8318.00
8406.00 7898.00 8995.00
8406.00 8778.00 8909.00
8430.00 8142.00 8987.00
8433.00 8654.00 8835.00
8448.00 8959.00 8778.00
8462.00 8772.00 8737.00
8468.00 9382.00 7992.00
8479.00 8471.00 8887.00
8491.00 9065.00 8644.00
8494.00 8988.00 8518.00
8495.00 9322.00 8110.00
8502.00 9166.00 8476.00
8561.00 8883.00 8681.00
8582.00 9175.00 8330.00
8601.00 9303.00 8199.00
8604.00 9176.00 8106.00
8634.00 9356.00 7979.00
8635.00 9037.00 8460.00
8657.00 8723.00 8794.00
8666.00 8138.00 8980.00
8676.00 9075.00 8292.00
8691.00 8520.00 8804.00
8697.00 8378.00 8954.00
8718.00 8898.00 8617.00
8759.00 8708.00 8706.00
8780.00 8315.00 8838.00
8787.00 9110.00 8135.00
8790.00 8385.00 8707.00
8813.00 9053.00 8352.00
8824.00 8838.00 8689.00
8833.00 8523.00 8657.00
8835.00 9307.00 7852.00
8857.00 9247.00 8077.00
8860.00 8931.00 8484.00
8864.00 8822.00 8353.00
8889.00 8649.00 8623.00
8895.00 8890.00 8246.00
8902.00 9108.00 8227.00
8909.00 8769.00 8577.00
8924.00 9125.00 7970.00
8930.00 8346.00 8836.00
8974.00 8578.00 8466.00
8994.00 8000.00 8737.00
8997.00 8971.00 8236.00
9026.00 8791.00 8406.00
9029.00 9016.00 8117.00
9034.00 8385.00 8680.00
9042.00 9046.00 7834.00
9071.00 8648.00 8381.00
9086.00 8987.00 8006.00
9098.00 8847.00 8309.00
9101.00 8532.00 8570.00
9134.00 8355.00 8518.00
9143.00 8068.00 8546.00
9151.00 8489.00 8417.00
9154.00 8862.00 8031.00
9171.00 8855.00 7825.00
9209.00 8707.00 8241.00
9242.00 8579.00 8300.00
9252.00 8078.00 8486.00
9260.00 8388.00 8376.00
9261.00 8482.00 8185.00
9263.00 8215.00 8472.00
9293.00 8814.00 8137.00
9301.00 8249.00 8318.00
9307.00 8573.00 8045.00
9330.00 8796.00 7953.00
9333.00 8594.00 7785.00
9362.00 8109.00 8395.00
9452.00 8540.00 7951.00
9455.00 8369.00 8259.00
9481.00 8220.00 7871.00
9485.00 8140.00 8191.00
9501.00 8530.00 7695.00
9506.00 8693.00 7579.00
9509.00 8096.00 8013.00
7918.00 9348.00 8508.00
8005.00 8633.00 8898.00
8005.00 9119.00 8714.00
8038.00 9352.00 8415.00
8072.00 8421.00 9083.00
8091.00 9022.00 8828.00
8118.00 9565.00 7993.00
8140.00 8720.00 8865.00
8152.00 8615.00 9009.00
8166.00 9123.00 8602.00
8167.00 9477.00 8281.00
8180.00 9245.00 8493.00
8190.00 9095.00 8797.00
8240.00 9400.00 8360.00
8303.00 8524.00 8965.00
8309.00 9235.00 8401.00
8314.00 8903.00 8790.00
8324.00 9228.00 8572.00
8368.00 9081.00 8574.00
8373.00 9422.00 7986.00
8387.00 8724.00 8848.00
8418.00 9393.00 8264.00
8469.00 8598.00 8915.00
8490.00 9006.00 8724.00
8501.00 9012.00 8607.00
8541.00 8418.00 9076.00
8557.00 9421.00 7994.00
8561.00 9258.00 8368.00
8585.00 9113.00 8533.00
8587.00 9054.00 8601.00
8610.00 8552.00 8943.00
8613.00 9093.00 8343.00
8619.00 8697.00 8749.00
8631.00 8438.00 8906.00
8638.00 9370.00 8133.00
8643.00 9300.00 7825.00
8659.00 9090.00 8473.00
8714.00 8320.00 8901.00
8720.00 8638.00 8831.00
8723.00 8916.00 8625.00
8737.00 9298.00 8270.00
8751.00 9213.00 8083.00
8752.00 8810.00 8738.00
8774.00 9022.00 8445.00
8798.00 8516.00 8836.00
8819.00 9252.00 7834.00
8827.00 9160.00 8317.00
8835.00 8970.00 8602.00
8836.00 8700.00 8716.00
8838.00 9147.00 7894.00
8888.00 8526.00 8685.00
8898.00 8922.00 8438.00
8908.00 8729.00 8601.00
8921.00 8447.00 8863.00
8922.00 8233.00 8903.00
8922.00 8329.00 8749.00
8922.00 9188.00 7666.00
8943.00 9125.00 8164.00
8952.00 9089.00 7932.00
9006.00 9038.00 8300.00
9015.00 8875.00 8566.00
9019.00 9128.00 7802.00
9021.00 8617.00 8536.00
9022.00 8498.00 8611.00
9040.00 8477.00 8737.00
9049.00 8840.00 8293.00
9049.00 9011.00 8036.00
9050.00 8303.00 8728.00
9053.00 8750.00 8449.00
9070.00 8156.00 8822.00
9113.00 8996.00 7887.00
9119.00 8967.00 8141.00
9128.00 8399.00 8652.00
9159.00 8839.00 8412.00
9217.00 8886.00 7881.00
9218.00 8871.00 8225.00
9220.00 8521.00 8535.00
9244.00 8726.00 8152.00
9251.00 8724.00 8426.00
9258.00 8587.00 8377.00
9266.00 8854.00 8012.00
9278.00 8251.00 8590.00
9292.00 8453.00 8359.00
9309.00 8718.00 8283.00
9315.00 8914.00 7719.00
9324.00 8632.00 8263.00
9353.00 8836.00 7921.00
9363.00 8366.00 8525.00
9377.00 8581.00 8197.00
9392.00 8196.00 8413.00
9393.00 8713.00 7915.00
9404.00 8734.00 7630.00
9421.00 8450.00 8228.00
9474.00 8444.00 8048.00
9475.00 8638.00 7718.00
9485.00 8164.00 8178.00
9527.00 8548.00 7927.00
9565.00 8475.00 7750.00
9586.00 8294.00 7997.00
9646.00 8197.00 7809.00
7899.00 8804.00 9050.00
7908.00 8946.00 8908.00
7923.00 8669.00 9037.00
7982.00 8571.00 9108.00
7993.00 8457.00 9144.00
7999.00 8824.00 8967.00
8064.00 9301.00 8563.00
8069.00 8540.00 9068.00
8088.00 9452.00 8260.00
8115.00 8662.00 9026.00
8138.00 8300.00 9098.00
8144.00 9167.00 8666.00
8159.00 8062.00 9199.00
8165.00 9149.00 8835.00
8178.00 9400.00 8454.00
8196.00 8918.00 8961.00
8232.00 9279.00 8614.00
8252.00 8951.00 8868.00
8270.00 8557.00 9048.00
8315.00 9162.00 8636.00
8316.00 8807.00 8965.00
8334.00 9390.00 8451.00
8335.00 9153.00 8780.00
8349.00 9244.00 8529.00
8359.00 8397.00 9066.00
8368.00 8025.00 9076.00
8386.00 9375.00 8207.00
8433.00 9261.00 8425.00
8439.00 8706.00 8993.00
8439.00 9022.00 8805.00
8450.00 8864.00 8912.00
8455.00 9287.00 8065.00
8459.00 9186.00 8626.00
8471.00 8566.00 9045.00
8496.00 8281.00 9050.00
8514.00 8644.00 8895.00
8525.00 9217.00 8492.00
8555.00 9093.00 8574.00
8579.00 8774.00 8830.00
8594.00 9269.00 8387.00
8595.00 9002.00 8717.00
8631.00 8928.00 8810.00
8631.00 9275.00 8121.00
8635.00 9027.00 8570.00
8647.00 8216.00 8940.00
8651.00 8609.00 8821.00
8658.00 9170.00 8463.00
8671.00 9100.00 8382.00
8679.00 8431.00 8884.00
8700.00 9150.00 8306.00
8726.00 8889.00 8714.00
8758.00 8511.00 8844.00
8774.00 8993.00 8499.00
8788.00 8274.00 8872.00
8790.00 9258.00 8230.00
8820.00 8777.00 8650.00
8839.00 9111.00 8378.00
8842.00 8147.00 8874.00
8855.00 8354.00 8789.00
8876.00 8669.00 8755.00
8891.00 9177.00 8299.00
8891.00 9204.00 8046.00
8899.00 9041.00 8473.00
8918.00 8915.00 8568.00
8950.00 8450.00 8681.00
8957.00 8786.00 8636.00
8966.00 8300.00 8854.00
9002.00 8278.00 8729.00
9002.00 9008.00 8349.00
9003.00 8896.00 8474.00
9020.00 8667.00 8680.00
9049.00 8365.00 8695.00
9052.00 9126.00 8296.00
9094.00 8929.00 8409.00
9099.00 8755.00 8625.00
9112.00 8672.00 8484.00
9122.00 8896.00 8273.00
9137.00 8793.00 8348.00
9144.00 8588.00 8627.00
9153.00 9029.00 7948.00
9157.00 8491.00 8478.00
9164.00 9014.00 8181.00
9192.00 8167.00 8568.00
9206.00 8627.00 8352.00
9221.00 8398.00 8565.00
9246.00 8929.00 8200.00
9291.00 8545.00 8399.00
9333.00 8782.00 8062.00
9336.00 8769.00 8279.00
9361.00 8631.00 8192.00
9406.00 8588.00 8365.00
9434.00 8439.00 8406.00
9435.00 8514.00 8177.00
9438.00 8648.00 8022.00
9441.00 8191.00 7997.00
9457.00 8339.00 7977.00
9460.00 8273.00 7911.00
9478.00 8290.00 7811.00
9550.00 8193.00 7829.00
9616.00 8132.00 7769.00
7789.00 8534.00 9029.00
8007.00 9359.00 8470.00
8020.00 9320.00 8645.00
8031.00 8889.00 8931.00
8044.00 9227.00 8745.00
8054.00 8742.00 8944.00
8054.00 9439.00 8277.00
8112.00 9522.00 8122.00
8113.00 8604.00 8971.00
8120.00 8977.00 8808.00
8155.00 9175.00 8592.00
8169.00 8848.00 8907.00
8188.00 9226.00 8479.00
8193.00 9109.00 8748.00
8208.00 9399.00 8276.00
8234.00 8526.00 9091.00
8242.00 9365.00 8447.00
8249.00 9501.00 7892.00
8271.00 8251.00 9122.00
8311.00 9189.00 8530.00
8318.00 9000.00 8800.00
8327.00 9379.00 8106.00
8338.00 8839.00 8779.00
8345.00 9028.00 8649.00
8347.00 9354.00 8302.00
8353.00 8393.00 9011.00
8357.00 8711.00 8836.00
8414.00 8140.00 9048.00
8440.00 8276.00 8987.00
8449.00 9086.00 8617.00
8451.00 9167.00 8474.00
8470.00 9480.00 8040.00
8476.00 8698.00 8963.00
8484.00 9339.00 8430.00
8509.00 9218.00 8335.00
8510.00 8805.00 8712.00
8514.00 9367.00 8289.00
8525.00 8994.00 8674.00
8531.00 8571.00 8894.00
8531.00 9370.00 8078.00
8541.00 9455.00 7911.00
8596.00 9033.00 8515.00
8608.00 8179.00 8982.00
8622.00 8400.00 8942.00
8636.00 8793.00 8809.00
8640.00 8670.00 8854.00
8683.00 9281.00 8292.00
8687.00 9301.00 8025.00
8689.00 8270.00 8933.00
8694.00 8502.00 8874.00
8699.00 9139.00 8360.00
8713.00 8954.00 8587.00
8741.00 8076.00 8941.00
8760.00 8691.00 8712.00
8764.00 9114.00 8235.00
8784.00 9208.00 8146.00
8801.00 8405.00 8842.00
8836.00 8186.00 8833.00
8842.00 9063.00 8468.00
8852.00 8872.00 8641.00
8870.00 8728.00 8590.00
8891.00 9325.00 7986.00
8895.00 8052.00 8860.00
8909.00 9165.00 8231.00
8917.00 9060.00 8350.00
8922.00 8595.00 8807.00
8946.00 9240.00 8113.00
8950.00 8893.00 8438.00
8976.00 8985.00 8223.00
8988.00 8496.00 8685.00
9001.00 8344.00 8797.00
9026.00 8797.00 8513.00
9029.00 8658.00 8574.00
9039.00 9203.00 7736.00
9048.00 9158.00 8132.00
9096.00 8209.00 8793.00
9097.00 9056.00 8040.00
9099.00 8626.00 8464.00
9113.00 8496.00 8641.00
9115.00 8334.00 8593.00
9136.00 8873.00 8414.00
9160.00 8973.00 8329.00
9161.00 8894.00 8212.00
9162.00 8124.00 8624.00
9178.00 8714.00 8375.00
9227.00 8626.00 8233.00
9232.00 8921.00 8088.00
9244.00 8295.00 8551.00
9251.00 8459.00 8513.00
9253.00 8779.00 8123.00
9270.00 8893.00 7879.00
9300.00 8193.00 8449.00
9316.00 8572.00 8362.00
9318.00 8341.00 8410.00
9372.00 8614.00 8129.00
9417.00 8475.00 8271.00
9428.00 8223.00 8205.00
9429.00 8419.00 8091.00
9475.00 8582.00 7922.00
9499.00 8295.00 7845.00
