26671.00 28557.00
26688.00 28512.00
27007.00 28503.00
27056.00 28461.00
27058.00 28426.00
27076.00 28408.00
27151.00 28407.00
27162.00 28376.00
27176.00 28373.00
27210.00 28367.00
27246.00 28321.00
27274.00 28297.00
27339.00 28283.00
27360.00 28236.00
27381.00 28201.00
27473.00 28185.00
27494.00 28125.00
27516.00 28112.00
27551.00 28061.00
27583.00 28036.00
27619.00 28032.00
27630.00 28012.00
27669.00 27995.00
27675.00 27967.00
27736.00 27928.00
27760.00 27893.00
27783.00 27887.00
27814.00 27858.00
27831.00 27852.00
27870.00 27792.00
27909.00 27774.00
27937.00 27722.00
27960.00 27718.00
28011.00 27683.00
28026.00 27646.00
28033.00 27628.00
28063.00 27625.00
28079.00 27604.00
28130.00 27577.00
28147.00 27532.00
28151.00 27455.00
28169.00 27439.00
28188.00 27436.00
28223.00 27416.00
28235.00 27365.00
28264.00 27361.00
28290.00 27354.00
28302.00 27316.00
28314.00 27311.00
28363.00 27290.00
28368.00 27241.00
28383.00 27194.00
28421.00 27161.00
28445.00 27135.00
28451.00 27099.00
28466.00 27075.00
28493.00 27048.00
28506.00 27002.00
28510.00 26996.00
28548.00 26993.00
28549.00 26972.00
28561.00 26949.00
28597.00 26919.00
28617.00 26882.00
28647.00 26836.00
28674.00 26788.00
28675.00 26779.00
28695.00 26728.00
28744.00 26696.00
28763.00 26609.00
28773.00 26565.00
28813.00 26515.00
28829.00 26507.00
28855.00 26432.00
28873.00 26414.00
28899.00 26368.00
28908.00 26288.00
28919.00 26243.00
28927.00 26202.00
28958.00 26165.00
28968.00 26094.00
28978.00 26081.00
26857.00 28617.00
26924.00 28598.00
26971.00 28563.00
27036.00 28545.00
27076.00 28521.00
27098.00 28493.00
27164.00 28480.00
27167.00 28447.00
27207.00 28443.00
27251.00 28426.00
27299.00 28382.00
27371.00 28365.00
27427.00 28317.00
27434.00 28285.00
27473.00 28281.00
27530.00 28245.00
27564.00 28197.00
27582.00 28178.00
27590.00 28161.00
27616.00 28140.00
27623.00 28117.00
27664.00 28103.00
27669.00 28069.00
27703.00 28063.00
27714.00 28016.00
27749.00 27998.00
27798.00 27979.00
27807.00 27930.00
27837.00 27906.00
27874.00 27895.00
27920.00 27838.00
27950.00 27833.00
27960.00 27796.00
27983.00 27764.00
28013.00 27742.00
28036.00 27693.00
28076.00 27668.00
28089.00 27649.00
28117.00 27596.00
28161.00 27551.00
28172.00 27540.00
28201.00 27501.00
28222.00 27484.00
28243.00 27474.00
28268.00 27427.00
28298.00 27398.00
28303.00 27363.00
28341.00 27330.00
28372.00 27298.00
28392.00 27256.00
28394.00 27243.00
28439.00 27170.00
28483.00 27158.00
28504.00 27112.00
28541.00 27054.00
28582.00 27012.00
28591.00 26927.00
28612.00 26908.00
28625.00 26903.00
28638.00 26818.00
28666.00 26798.00
28670.00 26774.00
28685.00 26750.00
28713.00 26682.00
28723.00 26636.00
28728.00 26604.00
28747.00 26587.00
28784.00 26565.00
28803.00 26550.00
28806.00 26526.00
28827.00 26490.00
28846.00 26457.00
28848.00 26376.00
28892.00 26365.00
28895.00 26308.00
28912.00 26267.00
28952.00 26226.00
28953.00 26146.00
26310.00 28852.00
26377.00 28849.00
26383.00 28830.00
26442.00 28826.00
26494.00 28794.00
26526.00 28769.00
26619.00 28763.00
26633.00 28730.00
26686.00 28715.00
26755.00 28709.00
26767.00 28653.00
26791.00 28640.00
26839.00 28636.00
26840.00 28608.00
26912.00 28597.00
26921.00 28546.00
26937.00 28545.00
27005.00 28539.00
27011.00 28525.00
27056.00 28498.00
27070.00 28453.00
27138.00 28435.00
27165.00 28413.00
27217.00 28400.00
27265.00 28368.00
27276.00 28332.00
27321.00 28331.00
27322.00 28292.00
27390.00 28285.00
27447.00 28214.00
27494.00 28158.00
27510.00 28131.00
27602.00 28109.00
27631.00 28066.00
27668.00 28057.00
27671.00 27996.00
27706.00 27962.00
27766.00 27951.00
27802.00 27908.00
27848.00 27862.00
27915.00 27803.00
27922.00 27737.00
27951.00 27734.00
27992.00 27719.00
28025.00 27686.00
28037.00 27659.00
28045.00 27573.00
28062.00 27571.00
28161.00 27514.00
28181.00 27501.00
28190.00 27467.00
28234.00 27436.00
28273.00 27366.00
28290.00 27340.00
28328.00 27297.00
28363.00 27241.00
28412.00 27226.00
28455.00 27152.00
28462.00 27123.00
28491.00 27092.00
28523.00 27045.00
28535.00 26984.00
28591.00 26938.00
28630.00 26893.00
28655.00 26869.00
28679.00 26781.00
28731.00 26722.00
28757.00 26664.00
28781.00 26652.00
28790.00 26588.00
28809.00 26513.00
28843.00 26434.00
28855.00 26319.00
28890.00 26278.00
28925.00 26210.00
28958.00 26150.00
29005.00 26122.00
29009.00 25981.00
29017.00 25935.00
29029.00 25913.00
29094.00 25858.00
29104.00 25836.00
26792.00 28573.00
26809.00 28543.00
26869.00 28538.00
26908.00 28524.00
26982.00 28498.00
27004.00 28477.00
27010.00 28471.00
27061.00 28464.00
27095.00 28443.00
27105.00 28421.00
27202.00 28408.00
27230.00 28388.00
27267.00 28371.00
27308.00 28357.00
27369.00 28320.00
27403.00 28267.00
27468.00 28264.00
27520.00 28221.00
27531.00 28219.00
27559.00 28174.00
27568.00 28154.00
27600.00 28153.00
27620.00 28110.00
27648.00 28097.00
27664.00 28070.00
27677.00 28035.00
27720.00 28031.00
27728.00 28016.00
27767.00 27977.00
27776.00 27949.00
27818.00 27935.00
27855.00 27894.00
27864.00 27853.00
27877.00 27847.00
27923.00 27830.00
27928.00 27781.00
27973.00 27770.00
27999.00 27741.00
28015.00 27698.00
28042.00 27672.00
28068.00 27645.00
28101.00 27599.00
28121.00 27585.00
28138.00 27548.00
28189.00 27495.00
28230.00 27473.00
28241.00 27432.00
28302.00 27399.00
28309.00 27376.00
28326.00 27343.00
28349.00 27276.00
28382.00 27268.00
28404.00 27228.00
28423.00 27194.00
28468.00 27186.00
28483.00 27142.00
28525.00 27119.00
28540.00 27099.00
28552.00 27054.00
28589.00 26997.00
28624.00 26957.00
28656.00 26905.00
28681.00 26861.00
28696.00 26826.00
28727.00 26726.00
28742.00 26686.00
28748.00 26681.00
28766.00 26612.00
28777.00 26594.00
28806.00 26533.00
28815.00 26470.00
28827.00 26431.00
28849.00 26371.00
28856.00 26325.00
28873.00 26270.00
28913.00 26222.00
26176.00 28938.00
26245.00 28937.00
26286.00 28917.00
26373.00 28909.00
26441.00 28896.00
26467.00 28807.00
26498.00 28804.00
26553.00 28801.00
26566.00 28794.00
26638.00 28772.00
26640.00 28764.00
26710.00 28745.00
26752.00 28720.00
26770.00 28677.00
26796.00 28620.00
26854.00 28618.00
26857.00 28607.00
26897.00 28586.00
26957.00 28569.00
26996.00 28542.00
27021.00 28512.00
27036.00 28507.00
27085.00 28492.00
27109.00 28467.00
27121.00 28427.00
27174.00 28408.00
27209.00 28374.00
27257.00 28363.00
27327.00 28314.00
27372.00 28267.00
27387.00 28218.00
27405.00 28188.00
27460.00 28161.00
27547.00 28136.00
27556.00 28077.00
27570.00 28068.00
27635.00 28040.00
27652.00 27995.00
27698.00 27976.00
27741.00 27952.00
27765.00 27899.00
27781.00 27870.00
27825.00 27869.00
27847.00 27817.00
27892.00 27808.00
27917.00 27754.00
27948.00 27747.00
27983.00 27692.00
27993.00 27673.00
28015.00 27608.00
28020.00 27584.00
28072.00 27564.00
28088.00 27549.00
28171.00 27467.00
28177.00 27466.00
28194.00 27410.00
28230.00 27384.00
28275.00 27372.00
28307.00 27329.00
28315.00 27290.00
28334.00 27216.00
28405.00 27205.00
28412.00 27191.00
28444.00 27150.00
28457.00 27108.00
28475.00 27056.00
28501.00 27004.00
28503.00 26953.00
28513.00 26941.00
28557.00 26934.00
28577.00 26884.00
28599.00 26865.00
28621.00 26805.00
28627.00 26795.00
28646.00 26730.00
28657.00 26723.00
28689.00 26685.00
28720.00 26645.00
28732.00 26596.00
28743.00 26574.00
28764.00 26555.00
28793.00 26496.00
28810.00 26437.00
28829.00 26432.00
28868.00 26381.00
28885.00 26339.00
28898.00 26288.00
28907.00 26279.00
28920.00 26248.00
28950.00 26216.00
28967.00 26188.00
26291.00 28880.00
26333.00 28879.00
26339.00 28852.00
26390.00 28824.00
26486.00 28823.00
26534.00 28785.00
26596.00 28776.00
26639.00 28743.00
26663.00 28700.00
26739.00 28699.00
26867.00 28687.00
26925.00 28655.00
26938.00 28604.00
27009.00 28598.00
27072.00 28555.00
27120.00 28540.00
27128.00 28515.00
27182.00 28486.00
27208.00 28412.00
27265.00 28411.00
27299.00 28360.00
27339.00 28353.00
27343.00 28311.00
27392.00 28298.00
27435.00 28272.00
27456.00 28230.00
27477.00 28218.00
27560.00 28185.00
27623.00 28111.00
27655.00 28070.00
27691.00 28027.00
27701.00 28003.00
27707.00 27951.00
27762.00 27934.00
27769.00 27899.00
27817.00 27877.00
27856.00 27829.00
27875.00 27811.00
27936.00 27783.00
27955.00 27734.00
27981.00 27706.00
27991.00 27680.00
28026.00 27644.00
28048.00 27642.00
28089.00 27605.00
28155.00 27543.00
28199.00 27459.00
28231.00 27430.00
28246.00 27396.00
28289.00 27377.00
28304.00 27346.00
28358.00 27327.00
28380.00 27272.00
28408.00 27201.00
28435.00 27142.00
28442.00 27099.00
28493.00 27093.00
28513.00 27089.00
28515.00 27020.00
28572.00 27000.00
28589.00 26955.00
28619.00 26936.00
28625.00 26867.00
28668.00 26811.00
28694.00 26745.00
28709.00 26641.00
28728.00 26630.00
28772.00 26599.00
28794.00 26552.00
28837.00 26527.00
28853.00 26461.00
28871.00 26395.00
28889.00 26294.00
28911.00 26234.00
28938.00 26170.00
28953.00 26112.00
28981.00 26056.00
29009.00 26012.00
26563.00 28779.00
26662.00 28767.00
26692.00 28752.00
26824.00 28728.00
26825.00 28718.00
26856.00 28671.00
26910.00 28660.00
26934.00 28610.00
27015.00 28598.00
27017.00 28590.00
27051.00 28554.00
27087.00 28525.00
27113.00 28490.00
27150.00 28454.00
27242.00 28419.00
27275.00 28396.00
27308.00 28357.00
27364.00 28349.00
27375.00 28310.00
27415.00 28286.00
27427.00 28245.00
27477.00 28233.00
27519.00 28208.00
27553.00 28169.00
27571.00 28129.00
27607.00 28115.00
27655.00 28072.00
27687.00 28037.00
27726.00 28001.00
27745.00 27973.00
27752.00 27958.00
27823.00 27944.00
27870.00 27892.00
27918.00 27846.00
27952.00 27809.00
27968.00 27762.00
28013.00 27754.00
28072.00 27702.00
28103.00 27633.00
28143.00 27558.00
28152.00 27539.00
28166.00 27509.00
28213.00 27500.00
28231.00 27450.00
28247.00 27422.00
28279.00 27401.00
28300.00 27361.00
28350.00 27324.00
28382.00 27283.00
28421.00 27239.00
28458.00 27168.00
28481.00 27141.00
28506.00 27102.00
28548.00 27071.00
28561.00 27002.00
28569.00 26984.00
28593.00 26962.00
28600.00 26923.00
28615.00 26883.00
28646.00 26872.00
28665.00 26822.00
28695.00 26805.00
28697.00 26746.00
28712.00 26726.00
28747.00 26717.00
28766.00 26684.00
28769.00 26608.00
28824.00 26604.00
28845.00 26550.00
28848.00 26461.00
28869.00 26389.00
28887.00 26338.00
28937.00 26273.00
28946.00 26247.00
28987.00 26196.00
29003.00 26128.00
29026.00 26059.00
29039.00 25987.00
29074.00 25928.00
29087.00 25886.00
29124.00 25844.00
29128.00 25766.00
29181.00 25751.00
26829.00 28640.00
26855.00 28630.00
26870.00 28606.00
26915.00 28605.00
26948.00 28594.00
26969.00 28560.00
26991.00 28544.00
27040.00 28538.00
27084.00 28532.00
27099.00 28505.00
27137.00 28493.00
27172.00 28471.00
27219.00 28448.00
27253.00 28413.00
27315.00 28387.00
27339.00 28360.00
27377.00 28327.00
27393.00 28302.00
27442.00 28299.00
27451.00 28259.00
27482.00 28257.00
27483.00 28236.00
27546.00 28221.00
27553.00 28173.00
27581.00 28172.00
27611.00 28165.00
27657.00 28143.00
27671.00 28122.00
27674.00 28086.00
27706.00 28085.00
27712.00 28067.00
27761.00 28035.00
27789.00 27989.00
27805.00 27968.00
27835.00 27951.00
27844.00 27917.00
27883.00 27895.00
27922.00 27844.00
27957.00 27801.00
27964.00 27767.00
28004.00 27759.00
28036.00 27712.00
28068.00 27688.00
28096.00 27659.00
28100.00 27635.00
28130.00 27617.00
28165.00 27575.00
28208.00 27551.00
28215.00 27513.00
28217.00 27485.00
28257.00 27461.00
28310.00 27430.00
28311.00 27409.00
28327.00 27359.00
28362.00 27347.00
28363.00 27326.00
28396.00 27294.00
28435.00 27243.00
28458.00 27200.00
28469.00 27154.00
28498.00 27131.00
28541.00 27075.00
28545.00 27050.00
28555.00 27036.00
28582.00 27033.00
28596.00 26941.00
28619.00 26904.00
28650.00 26868.00
28672.00 26815.00
28703.00 26777.00
28708.00 26720.00
28737.00 26707.00
28742.00 26701.00
28774.00 26430.00
28775.00 26383.00
28796.00 26352.00
26275.00 28889.00
26326.00 28888.00
26342.00 28864.00
26392.00 28847.00
26447.00 28839.00
26457.00 28825.00
26516.00 28807.00
26528.00 28773.00
26573.00 28772.00
26580.00 28757.00
26623.00 28756.00
26655.00 28731.00
26697.00 28716.00
26732.00 28704.00
26735.00 28693.00
26761.00 28668.00
26813.00 28654.00
26823.00 28642.00
26865.00 28631.00
26923.00 28614.00
26967.00 28583.00
27003.00 28551.00
27024.00 28515.00
27076.00 28503.00
27116.00 28472.00
27123.00 28457.00
27165.00 28434.00
27194.00 28432.00
27225.00 28392.00
27245.00 28376.00
27292.00 28369.00
27349.00 28317.00
27389.00 28297.00
27396.00 28271.00
27438.00 28256.00
27470.00 28200.00
27518.00 28193.00
27552.00 28173.00
27585.00 28137.00
27624.00 28134.00
27645.00 28093.00
27652.00 28063.00
27665.00 28045.00
27686.00 28004.00
27722.00 27990.00
27761.00 27973.00
27801.00 27937.00
27826.00 27893.00
27861.00 27849.00
27876.00 27847.00
27892.00 27783.00
27940.00 27762.00
27973.00 27722.00
27999.00 27699.00
28008.00 27695.00
28042.00 27653.00
28043.00 27643.00
28083.00 27628.00
28117.00 27585.00
28137.00 27565.00
28174.00 27558.00
28194.00 27510.00
28210.00 27473.00
28254.00 27442.00
28274.00 27425.00
28310.00 27397.00
28328.00 27340.00
28376.00 27313.00
28407.00 27274.00
28425.00 27232.00
28456.00 27202.00
28500.00 27180.00
28512.00 27107.00
28520.00 27100.00
28545.00 27057.00
28555.00 27051.00
28594.00 27001.00
28625.00 26946.00
28644.00 26888.00
28660.00 26824.00
28693.00 26786.00
28721.00 26735.00
28727.00 26731.00
28757.00 26669.00
27165.00 28454.00
27198.00 28421.00
27233.00 28381.00
27269.00 28364.00
27274.00 28334.00
27305.00 28325.00
27360.00 28320.00
27391.00 28286.00
27434.00 28256.00
27438.00 28238.00
27484.00 28224.00
27496.00 28207.00
27515.00 28174.00
27561.00 28158.00
27571.00 28141.00
27581.00 28106.00
27623.00 28100.00
27628.00 28062.00
27659.00 28050.00
27703.00 28028.00
27741.00 27987.00
27766.00 27973.00
27773.00 27948.00
27810.00 27941.00
27826.00 27919.00
27856.00 27875.00
27887.00 27874.00
27891.00 27826.00
27920.00 27823.00
27952.00 27801.00
27987.00 27759.00
27989.00 27708.00
28042.00 27685.00
28075.00 27646.00
28094.00 27625.00
28095.00 27591.00
28132.00 27575.00
28155.00 27532.00
28190.00 27519.00
28211.00 27501.00
28221.00 27482.00
28241.00 27457.00
28254.00 27412.00
28258.00 27403.00
28298.00 27390.00
28305.00 27346.00
28344.00 27310.00
28369.00 27271.00
28390.00 27252.00
28413.00 27203.00
28417.00 27194.00
28454.00 27161.00
28480.00 27094.00
28507.00 27050.00
28541.00 27026.00
28549.00 26987.00
28565.00 26930.00
28575.00 26921.00
28621.00 26894.00
28625.00 26843.00
28650.00 26836.00
28663.00 26773.00
28671.00 26734.00
28692.00 26708.00
28710.00 26674.00
28715.00 26625.00
28731.00 26620.00
28733.00 26569.00
28741.00 26539.00
28766.00 26515.00
28797.00 26472.00
28810.00 26398.00
28838.00 26367.00
28873.00 26318.00
28876.00 26311.00
28884.00 26272.00
26808.00 28612.00
26892.00 28577.00
26984.00 28556.00
27014.00 28543.00
27056.00 28517.00
27087.00 28506.00
27131.00 28489.00
27172.00 28445.00
27218.00 28419.00
27272.00 28390.00
27274.00 28367.00
27305.00 28333.00
27314.00 28332.00
27340.00 28316.00
27410.00 28294.00
27432.00 28286.00
27483.00 28271.00
27490.00 28242.00
27526.00 28237.00
27550.00 28196.00
27584.00 28176.00
27616.00 28152.00
27620.00 28117.00
27628.00 28102.00
27669.00 28093.00
27707.00 28083.00
27727.00 28032.00
27767.00 28014.00
27776.00 27970.00
27784.00 27946.00
27808.00 27935.00
27855.00 27933.00
27858.00 27895.00
27876.00 27892.00
27910.00 27856.00
27947.00 27816.00
27951.00 27784.00
27980.00 27770.00
27994.00 27701.00
28040.00 27699.00
28068.00 27663.00
28104.00 27630.00
28121.00 27581.00
28138.00 27536.00
28175.00 27525.00
28204.00 27504.00
28239.00 27475.00
28257.00 27392.00
28280.00 27390.00
28311.00 27371.00
28342.00 27307.00
28359.00 27302.00
28381.00 27277.00
28390.00 27274.00
28437.00 27212.00
28442.00 27163.00
28473.00 27151.00
28477.00 27122.00
28499.00 27067.00
28519.00 27028.00
28522.00 26998.00
28543.00 26997.00
28575.00 26963.00
28582.00 26919.00
28584.00 26868.00
28614.00 26826.00
28633.00 26784.00
28641.00 26728.00
28645.00 26669.00
28658.00 26668.00
28684.00 26640.00
28698.00 26605.00
28711.00 26553.00
28748.00 26535.00
28772.00 26468.00
28784.00 26386.00
28788.00 26341.00
28812.00 26315.00
26653.00 28739.00
26675.00 28684.00
26726.00 28679.00
26780.00 28668.00
26799.00 28642.00
26842.00 28639.00
26887.00 28621.00
26936.00 28606.00
26979.00 28570.00
27050.00 28537.00
27077.00 28494.00
27115.00 28468.00
27154.00 28426.00
27215.00 28418.00
27233.00 28375.00
27249.00 28374.00
27295.00 28370.00
27311.00 28330.00
27350.00 28303.00
27375.00 28257.00
27408.00 28244.00
27418.00 28229.00
27503.00 28218.00
27523.00 28184.00
27591.00 28148.00
27601.00 28138.00
27633.00 28123.00
27670.00 28088.00
27692.00 28042.00
27740.00 28027.00
27778.00 27968.00
27813.00 27963.00
27846.00 27929.00
27882.00 27899.00
27902.00 27851.00
27915.00 27838.00
27948.00 27805.00
27986.00 27786.00
27992.00 27763.00
28049.00 27712.00
28072.00 27659.00
28103.00 27599.00
28142.00 27567.00
28193.00 27517.00
28213.00 27469.00
28229.00 27457.00
28260.00 27406.00
28286.00 27366.00
28305.00 27361.00
28334.00 27329.00
28365.00 27307.00
28377.00 27259.00
28392.00 27226.00
28424.00 27199.00
28440.00 27146.00
28468.00 27112.00
28512.00 27090.00
28534.00 27030.00
28563.00 26974.00
28582.00 26941.00
28608.00 26903.00
28631.00 26858.00
28655.00 26820.00
28677.00 26765.00
28708.00 26731.00
28714.00 26725.00
28730.00 26664.00
28740.00 26614.00
28771.00 26612.00
28801.00 26554.00
28815.00 26513.00
28816.00 26490.00
28829.00 26439.00
28876.00 26396.00
28906.00 26273.00
28908.00 26195.00
28932.00 26135.00
26098.00 28896.00
26129.00 28893.00
26201.00 28866.00
26224.00 28849.00
26314.00 28834.00
26418.00 28811.00
26437.00 28782.00
26508.00 28781.00
26544.00 28767.00
26639.00 28733.00
26696.00 28705.00
26713.00 28663.00
26780.00 28645.00
26791.00 28629.00
26866.00 28614.00
26904.00 28603.00
26923.00 28556.00
27011.00 28519.00
27056.00 28477.00
27097.00 28415.00
27202.00 28405.00
27211.00 28361.00
27283.00 28333.00
27317.00 28323.00
27355.00 28275.00
27393.00 28253.00
27443.00 28241.00
27484.00 28188.00
27519.00 28144.00
27568.00 28117.00
27615.00 28091.00
27620.00 28033.00
27644.00 28008.00
27696.00 27994.00
27704.00 27989.00
27746.00 27953.00
27785.00 27937.00
27831.00 27893.00
27832.00 27863.00
27870.00 27831.00
27872.00 27804.00
27902.00 27783.00
27944.00 27778.00
27989.00 27736.00
28017.00 27714.00
28043.00 27627.00
28064.00 27621.00
28078.00 27589.00
28142.00 27567.00
28182.00 27498.00
28198.00 27469.00
28258.00 27410.00
28310.00 27369.00
28318.00 27322.00
28324.00 27262.00
28351.00 27204.00
28400.00 27132.00
28412.00 27082.00
28420.00 27073.00
28487.00 27061.00
28512.00 27022.00
28551.00 26968.00
28588.00 26945.00
28589.00 26815.00
28594.00 26814.00
28652.00 26758.00
28702.00 26711.00
28724.00 26656.00
28747.00 26601.00
28759.00 26575.00
28775.00 26479.00
28803.00 26440.00
28804.00 26435.00
28830.00 26378.00
28864.00 26327.00
28883.00 26240.00
28890.00 26210.00
28898.00 26171.00
28934.00 26094.00
28955.00 26025.00
28988.00 25993.00
29024.00 25872.00
29040.00 25739.00
29057.00 25738.00
29058.00 25635.00
29072.00 25614.00
26597.00 28783.00
26605.00 28751.00
26654.00 28725.00
26655.00 28717.00
26717.00 28705.00
26771.00 28694.00
26772.00 28668.00
26852.00 28649.00
26883.00 28607.00
26906.00 28575.00
26950.00 28574.00
26971.00 28546.00
27008.00 28538.00
27046.00 28494.00
27047.00 28487.00
27100.00 28486.00
27105.00 28473.00
27127.00 28434.00
27149.00 28405.00
27199.00 28385.00
27215.00 28339.00
27253.00 28300.00
27294.00 28281.00
27348.00 28279.00
27380.00 28238.00
27419.00 28207.00
27478.00 28173.00
27530.00 28131.00
27571.00 28105.00
27577.00 28087.00
27633.00 28045.00
27680.00 27990.00
27716.00 27971.00
27727.00 27940.00
27760.00 27936.00
27781.00 27922.00
27788.00 27873.00
27797.00 27863.00
27843.00 27861.00
27876.00 27826.00
27918.00 27793.00
27933.00 27755.00
27947.00 27744.00
27992.00 27718.00
28051.00 27695.00
28088.00 27649.00
28102.00 27613.00
28139.00 27606.00
28150.00 27560.00
28184.00 27505.00
28231.00 27502.00
28238.00 27488.00
28283.00 27429.00
28284.00 27376.00
28317.00 27337.00
28318.00 27312.00
28360.00 27290.00
28374.00 27219.00
28385.00 27213.00
28432.00 27192.00
28444.00 27190.00
28455.00 27155.00
28478.00 27118.00
28498.00 27084.00
28539.00 27059.00
28549.00 27004.00
28572.00 26946.00
28584.00 26944.00
28620.00 26903.00
28628.00 26895.00
28668.00 26864.00
28697.00 26795.00
28711.00 26738.00
28754.00 26713.00
28771.00 26634.00
28803.00 26598.00
28816.00 26526.00
28819.00 26473.00
28826.00 26373.00
28843.00 26354.00
28881.00 26349.00
26165.00 28819.00
26230.00 28810.00
26286.00 28803.00
26302.00 28783.00
26444.00 28777.00
26493.00 28762.00
26546.00 28714.00
26613.00 28677.00
26678.00 28672.00
26693.00 28654.00
26800.00 28615.00
26805.00 28611.00
26869.00 28602.00
26932.00 28545.00
26997.00 28541.00
27016.00 28503.00
27055.00 28481.00
27060.00 28459.00
27114.00 28446.00
27153.00 28432.00
27209.00 28397.00
27223.00 28373.00
27247.00 28359.00
27260.00 28333.00
27359.00 28290.00
27386.00 28252.00
27424.00 28248.00
27464.00 28204.00
27473.00 28188.00
27517.00 28174.00
27528.00 28155.00
27555.00 28127.00
27565.00 28090.00
27602.00 28075.00
27664.00 28067.00
27686.00 28048.00
27694.00 27993.00
27727.00 27984.00
27755.00 27949.00
27784.00 27929.00
27843.00 27907.00
27877.00 27891.00
27897.00 27843.00
27948.00 27804.00
27949.00 27749.00
27965.00 27719.00
27994.00 27678.00
28033.00 27641.00
28055.00 27608.00
28085.00 27605.00
28096.00 27552.00
28113.00 27547.00
28162.00 27527.00
28168.00 27464.00
28219.00 27423.00
28255.00 27399.00
28278.00 27395.00
28283.00 27336.00
28344.00 27311.00
28378.00 27261.00
28403.00 27192.00
28442.00 27152.00
28451.00 27122.00
28481.00 27078.00
28502.00 27077.00
28538.00 27013.00
28560.00 26976.00
28561.00 26929.00
28583.00 26897.00
28587.00 26888.00
28631.00 26858.00
28638.00 26772.00
28650.00 26697.00
28680.00 26642.00
28694.00 26586.00
28710.00 26559.00
28754.00 26490.00
28757.00 26443.00
28777.00 26432.00
28819.00 26390.00
28841.00 26331.00
28853.00 26246.00
28876.00 26209.00
26236.00 28891.00
26309.00 28867.00
26466.00 28863.00
26510.00 28846.00
26570.00 28840.00
26571.00 28800.00
26633.00 28791.00
26642.00 28776.00
26698.00 28763.00
26747.00 28748.00
26754.00 28719.00
26803.00 28694.00
26851.00 28675.00
26894.00 28666.00
26941.00 28639.00
26983.00 28603.00
27012.00 28591.00
27076.00 28575.00
27096.00 28546.00
27139.00 28526.00
27146.00 28511.00
27198.00 28493.00
27221.00 28460.00
27256.00 28451.00
27275.00 28428.00
27310.00 28408.00
27336.00 28373.00
27356.00 28325.00
27414.00 28300.00
27450.00 28265.00
27481.00 28234.00
27526.00 28219.00
27536.00 28193.00
27556.00 28145.00
27596.00 28130.00
27624.00 28089.00
27665.00 28063.00
27683.00 28027.00
27725.00 27996.00
27738.00 27972.00
27772.00 27942.00
27791.00 27934.00
27826.00 27887.00
27833.00 27880.00
27858.00 27862.00
27905.00 27829.00
27937.00 27788.00
27967.00 27733.00
27995.00 27727.00
28023.00 27687.00
28053.00 27624.00
28070.00 27594.00
28079.00 27561.00
28136.00 27559.00
28164.00 27508.00
28191.00 27471.00
28217.00 27444.00
28249.00 27403.00
28271.00 27343.00
28315.00 27287.00
28332.00 27239.00
28355.00 27215.00
28360.00 27177.00
28394.00 27168.00
28423.00 27125.00
28447.00 27099.00
28456.00 27043.00
28459.00 27021.00
28518.00 26998.00
28533.00 26939.00
28562.00 26877.00
28589.00 26863.00
28611.00 26808.00
28636.00 26753.00
28653.00 26682.00
28672.00 26668.00
28691.00 26635.00
28697.00 26583.00
28719.00 26575.00
28728.00 26554.00
28757.00 26508.00
28765.00 26450.00
26230.00 28900.00
26258.00 28875.00
26313.00 28872.00
26390.00 28853.00
26428.00 28823.00
26488.00 28816.00
26521.00 28791.00
26557.00 28777.00
26638.00 28741.00
26642.00 28726.00
26666.00 28708.00
26720.00 28693.00
26777.00 28684.00
26813.00 28645.00
26817.00 28638.00
26879.00 28633.00
26888.00 28625.00
26899.00 28584.00
26960.00 28557.00
27006.00 28549.00
27036.00 28525.00
27101.00 28524.00
27117.00 28507.00
27175.00 28492.00
27210.00 28484.00
27215.00 28441.00
27233.00 28439.00
27296.00 28396.00
27362.00 28371.00
27417.00 28327.00
27441.00 28266.00
27451.00 28260.00
27498.00 28258.00
27545.00 28236.00
27565.00 28188.00
27590.00 28170.00
27653.00 28096.00
27699.00 28075.00
27712.00 28030.00
27763.00 28006.00
27812.00 27962.00
27831.00 27914.00
27864.00 27889.00
27894.00 27824.00
27922.00 27820.00
27957.00 27800.00
27993.00 27748.00
28031.00 27704.00
28039.00 27647.00
28067.00 27645.00
28113.00 27630.00
28131.00 27587.00
28140.00 27573.00
28143.00 27533.00
28178.00 27486.00
28194.00 27484.00
28244.00 27435.00
28259.00 27380.00
28273.00 27348.00
28285.00 27315.00
28318.00 27304.00
28359.00 27251.00
28391.00 27211.00
28410.00 27189.00
28441.00 27156.00
28454.00 27117.00
28483.00 27055.00
28500.00 26995.00
28542.00 26977.00
28600.00 26921.00
28620.00 26873.00
28643.00 26799.00
28663.00 26754.00
28699.00 26714.00
28745.00 26681.00
28748.00 26598.00
28753.00 26514.00
28779.00 26483.00
28810.00 26413.00
26794.00 28634.00
26814.00 28602.00
26880.00 28601.00
26904.00 28581.00
26962.00 28567.00
27010.00 28521.00
27045.00 28517.00
27084.00 28516.00
27094.00 28476.00
27149.00 28470.00
27156.00 28455.00
27222.00 28426.00
27230.00 28372.00
27273.00 28371.00
27292.00 28339.00
27327.00 28292.00
27369.00 28281.00
27408.00 28257.00
27449.00 28206.00
27479.00 28167.00
27523.00 28132.00
27563.00 28083.00
27573.00 28034.00
27578.00 28015.00
27618.00 28012.00
27648.00 27991.00
27663.00 27948.00
27722.00 27929.00
27730.00 27879.00
27776.00 27876.00
27793.00 27831.00
27809.00 27814.00
27866.00 27809.00
27875.00 27803.00
27898.00 27750.00
27915.00 27744.00
27958.00 27681.00
27985.00 27615.00
28044.00 27611.00
28095.00 27540.00
28100.00 27500.00
28154.00 27478.00
28173.00 27455.00
28190.00 27414.00
28242.00 27397.00
28257.00 27363.00
28310.00 27300.00
28340.00 27283.00
28347.00 27246.00
28362.00 27223.00
28396.00 27190.00
28425.00 27130.00
28432.00 27126.00
28461.00 27067.00
28516.00 27055.00
28532.00 26974.00
28542.00 26955.00
28569.00 26943.00
28580.00 26933.00
28616.00 26878.00
28636.00 26836.00
28660.00 26794.00
28674.00 26787.00
28704.00 26751.00
28726.00 26696.00
28754.00 26653.00
28761.00 26590.00
28791.00 26559.00
28803.00 26517.00
28838.00 26507.00
28849.00 26441.00
28873.00 26432.00
28914.00 26386.00
28932.00 26244.00
28991.00 26177.00
29006.00 26116.00
29023.00 26054.00
29044.00 26052.00
29065.00 26031.00
29070.00 25974.00
29073.00 25915.00
29117.00 25893.00
29140.00 25810.00
26625.00 28820.00
26678.00 28784.00
26689.00 28771.00
26734.00 28734.00
26783.00 28703.00
26824.00 28689.00
26855.00 28686.00
26866.00 28634.00
26883.00 28604.00
26965.00 28589.00
27002.00 28579.00
27013.00 28559.00
27044.00 28539.00
27098.00 28497.00
27147.00 28462.00
27190.00 28426.00
27214.00 28404.00
27223.00 28364.00
27279.00 28360.00
27333.00 28339.00
27385.00 28281.00
27421.00 28261.00
27440.00 28224.00
27495.00 28223.00
27503.00 28188.00
27539.00 28168.00
27549.00 28119.00
27597.00 28111.00
27646.00 28057.00
27716.00 28038.00
27719.00 27996.00
27767.00 27978.00
27791.00 27943.00
27821.00 27927.00
27824.00 27894.00
27854.00 27888.00
27899.00 27862.00
27930.00 27828.00
27945.00 27773.00
27985.00 27765.00
28007.00 27714.00
28042.00 27710.00
28057.00 27663.00
28092.00 27644.00
28133.00 27578.00
28178.00 27529.00
28179.00 27525.00
28195.00 27470.00
28219.00 27444.00
28246.00 27401.00
28282.00 27383.00
28299.00 27375.00
28307.00 27319.00
28329.00 27292.00
28397.00 27259.00
28400.00 27241.00
28406.00 27186.00
28422.00 27176.00
28457.00 27157.00
28461.00 27130.00
28472.00 27073.00
28487.00 27055.00
28546.00 27032.00
28554.00 26993.00
28583.00 26962.00
28604.00 26833.00
28644.00 26788.00
28661.00 26728.00
28673.00 26674.00
28707.00 26638.00
28713.00 26615.00
28740.00 26573.00
28754.00 26532.00
28809.00 26451.00
28817.00 26412.00
28851.00 26327.00
28867.00 26165.00
28921.00 26144.00
28925.00 26009.00
28972.00 25999.00
28978.00 25947.00
28995.00 25942.00
29010.00 25856.00
26876.00 28524.00
26893.00 28519.00
26943.00 28504.00
26971.00 28477.00
27007.00 28466.00
27048.00 28440.00
27060.00 28419.00
27107.00 28408.00
27133.00 28382.00
27188.00 28367.00
27195.00 28342.00
27238.00 28333.00
27287.00 28318.00
27316.00 28312.00
27343.00 28275.00
27377.00 28254.00
27384.00 28230.00
27385.00 28215.00
27415.00 28210.00
27430.00 28187.00
27466.00 28184.00
27490.00 28165.00
27500.00 28133.00
27524.00 28131.00
27538.00 28121.00
27561.00 28070.00
27595.00 28049.00
27633.00 28017.00
27636.00 27993.00
27672.00 27992.00
27717.00 27950.00
27725.00 27921.00
27748.00 27909.00
27768.00 27902.00
27795.00 27879.00
27798.00 27862.00
27838.00 27860.00
27852.00 27850.00
27869.00 27836.00
27892.00 27821.00
27933.00 27795.00
27974.00 27744.00
27993.00 27673.00
28030.00 27669.00
28058.00 27658.00
28061.00 27604.00
28111.00 27592.00
28120.00 27552.00
28150.00 27541.00
28175.00 27510.00
28194.00 27480.00
28206.00 27402.00
28219.00 27393.00
28248.00 27372.00
28253.00 27345.00
28273.00 27343.00
28284.00 27329.00
28285.00 27259.00
28306.00 27236.00
28332.00 27226.00
28339.00 27146.00
28353.00 27108.00
28366.00 27091.00
28369.00 27032.00
28409.00 27023.00
28447.00 26973.00
28482.00 26926.00
28504.00 26898.00
28536.00 26785.00
28545.00 26733.00
28585.00 26726.00
28592.00 26681.00
28605.00 26666.00
28607.00 26587.00
28616.00 26586.00
28624.00 26506.00
28649.00 26468.00
28673.00 26441.00
28683.00 26379.00
28710.00 26366.00
28729.00 26332.00
